wt=151330836, DLLFiFo=0
-25.6414 0000 92.4231 97
-25.6094 0000 92.4739 93
-25.5762 0000 92.5162 96
-25.5410 0000 92.5457 109
-25.5015 0000 92.5451 96
-25.4613 0000 92.5402 80
-25.4206 0000 92.5310 73
-25.3754 0000 92.4917 77
-25.3281 0000 92.4375 90
-25.2874 0000 92.4283 109
-25.2467 0000 92.4192 116
-25.2041 0000 92.3971 120
-25.1640 0000 92.3922 97
-25.1211 0000 92.3680 78
-25.0788 0000 92.3481 103
-25.0396 0000 92.3497 125
-25.0020 0000 92.3619 114
-24.9634 0000 92.3678 108
-24.9260 0000 92.3822 105
-24.8935 0000 92.4309 115
-24.8577 0000 92.4560 120
-24.8194 0000 92.4640 121
-24.7865 0000 92.5106 119
-24.7476 0000 92.5143 126
-24.7093 0000 92.5223 132
-24.6706 0000 92.5282 123
-24.6323 0000 92.5362 111
-24.6021 0000 92.6022 126
-24.5646 0000 92.6167 159
-24.5254 0000 92.6183 192
-24.4846 0000 92.6091 226
-24.4432 0000 92.5956 239
-24.4031 0000 92.5907 207
-24.3638 0000 92.5923 154
-24.3245 0000 92.5939 120
-24.2856 0000 92.5976 105
-24.2460 0000 92.5971 104
-24.2094 0000 92.6180 119
-24.1701 0000 92.6196 120
-24.1308 0000 92.6212 120
-24.0912 0000 92.6206 119
-24.0516 0000 92.6201 113
-24.0121 0000 92.6195 120
-23.9737 0000 92.6276 144
-23.9387 0000 92.6615 141
-23.9035 0000 92.6932 170
-23.8622 0000 92.6798 190
-23.8220 0000 92.6749 215
-23.7818 0000 92.6701 211
-23.7410 0000 92.6609 191
-23.6991 0000 92.6432 161
-23.6526 0000 92.5910 133
-23.6087 0000 92.5581 124
-23.5688 0000 92.5555 105
-23.5298 0000 92.5592 87
-23.4939 0000 92.5867 84
-23.4557 0000 92.5969 88
-23.4190 0000 92.6180 91
-23.3805 0000 92.6261 103
-23.3392 0000 92.6126 105
-23.3024 0000 92.6337 119
-23.2637 0000 92.6396 123
-23.2269 0000 92.6607 127
-23.1904 0000 92.6839 163
-23.1547 0000 92.7136 161
-23.1170 0000 92.7282 177
-23.0774 0000 92.7277 175
-23.0366 0000 92.7186 148
-22.9955 0000 92.7074 127
-22.9553 0000 92.7026 119
-22.9162 0000 92.7064 109
-22.8777 0000 92.7146 105
-22.8389 0000 92.7206 115
-22.7989 0000 92.7180 117
-22.7565 0000 92.6960 118
-22.7196 0000 92.7171 109
-22.6838 0000 92.7469 118
-22.6438 0000 92.7443 150
-22.5995 0000 92.7072 185
-22.5557 0000 92.6744 229
-22.5163 0000 92.6761 231
-22.4772 0000 92.6800 188
-22.4369 0000 92.6752 131
-22.3918 0000 92.6317 98
-22.3423 0000 92.5537 88
-22.2926 0000 92.4736 118
-22.2497 0000 92.4474 128
-22.2098 0000 92.4448 146
-22.1716 0000 92.4552 154
-22.1330 0000 92.4634 135
-22.0988 0000 92.5060 111
-22.0602 0000 92.5142 107
-22.0208 0000 92.5159 110
-21.9828 0000 92.5285 113
-21.9407 0000 92.5087 114
-21.9002 0000 92.5018 112
-21.8603 0000 92.4993 116
-21.8207 0000 92.4989 122
-21.7815 0000 92.5028 111
-21.7424 0000 92.5067 124
-21.7025 0000 92.5042 126
-21.6639 0000 92.5124 124
-21.6189 0000 92.4689 110
-21.5772 0000 92.4513 94
-21.5338 0000 92.4208 79
-21.4882 0000 92.3710 69
-21.4522 0000 92.4007 93
-21.4157 0000 92.4261 99
-21.3786 0000 92.4473 90
-21.3442 0000 92.4899 86
-21.3123 0000 92.5541 98
-21.2729 0000 92.5559 112
-21.2332 0000 92.5555 119
-21.1925 0000 92.5465 118
-21.1492 0000 92.5160 129
-21.1066 0000 92.4919 133
-21.0662 0000 92.4851 145
-21.0263 0000 92.4826 141
-20.9876 0000 92.4908 156
-20.9523 0000 92.5270 179
-20.9105 0000 92.5094 161
-20.8673 0000 92.4789 147
-20.8243 0000 92.4505 129
-20.7839 0000 92.4437 113
-20.7397 0000 92.4046 114
-20.6995 0000 92.3999 136
-20.6593 0000 92.3952 181
-20.6194 0000 92.3927 222
-20.5800 0000 92.3945 219
-20.5426 0000 92.4135 182
-20.5031 0000 92.4152 202
-20.4627 0000 92.4084 218
-20.4233 0000 92.4102 208
-20.3846 0000 92.4184 199
-20.3454 0000 92.4223 181
-20.3055 0000 92.4198 156
-20.2636 0000 92.4000 155
-20.2200 0000 92.3652 136
-20.1710 0000 92.2831 129
-20.1252 0000 92.2291 142
-20.0841 0000 92.2158 181
-20.0501 0000 92.2648 182
-20.0114 0000 92.2730 183
-19.9718 0000 92.2726 182
-19.9304 0000 92.2571 180
-19.8927 0000 92.2739 141
-19.8540 0000 92.2821 134
-19.8204 0000 92.3354 133
-19.7884 0000 92.4039 144
-19.7536 0000 92.4465 160
-19.7144 0000 92.4504 169
-19.6732 0000 92.4371 164
-19.6206 0000 92.3205 176
-19.5683 0000 92.2063 242
-19.5258 0000 92.1801 271
-19.4864 0000 92.1819 213
-19.4446 0000 92.1621 149
-19.4019 0000 92.1338 125
-19.3618 0000 92.1291 125
-19.3208 0000 92.1159 162
-19.2802 0000 92.1069 186
-19.2392 0000 92.0936 220
-19.1993 0000 92.0910 238
-19.1607 0000 92.0992 207
-19.1215 0000 92.1031 155
-19.0846 0000 92.1284 117
-19.0524 0000 92.1967 117
-19.0190 0000 92.2542 126
-18.9803 0000 92.2624 131
-18.9434 0000 92.2878 131
-18.9039 0000 92.2895 146
-18.8633 0000 92.2805 167
-18.8232 0000 92.2758 188
-18.7829 0000 92.2689 206
-18.7398 0000 92.2363 234
-18.6978 0000 92.2144 213
-18.6579 0000 92.2118 177
-18.6176 0000 92.2050 146
-18.5804 0000 92.2282 153
-18.5466 0000 92.2836 150
-18.5157 0000 92.3670 152
-18.4751 0000 92.3580 164
-18.4298 0000 92.3039 177
-18.3762 0000 92.1703 196
-18.3339 0000 92.1441 214
-18.2949 0000 92.1501 224
-18.2557 0000 92.1540 234
-18.2169 0000 92.1622 237
-18.1788 0000 92.1768 228
-18.1439 0000 92.2236 228
-18.1071 0000 92.2511 257
-18.0681 0000 92.2571 237
-18.0273 0000 92.2460 198
-17.9861 0000 92.2305 183
-17.9473 0000 92.2387 190
-17.9093 0000 92.2555 195
-17.8703 0000 92.2615 208
-17.8308 0000 92.2632 247
-17.7924 0000 92.2757 269
-17.7538 0000 92.2861 237
-17.7134 0000 92.2792 194
-17.6718 0000 92.2594 162
-17.6301 0000 92.2397 134
-17.5872 0000 92.2070 129
-17.5471 0000 92.2023 128
-17.5061 0000 92.1890 139
-17.4666 0000 92.1908 131
-17.4267 0000 92.1882 108
-17.3891 0000 92.2093 84
-17.3509 0000 92.2239 110
-17.3116 0000 92.2278 147
-17.2738 0000 92.2467 149
-17.2353 0000 92.2592 153
-17.1962 0000 92.2653 141
-17.1578 0000 92.2778 174
-17.1193 0000 92.2903 190
-17.0808 0000 92.3028 187
-17.0442 0000 92.3346 155
-17.0053 0000 92.3428 134
-16.9684 0000 92.3726 146
-16.9292 0000 92.3786 171
-16.8897 0000 92.3804 170
-16.8497 0000 92.3778 148
-16.8087 0000 92.3645 141
-16.7708 0000 92.3835 134
-16.7286 0000 92.3573 117
-16.6894 0000 92.3633 163
-16.6501 0000 92.3672 221
-16.6103 0000 92.3668 249
-16.5707 0000 92.3686 296
-16.5308 0000 92.3660 317
-16.4904 0000 92.3592 263
-16.4514 0000 92.3674 224
-16.4130 0000 92.3821 198
-16.3734 0000 92.3838 192
-16.3343 0000 92.3899 161
-16.2957 0000 92.4024 142
-16.2553 0000 92.3956 134
-16.2155 0000 92.3952 139
-16.1847 0000 92.4939 133
-16.1537 0000 92.5906 165
-16.1213 0000 92.6723 204
-16.0824 0000 92.6828 223
-16.0432 0000 92.6889 235
-16.0052 0000 92.7101 257
-15.9673 0000 92.7313 238
-15.9282 0000 92.7396 239
-15.8914 0000 92.7738 222
-15.8544 0000 92.8059 220
-15.8148 0000 92.8099 206
-15.7745 0000 92.8051 197
-15.7356 0000 92.8156 212
-15.6980 0000 92.8412 274
-15.6607 0000 92.8711 358
-15.6206 0000 92.8686 363
-15.5801 0000 92.8617 328
-15.5379 0000 92.8353 277
-15.4998 0000 92.8566 301
-15.4625 0000 92.8866 275
-15.4248 0000 92.9122 273
-15.3853 0000 92.9161 271
-15.3457 0000 92.9201 262
-15.3065 0000 92.9284 211
-15.2687 0000 92.9540 159
-15.2291 0000 92.9580 124
-15.1897 0000 92.9641 128
-15.1518 0000 92.9876 134
-15.1101 0000 92.9677 165
-15.0760 0000 93.0368 188
-15.0422 0000 93.1103 228
-15.0078 0000 93.1773 251
-14.9676 0000 93.1747 274
-14.9253 0000 93.1461 284
-14.8854 0000 93.1479 291
-14.8450 0000 93.1431 307
-14.8045 0000 93.1362 288
-14.7625 0000 93.1119 240
-14.7228 0000 93.1159 191
-14.6847 0000 93.1394 192
-14.6442 0000 93.1325 194
-14.6033 0000 93.1213 206
-14.5616 0000 93.1013 179
-14.5220 0000 93.1053 157
-14.4818 0000 93.1027 159
-14.4416 0000 93.1001 169
-14.4045 0000 93.1367 169
-14.3671 0000 93.1690 184
-14.3279 0000 93.1795 169
-14.2887 0000 93.1900 151
-14.2495 0000 93.2005 149
-14.2113 0000 93.2240 155
-14.1713 0000 93.2236 188
-14.1310 0000 93.2211 249
-14.0894 0000 93.2011 367
-14.0484 0000 93.1877 475
-14.0081 0000 93.1851 538
-13.9691 0000 93.1978 506
-13.9307 0000 93.2192 415
-13.8920 0000 93.2362 452
-13.8527 0000 93.2467 501
-13.8127 0000 93.2463 548
-13.7724 0000 93.2437 519
-13.7333 0000 93.2564 450
-13.6952 0000 93.2822 331
-13.6567 0000 93.3014 255
-13.6156 0000 93.2879 215
-13.5756 0000 93.2897 186
-13.5354 0000 93.2872 156
-13.4959 0000 93.2955 127
-13.4604 0000 93.3562 110
-13.4232 0000 93.3951 103
-13.3854 0000 93.4252 127
-13.3464 0000 93.4401 153
-13.3071 0000 93.4506 166
-13.2682 0000 93.4677 152
-13.2268 0000 93.4499 149
-13.1863 0000 93.4451 113
-13.1492 0000 93.4862 92
-13.1075 0000 93.4640 93
-13.0667 0000 93.4549 129
-13.0263 0000 93.4501 186
-12.9865 0000 93.4541 252
-12.9466 0000 93.4580 265
-12.9068 0000 93.4620 198
-12.8681 0000 93.4813 160
-12.8290 0000 93.4962 147
-12.7915 0000 93.5330 134
-12.7530 0000 93.5566 140
-12.7129 0000 93.5562 119
-12.6742 0000 93.5777 100
-12.6345 0000 93.5839 102
-12.5937 0000 93.5747 112
-12.5530 0000 93.5656 123
-12.5119 0000 93.5520 114
-12.4743 0000 93.5888 87
-12.4370 0000 93.6300 93
-12.3969 0000 93.6318 80
-12.3559 0000 93.6183 75
-12.3133 0000 93.5829 87
-12.2726 0000 93.5759 128
-12.2313 0000 93.5580 129
-12.1907 0000 93.5510 108
-12.1486 0000 93.5222 89
-12.1081 0000 93.5174 70
-12.0678 0000 93.5148 65
-12.0301 0000 93.5516 63
-11.9924 0000 93.5884 77
-11.9528 0000 93.5967 96
-11.9125 0000 93.5941 91
-11.8697 0000 93.5544 102
-11.8255 0000 93.4927 107
-11.7790 0000 93.3962 145
-11.7373 0000 93.3718 156
-11.6960 0000 93.3539 168
-11.6569 0000 93.3688 152
-11.6173 0000 93.3771 150
-11.5834 0000 93.4728 118
-11.5494 0000 93.5686 107
-11.5114 0000 93.6032 114
-11.4725 0000 93.6225 124
-11.4320 0000 93.6177 117
-11.3899 0000 93.5867 101
-11.3475 0000 93.5513 105
-11.3065 0000 93.5377 123
-11.2662 0000 93.5351 164
-11.2260 0000 93.5347 195
-11.1862 0000 93.5409 186
-11.1452 0000 93.5274 150
-11.1046 0000 93.5204 143
-11.0639 0000 93.5112 146
-11.0234 0000 93.5043 152
-10.9833 0000 93.5061 154
-10.9451 0000 93.5384 144
-10.9051 0000 93.5402 146
-10.8637 0000 93.5201 182
-10.8222 0000 93.4979 243
-10.7822 0000 93.4996 202
-10.7420 0000 93.4992 121
-10.7035 0000 93.5273 86
-10.6691 0000 93.6253 76
-10.6293 0000 93.6315 84
-10.5887 0000 93.6245 89
-10.5443 0000 93.5519 100
-10.5008 0000 93.4946 130
-10.4605 0000 93.4920 170
-10.4199 0000 93.4851 197
-10.3781 0000 93.4563 182
-10.3365 0000 93.4297 179
-10.2959 0000 93.4227 163
-10.2556 0000 93.4201 167
-10.2155 0000 93.4197 196
-10.1750 0000 93.4128 223
-10.1347 0000 93.4102 247
-10.0945 0000 93.4098 266
-10.0534 0000 93.3919 255
-10.0131 0000 93.3893 255
-9.9731 0000 93.3911 228
-9.9339 0000 93.4082 203
-9.8933 0000 93.4013 189
-9.8526 0000 93.3899 188
-9.8127 0000 93.3939 189
-9.7728 0000 93.4001 210
-9.7308 0000 93.3647 225
-9.6902 0000 93.3556 207
-9.6491 0000 93.3378 180
-9.6067 0000 93.2938 174
-9.5662 0000 93.2868 181
-9.5255 0000 93.2755 195
-9.4851 0000 93.2708 208
-9.4462 0000 93.2944 190
-9.4065 0000 93.3027 176
-9.3681 0000 93.3351 165
-9.3281 0000 93.3390 161
-9.2878 0000 93.3343 152
-9.2459 0000 93.2990 153
-9.2052 0000 93.2877 163
-9.1638 0000 93.2633 210
-9.1235 0000 93.2586 262
-9.0832 0000 93.2560 307
-9.0443 0000 93.2796 318
-9.0033 0000 93.2618 311
-8.9628 0000 93.2549 305
-8.9215 0000 93.2305 308
-8.8812 0000 93.2258 274
-8.8408 0000 93.2189 238
-8.7994 0000 93.1924 252
-8.7591 0000 93.1876 257
-8.7190 0000 93.1894 263
-8.6781 0000 93.1716 255
-8.6367 0000 93.1429 273
-8.5951 0000 93.1121 241
-8.5548 0000 93.1074 229
-8.5146 0000 93.1048 203
-8.4742 0000 93.0979 175
-8.4315 0000 93.0410 161
-8.3910 0000 93.0297 163
-8.3497 0000 93.0033 192
-8.3098 0000 93.0072 242
-8.2708 0000 93.0308 274
-8.2308 0000 93.0326 278
-8.1906 0000 93.0300 242
-8.1513 0000 93.0471 210
-8.1113 0000 93.0489 174
-8.0709 0000 93.0398 159
-8.0286 0000 92.9894 157
-7.9881 0000 92.9782 158
-7.9482 0000 92.9822 173
-7.9087 0000 92.9970 190
-7.8691 0000 93.0075 183
-7.8301 0000 93.0333 198
-7.7902 0000 93.0372 200
-7.7497 0000 93.0260 165
-7.7083 0000 92.9952 100
-7.6680 0000 92.9883 77
-7.6276 0000 92.9814 58
-7.5863 0000 92.9485 55
-7.5460 0000 92.9438 55
-7.5058 0000 92.9412 60
-7.4659 0000 92.9430 75
-7.4260 0000 92.9470 80
-7.3872 0000 92.9793 79
-7.3474 0000 92.9876 98
-7.3083 0000 93.0133 119
-7.2687 0000 93.0238 151
-7.2287 0000 93.0257 145
-7.1884 0000 93.0210 113
-7.1482 0000 93.0184 105
-7.1085 0000 93.0268 117
-7.0694 0000 93.0547 112
-7.0295 0000 93.0587 103
-6.9903 0000 93.0823 98
-6.9503 0000 93.0863 100
-6.9116 0000 93.1251 126
-6.8730 0000 93.1662 190
-6.8331 0000 93.1723 219
-6.7927 0000 93.1655 222
-6.7515 0000 93.1346 209
-6.7109 0000 93.1190 247
-6.6707 0000 93.1187 347
-6.6314 0000 93.1423 426
-6.5917 0000 93.1528 451
-6.5518 0000 93.1612 414
-6.5125 0000 93.1848 347
-6.4724 0000 93.1845 338
-6.4320 0000 93.1754 281
-6.3915 0000 93.1663 247
-6.3513 0000 93.1638 218
-6.3101 0000 93.1308 187
-6.2698 0000 93.1239 184
-6.2295 0000 93.1171 189
-6.1893 0000 93.1167 171
-6.1493 0000 93.1207 151
-6.1099 0000 93.1422 151
-6.0705 0000 93.1658 137
-6.0305 0000 93.1676 155
-5.9895 0000 93.1411 178
-5.9482 0000 93.1016 226
-5.9071 0000 93.0708 221
-5.8675 0000 93.0879 209
-5.8295 0000 93.1572 166
-5.7907 0000 93.2005 152
-5.7481 0000 93.1195 171
-5.7060 0000 93.0517 210
-5.6658 0000 93.0470 252
-5.6251 0000 93.0249 281
-5.5848 0000 93.0202 322
-5.5442 0000 93.0025 352
-5.5044 0000 93.0108 325
-5.4657 0000 93.0605 272
-5.4266 0000 93.0994 215
-5.3880 0000 93.1535 214
-5.3496 0000 93.2186 235
-5.3099 0000 93.2335 348
-5.2691 0000 93.2092 471
-5.2289 0000 93.2088 584
-5.1889 0000 93.2129 616
-5.1491 0000 93.2278 659
-5.1091 0000 93.2318 582
-5.0693 0000 93.2446 438
-5.0297 0000 93.2661 286
-4.9897 0000 93.2723 237
-4.9501 0000 93.2981 231
-4.9101 0000 93.3022 193
-4.8700 0000 93.3062 158
-4.8300 0000 93.3124 157
-4.7899 0000 93.3143 178
-4.7495 0000 93.3052 176
-4.7080 0000 93.2503 140
-4.6658 0000 93.1628 114
-4.6239 0000 93.0840 107
-4.5825 0000 93.0271 87
-4.5417 0000 92.9941 69
-4.5014 0000 92.9851 57
-4.4612 0000 92.9848 51
-4.4229 0000 93.0650 53
-4.3843 0000 93.1365 67
-4.3449 0000 93.1689 79
-4.3050 0000 93.1816 100
-4.2655 0000 93.2140 138
-4.2259 0000 93.2376 150
-4.1859 0000 93.2460 150
-4.1458 0000 93.2501 119
-4.1061 0000 93.2738 97
-4.0660 0000 93.2778 81
-4.0264 0000 93.3037 71
-3.9864 0000 93.3142 76
-3.9469 0000 93.3510 97
-3.9073 0000 93.3791 108
-3.8672 0000 93.3875 116
-3.8278 0000 93.4309 122
-3.7876 0000 93.4284 142
-3.7465 0000 93.3800 193
-3.7062 0000 93.3731 246
-3.6661 0000 93.3793 249
-3.6267 0000 93.4249 222
-3.5867 0000 93.4355 196
-3.5466 0000 93.4461 168
-3.5065 0000 93.4524 145
-3.4667 0000 93.4761 152
-3.4265 0000 93.4780 158
-3.3863 0000 93.4754 153
-3.3461 0000 93.4773 137
-3.3059 0000 93.4770 138
-3.2656 0000 93.4767 163
-3.2256 0000 93.4916 155
-3.1856 0000 93.5023 137
-3.1455 0000 93.5107 133
-3.1056 0000 93.5344 143
-3.0652 0000 93.5210 157
-3.0249 0000 93.5163 121
-2.9845 0000 93.5072 91
-2.9442 0000 93.5025 87
-2.9040 0000 93.5022 95
-2.8637 0000 93.4997 134
-2.8235 0000 93.5015 195
-2.7834 0000 93.5099 229
-2.7435 0000 93.5315 194
-2.7037 0000 93.5684 202
-2.6637 0000 93.5922 219
-2.6240 0000 93.6379 203
-2.5839 0000 93.6573 167
-2.5441 0000 93.7030 143
-2.5040 0000 93.7203 120
-2.4640 0000 93.7441 95
-2.4237 0000 93.7416 68
-2.3834 0000 93.7412 57
-2.3434 0000 93.7716 56
-2.3033 0000 93.7845 73
-2.2633 0000 93.8215 99
-2.2235 0000 93.8783 123
-2.1835 0000 93.9176 131
-2.1432 0000 93.9195 155
-2.1028 0000 93.9103 165
-2.0625 0000 93.9056 155
-2.0222 0000 93.9163 151
-1.9820 0000 93.9292 155
-1.9418 0000 93.9398 156
-1.9017 0000 93.9791 161
-1.8614 0000 93.9854 163
-1.8213 0000 94.0115 142
-1.7811 0000 94.0420 146
-1.7410 0000 94.0769 146
-1.7008 0000 94.1096 161
-1.6605 0000 94.1225 151
-1.6203 0000 94.1509 129
-1.5799 0000 94.1571 127
-1.5397 0000 94.1855 140
-1.4994 0000 94.1940 147
-1.4590 0000 94.2003 141
-1.4187 0000 94.2286 117
-1.3785 0000 94.2614 111
-1.3382 0000 94.3053 107
-1.2980 0000 94.3447 120
-1.2577 0000 94.3930 118
-1.2173 0000 94.3971 110
-1.1768 0000 94.3791 108
-1.1364 0000 94.3787 100
-1.0960 0000 94.3784 97
-1.0555 0000 94.3869 93
-1.0152 0000 94.4131 96
-0.9748 0000 94.4437 91
-0.9344 0000 94.5009 98
-0.8940 0000 94.5227 122
-0.8536 0000 94.5313 147
-0.8131 0000 94.5597 151
-0.7727 0000 94.5616 152
-0.7322 0000 94.5745 144
-0.6917 0000 94.6097 119
-0.6512 0000 94.6403 117
-0.6108 0000 94.6467 115
-0.5703 0000 94.6530 128
-0.5298 0000 94.6526 144
-0.4893 0000 94.6478 145
-0.4488 0000 94.6453 137
-0.4083 0000 94.6449 126
-0.3678 0000 94.6490 118
-0.3273 0000 94.6620 109
-0.2868 0000 94.6816 91
-0.2463 0000 94.6835 81
-0.2057 0000 94.7164 82
-0.1651 0000 94.7494 80
-0.1246 0000 94.7535 90
-0.0840 0000 94.7776 105
-0.0435 0000 94.7861 100
-0.0029 0000 94.7902 86
0.0377 0000 94.8143 86
0.0783 0000 94.8450 87
0.1189 0000 94.8536 100
0.1595 0000 94.8577 117
0.1999 0000 94.8351 123
0.2404 0000 94.8259 124
0.2808 0000 94.8189 127
0.3213 0000 94.8119 141
0.3618 0000 94.8071 157
0.4024 0000 94.8201 177
0.4431 0000 94.8530 182
0.4838 0000 94.8727 205
0.5243 0000 94.8701 202
0.5648 0000 94.8676 201
0.6052 0000 94.8494 181
0.6457 0000 94.8447 168
0.6861 0000 94.8265 170
0.7266 0000 94.8240 159
0.7671 0000 94.8170 141
0.8076 0000 94.8144 140
0.8481 0000 94.8140 169
0.8886 0000 94.8159 195
0.9292 0000 94.8245 188
0.9698 0000 94.8352 169
1.0108 0000 94.8793 164
1.0513 0000 94.8834 181
1.0919 0000 94.8876 190
1.1325 0000 94.8894 156
1.1729 0000 94.8846 121
1.2134 0000 94.8776 115
1.2539 0000 94.8728 121
1.2944 0000 94.8703 130
1.3349 0000 94.8722 142
1.3756 0000 94.8852 163
1.4167 0000 94.9360 193
1.4573 0000 94.9423 243
1.4981 0000 94.9576 267
1.5384 0000 94.9372 293
1.5788 0000 94.9324 252
1.6191 0000 94.9098 175
1.6592 0000 94.8806 150
1.6996 0000 94.8713 147
1.7398 0000 94.8443 184
1.7800 0000 94.8262 240
1.8207 0000 94.8392 327
1.8612 0000 94.8344 281
1.9013 0000 94.8119 193
1.9417 0000 94.8049 173
1.9822 0000 94.8001 172
2.0227 0000 94.7998 187
2.0631 0000 94.7950 191
2.1032 0000 94.7680 186
2.1432 0000 94.7366 149
2.1832 0000 94.7096 149
2.2236 0000 94.7026 140
2.2643 0000 94.7156 122
2.3049 0000 94.7219 119
2.3455 0000 94.7305 122
2.3860 0000 94.7324 125
2.4265 0000 94.7342 130
2.4670 0000 94.7317 131
2.5074 0000 94.7291 128
2.5478 0000 94.7221 135
2.5881 0000 94.7152 146
2.6282 0000 94.6948 170
2.6687 0000 94.6945 185
2.7092 0000 94.6964 206
2.7499 0000 94.7049 211
2.7905 0000 94.7113 233
2.8311 0000 94.7198 248
2.8720 0000 94.7373 247
2.9125 0000 94.7414 256
2.9531 0000 94.7433 248
2.9935 0000 94.7407 223
3.0333 0000 94.7093 214
3.0730 0000 94.6712 190
3.1128 0000 94.6399 190
3.1531 0000 94.6329 157
3.1931 0000 94.6104 132
3.2335 0000 94.6078 118
3.2741 0000 94.6142 125
3.3142 0000 94.6005 123
3.3546 0000 94.5980 134
3.3951 0000 94.5976 153
3.4355 0000 94.5973 154
3.4758 0000 94.5903 128
3.5155 0000 94.5568 124
3.5550 0000 94.5210 131
3.5955 0000 94.5207 160
3.6362 0000 94.5336 179
3.6771 0000 94.5510 213
3.7174 0000 94.5441 203
3.7573 0000 94.5238 151
3.7976 0000 94.5168 135
3.8378 0000 94.5099 131
3.8783 0000 94.5095 118
3.9174 0000 94.4583 99
3.9534 0000 94.2943 120
3.9894 0000 94.1307 200
4.0297 0000 94.1281 266
4.0697 0000 94.1124 275
4.1101 0000 94.1142 259
4.1509 0000 94.1338 216
4.1916 0000 94.1445 147
4.2351 0000 94.2545 118
4.2774 0000 94.3226 134
4.3188 0000 94.3577 170
4.3600 0000 94.3861 186
4.4014 0000 94.4190 219
4.4428 0000 94.4518 207
4.4834 0000 94.4581 190
4.5251 0000 94.4999 161
4.5656 0000 94.5018 138
4.6045 0000 94.4505 137
4.6439 0000 94.4170 162
4.6844 0000 94.4211 177
4.7250 0000 94.4274 185
4.7654 0000 94.4249 188
4.8055 0000 94.4157 196
4.8459 0000 94.4154 209
4.8864 0000 94.4173 215
4.9268 0000 94.4170 203
4.9673 0000 94.4189 178
5.0090 0000 94.4562 150
5.0516 0000 94.5223 148
5.0933 0000 94.5596 158
5.1337 0000 94.5593 159
5.1732 0000 94.5302 158
5.2135 0000 94.5254 165
5.2529 0000 94.4941 191
5.2929 0000 94.4827 243
5.3327 0000 94.4625 326
5.3728 0000 94.4533 434
5.4120 0000 94.4198 551
5.4512 0000 94.3863 530
5.4914 0000 94.3793 474
5.5319 0000 94.3812 379
5.5726 0000 94.3898 299
5.6147 0000 94.4359 246
5.6558 0000 94.4533 220
5.6973 0000 94.4840 204
5.7389 0000 94.5147 230
5.7796 0000 94.5210 248
5.8203 0000 94.5273 248
5.8615 0000 94.5492 227
5.9026 0000 94.5666 221
5.9433 0000 94.5707 195
5.9839 0000 94.5748 184
6.0246 0000 94.5812 185
6.0650 0000 94.5809 190
6.1054 0000 94.5806 197
6.1452 0000 94.5625 215
6.1854 0000 94.5578 206
6.2254 0000 94.5464 190
6.2653 0000 94.5328 189
6.3043 0000 94.4970 219
6.3447 0000 94.4967 252
6.3864 0000 94.5274 273
6.4270 0000 94.5315 279
6.4674 0000 94.5312 274
6.5082 0000 94.5398 280
6.5490 0000 94.5483 299
6.5899 0000 94.5591 313
6.6315 0000 94.5876 337
6.6731 0000 94.6139 285
6.7138 0000 94.6203 279
6.7546 0000 94.6266 287
6.7953 0000 94.6330 304
6.8374 0000 94.6704 316
6.8780 0000 94.6745 311
6.9184 0000 94.6742 285
6.9582 0000 94.6584 213
6.9984 0000 94.6537 160
7.0379 0000 94.6312 134
7.0780 0000 94.6242 115
7.1187 0000 94.6306 114
7.1605 0000 94.6591 137
7.2012 0000 94.6655 151
7.2427 0000 94.6874 143
7.2840 0000 94.7070 159
7.3250 0000 94.7178 166
7.3648 0000 94.7042 177
7.4061 0000 94.7217 219
7.4466 0000 94.7236 292
7.4872 0000 94.7255 331
7.5278 0000 94.7297 321
7.5694 0000 94.7538 310
7.6105 0000 94.7668 266
7.6515 0000 94.7777 217
7.6921 0000 94.7796 165
7.7320 0000 94.7682 128
7.7717 0000 94.7523 117
7.8107 0000 94.7232 129
7.8509 0000 94.7184 133
7.8916 0000 94.7226 159
7.9333 0000 94.7489 165
7.9751 0000 94.7753 163
8.0175 0000 94.8128 144
8.0587 0000 94.8281 173
8.0995 0000 94.8344 198
8.1412 0000 94.8586 191
8.1831 0000 94.8850 214
8.2241 0000 94.8958 234
8.2666 0000 94.9334 241
8.3099 0000 94.9887 259
8.3513 0000 95.0040 279
8.3920 0000 95.0082 295
8.4337 0000 95.0302 320
8.4742 0000 95.0299 317
8.5144 0000 95.0252 321
8.5540 0000 95.0071 294
8.5946 0000 95.0090 296
8.6348 0000 95.0043 283
8.6741 0000 94.9817 263
8.7140 0000 94.9703 236
8.7545 0000 94.9700 231
8.7978 0000 95.0210 210
8.8421 0000 95.0898 184
8.8839 0000 95.1118 175
8.9270 0000 95.1583 171
8.9678 0000 95.1625 168
9.0084 0000 95.1645 166
9.0504 0000 95.1887 148
9.0897 0000 95.1684 153
9.1300 0000 95.1636 172
9.1697 0000 95.1477 178
9.2117 0000 95.1742 197
9.2525 0000 95.1784 196
9.2930 0000 95.1781 183
9.3338 0000 95.1823 168
9.3755 0000 95.2021 168
9.4172 0000 95.2220 222
9.4594 0000 95.2485 227
9.5006 0000 95.2594 213
9.5417 0000 95.2680 201
9.5826 0000 95.2745 184
9.6245 0000 95.2965 160
9.6655 0000 95.3030 132
9.7044 0000 95.2759 116
9.7428 0000 95.2399 113
9.7814 0000 95.2083 107
9.8214 0000 95.1991 106
9.8619 0000 95.1989 129
9.9014 0000 95.1807 150
9.9412 0000 95.1693 190
9.9816 0000 95.1668 232
10.0225 0000 95.1732 273
10.0635 0000 95.1797 308
10.1053 0000 95.1995 288
10.1463 0000 95.2082 264
10.1887 0000 95.2369 251
10.2301 0000 95.2500 224
10.2712 0000 95.2587 218
10.3130 0000 95.2786 255
10.3546 0000 95.2939 230
10.3953 0000 95.2959 221
10.4362 0000 95.3023 247
10.4771 0000 95.3065 308
10.5175 0000 95.3040 336
10.5577 0000 95.2993 298
10.5971 0000 95.2812 276
10.6359 0000 95.2541 209
10.6739 0000 95.2159 196
10.7119 0000 95.1777 189
10.7516 0000 95.1640 214
10.7921 0000 95.1638 219
10.8333 0000 95.1746 192
10.8768 0000 95.2190 145
10.9191 0000 95.2456 119
10.9619 0000 95.2788 121
11.0041 0000 95.3031 112
11.0453 0000 95.3118 126
11.0860 0000 95.3137 148
11.1266 0000 95.3157 164
11.1679 0000 95.3266 179
11.2086 0000 95.3286 204
11.2483 0000 95.3149 211
11.2880 0000 95.3035 201
11.3285 0000 95.3032 200
11.3689 0000 95.3007 196
11.4093 0000 95.2982 182
11.4493 0000 95.2913 171
11.4894 0000 95.2843 175
11.5301 0000 95.2863 187
11.5709 0000 95.2905 195
11.6105 0000 95.2768 206
11.6505 0000 95.2698 190
11.6897 0000 95.2517 159
11.7317 0000 95.2715 145
11.7738 0000 95.2936 120
11.8143 0000 95.2933 124
11.8550 0000 95.2953 125
11.8958 0000 95.2995 124
11.9365 0000 95.3015 119
11.9755 0000 95.2811 114
12.0149 0000 95.2652 92
12.0543 0000 95.2493 93
12.0946 0000 95.2468 110
12.1346 0000 95.2398 110
12.1754 0000 95.2440 118
12.2169 0000 95.2572 128
12.2572 0000 95.2547 112
12.2959 0000 95.2298 98
12.3355 0000 95.2184 109
12.3745 0000 95.1981 134
12.4144 0000 95.1911 137
12.4549 0000 95.1908 145
12.4950 0000 95.1861 146
12.5336 0000 95.1613 119
12.5715 0000 95.1276 115
12.6110 0000 95.1139 106
12.6509 0000 95.1070 105
12.6900 0000 95.0889 103
12.7290 0000 95.0708 120
12.7694 0000 95.0705 129
12.8093 0000 95.0636 149
12.8491 0000 95.0544 165
12.8893 0000 95.0519 149
12.9296 0000 95.0494 124
12.9672 0000 95.0135 96
13.0009 0000 94.9287 88
13.0376 0000 94.8817 106
13.0778 0000 94.8792 116
13.1189 0000 94.8879 122
13.1621 0000 94.9232 116
13.2055 0000 94.9607 136
13.2486 0000 94.9938 139
13.2900 0000 95.0069 142
13.3304 0000 95.0066 133
13.3698 0000 94.9930 126
13.4058 0000 94.9393 123
13.4429 0000 94.8990 145
13.4805 0000 94.8654 164
13.5203 0000 94.8585 204
13.5609 0000 94.8604 236
13.6016 0000 94.8646 240
13.6419 0000 94.8643 216
13.6840 0000 94.8841 172
13.7247 0000 94.8882 156
13.7635 0000 94.8702 157
13.8029 0000 94.8588 133
13.8405 0000 94.8252 108
13.8793 0000 94.8072 90
13.9157 0000 94.7603 93
13.9555 0000 94.7534 88
13.9956 0000 94.7509 77
14.0342 0000 94.7307 76
14.0739 0000 94.7237 66
14.1049 0000 94.6149 56
14.1376 0000 94.5261 68
14.1748 0000 94.4904 104
14.2148 0000 94.4879 142
14.2560 0000 94.4987 145
14.2968 0000 94.5051 149
14.3353 0000 94.4849 182
14.3746 0000 94.4736 172
14.4144 0000 94.4689 151
14.4550 0000 94.4731 146
14.4933 0000 94.4507 130
14.5324 0000 94.4372 127
14.5702 0000 94.4104 151
14.6091 0000 94.3947 175
14.6492 0000 94.3944 192
14.6924 0000 94.4273 190
14.7340 0000 94.4425 193
14.7754 0000 94.4555 180
14.8162 0000 94.4618 151
14.8585 0000 94.4859 126
14.8997 0000 94.4966 119
14.9402 0000 94.4986 117
14.9804 0000 94.4983 120
15.0204 0000 94.4958 121
15.0603 0000 94.4933 108
15.1007 0000 94.4953 101
15.1409 0000 94.4950 100
15.1783 0000 94.4638 93
15.2150 0000 94.4260 87
15.2548 0000 94.4213 108
15.2923 0000 94.3923 130
15.3316 0000 94.3832 164
15.3720 0000 94.3851 206
15.4128 0000 94.3915 231
15.4537 0000 94.4000 221
15.4968 0000 94.4307 208
15.5397 0000 94.4591 166
15.5823 0000 94.4854 145
15.6229 0000 94.4895 118
15.6633 0000 94.4915 100
15.7014 0000 94.4691 98
15.7407 0000 94.4600 101
15.7777 0000 94.4266 101
15.8174 0000 94.4219 109
15.8573 0000 94.4194 121
15.8966 0000 94.4103 126
15.9368 0000 94.4100 123
15.9773 0000 94.4142 121
16.0175 0000 94.4139 121
16.0578 0000 94.4158 135
16.0984 0000 94.4199 157
16.1392 0000 94.4263 167
16.1814 0000 94.4481 182
16.2240 0000 94.4721 175
16.2647 0000 94.4785 192
16.3053 0000 94.4826 223
16.3457 0000 94.4846 244
16.3880 0000 94.5064 215
16.4297 0000 94.5216 190
16.4755 0000 94.5788 167
16.5201 0000 94.6228 158
16.5640 0000 94.6601 149
16.6046 0000 94.6643 150
16.6450 0000 94.6662 141
16.6852 0000 94.6659 130
16.7247 0000 94.6590 121
16.7630 0000 94.6410 119
16.7969 0000 94.5787 127
16.8364 0000 94.5718 136
16.8756 0000 94.5627 145
16.9106 0000 94.5115 151
16.9507 0000 94.5113 154
16.9908 0000 94.5110 154
17.0285 0000 94.4864 157
17.0681 0000 94.4817 151
17.1112 0000 94.5101 146
17.1579 0000 94.5739 161
17.2040 0000 94.6312 182
17.2450 0000 94.6398 205
17.2856 0000 94.6439 222
17.3260 0000 94.6458 217
17.3668 0000 94.6522 202
17.4100 0000 94.6807 205
17.4536 0000 94.7136 194
17.4975 0000 94.7488 217
17.5414 0000 94.7839 205
17.5827 0000 94.7947 197
17.6254 0000 94.8188 197
17.6694 0000 94.8540 179
17.7117 0000 94.8737 180
17.7573 0000 94.9245 199
17.7982 0000 94.9308 209
17.8393 0000 94.9394 195
17.8800 0000 94.9436 184
17.9197 0000 94.9388 178
17.9561 0000 94.9030 173
17.9943 0000 94.8850 158
18.0302 0000 94.8447 154
18.0749 0000 94.8866 152
18.1160 0000 94.8952 149
18.1574 0000 94.9060 145
18.1983 0000 94.9123 149
18.2385 0000 94.9120 157
18.2791 0000 94.9162 168
18.3203 0000 94.9248 176
18.3658 0000 94.9733 173
18.4072 0000 94.9842 165
18.4521 0000 95.0261 153
18.4930 0000 95.0325 143
18.5337 0000 95.0366 141
18.5746 0000 95.0430 145
18.6148 0000 95.0427 149
18.6548 0000 95.0402 146
18.6952 0000 95.0421 144
18.7381 0000 95.0663 161
18.7763 0000 95.0482 149
18.8185 0000 95.0657 152
18.8617 0000 95.0921 194
18.9031 0000 95.1029 204
18.9479 0000 95.1427 193
18.9924 0000 95.1803 230
19.0346 0000 95.1978 253
19.0802 0000 95.2443 260
19.1217 0000 95.2552 257
19.1647 0000 95.2794 232
19.2059 0000 95.2880 241
19.2475 0000 95.2989 268
19.2931 0000 95.3455 293
19.3333 0000 95.3452 306
19.3741 0000 95.3494 308
19.4148 0000 95.3535 293
19.4545 0000 95.3488 271
19.4940 0000 95.3418 228
19.5342 0000 95.3415 183
19.5752 0000 95.3479 185
19.6165 0000 95.3565 203
19.6594 0000 95.3786 224
19.7027 0000 95.4051 226
19.7451 0000 95.4227 245
19.7925 0000 95.4827 235
19.8356 0000 95.5070 215
19.8820 0000 95.5582 203
19.9238 0000 95.5713 192
19.9670 0000 95.5957 190
20.0076 0000 95.5976 164
20.0484 0000 95.6018 149
20.0913 0000 95.6239 151
20.1324 0000 95.6304 166
20.1759 0000 95.6569 194
20.2200 0000 95.6880 210
20.2616 0000 95.6989 240
20.3033 0000 95.7099 235
20.3492 0000 95.7567 216
20.3904 0000 95.7631 210
20.4315 0000 95.7695 206
20.4723 0000 95.7737 202
20.5129 0000 95.7757 196
20.5568 0000 95.8046 191
20.5987 0000 95.8178 166
20.6409 0000 95.8332 148
20.6867 0000 95.8778 146
20.7279 0000 95.8842 144
20.7693 0000 95.8929 134
20.8127 0000 95.9174 131
20.8541 0000 95.9261 107
20.8980 0000 95.9550 95
20.9420 0000 95.9839 84
20.9787 0000 95.9544 71
21.0229 0000 95.9856 63
21.0632 0000 95.9853 59
21.1038 0000 95.9873 63
21.1484 0000 96.0207 78
21.1927 0000 96.0519 94
21.2344 0000 96.0628 114
21.2787 0000 96.0940 119
21.3204 0000 96.1050 135
21.3636 0000 96.1272 153
21.4082 0000 96.1607 123
21.4545 0000 96.2077 119
21.5017 0000 96.2615 120
21.5433 0000 96.2702 121
21.5879 0000 96.3037 122
21.6303 0000 96.3192 132
21.6744 0000 96.3482 137
21.7185 0000 96.3772 120
21.7598 0000 96.3837 122
21.8065 0000 96.4331 125
21.8483 0000 96.4441 130
21.8893 0000 96.4483 139
21.9297 0000 96.4480 143
21.9709 0000 96.4545 130
22.0148 0000 96.4813 116
22.0555 0000 96.4832 100
22.0903 0000 96.4400 94
22.1289 0000 96.4262 87
22.1681 0000 96.4169 87
22.2099 0000 96.4279 109
22.2538 0000 96.4547 125
22.2941 0000 96.4544 132
22.3339 0000 96.4496 139
22.3745 0000 96.4516 143
22.4152 0000 96.4535 147
22.4558 0000 96.4555 163
22.4974 0000 96.4642 171
22.5425 0000 96.5001 165
22.5810 0000 96.4862 164
22.6220 0000 96.4905 159
22.6626 0000 96.4924 161
22.7054 0000 96.5102 130
22.7472 0000 96.5212 115
22.7878 0000 96.5232 109
22.8252 0000 96.5003 111
22.8643 0000 96.4910 103
22.9037 0000 96.4840 97
22.9437 0000 96.4815 92
22.9837 0000 96.4789 91
23.0237 0000 96.4764 97
23.0598 0000 96.4445 96
23.0994 0000 96.4398 101
23.1394 0000 96.4372 109
23.1797 0000 96.4370 116
23.2191 0000 96.4299 120
23.2584 0000 96.4229 115
23.2962 0000 96.4046 112
23.3362 0000 96.4021 104
23.3731 0000 96.3770 90
23.4124 0000 96.3700 86
23.4514 0000 96.3608 89
23.4876 0000 96.3312 100
23.5266 0000 96.3219 103
23.5625 0000 96.2902 98
23.5958 0000 96.2404 114
23.6348 0000 96.2312 127
23.6741 0000 96.2242 126
23.7111 0000 96.2014 140
23.7472 0000 96.1719 148
23.7865 0000 96.1649 171
23.8260 0000 96.1602 183
23.8656 0000 96.1555 190
23.9016 0000 96.1260 187
23.9396 0000 96.1100 186
23.9712 0000 96.0492 176
24.0053 0000 96.0063 175
24.0400 0000 95.9679 158
24.0766 0000 95.9430 173
24.1167 0000 95.9427 178
24.1568 0000 95.9425 174
24.1956 0000 95.9333 175
24.2293 0000 95.8882 175
24.2675 0000 95.8745 162
24.3076 0000 95.8743 177
24.3489 0000 95.8830 213
24.3887 0000 95.8805 230
24.4281 0000 95.8758 221
24.4678 0000 95.8733 197
24.5066 0000 95.8641 165
24.5444 0000 95.8482 143
24.5796 0000 95.8144 131
24.6151 0000 95.7828 145
24.6522 0000 95.7625 143
24.6925 0000 95.7645 120
24.7326 0000 95.7642 99
24.7670 0000 95.7260 73
24.8012 0000 95.6855 68
24.8412 0000 95.6852 72
24.8802 0000 95.6783 77
24.9162 0000 95.6512 79
24.9566 0000 95.6532 89
24.9995 0000 95.6731 97
25.0388 0000 95.6684 111
25.0762 0000 95.6503 128
25.1168 0000 95.6545 127
25.1568 0000 95.6543 114
25.1941 0000 95.6362 95
25.2248 0000 95.5734 88
25.2641 0000 95.5687 91
25.3034 0000 95.5640 99
25.3434 0000 95.5638 116
25.3840 0000 95.5680 139
25.4246 0000 95.5723 159
25.4649 0000 95.5743 182
25.5052 0000 95.5762 181
25.5448 0000 95.5738 151
25.5841 0000 95.5691 129
25.6234 0000 95.5644 125
25.6634 0000 95.5642 119
25.7026 0000 95.5595 109
