wt=151435231, DLLFiFo=0
-23.9578 0000 81.0578 128
-23.9235 0000 81.0740 106
-23.8909 0000 81.1014 93
-23.8541 0000 81.1008 94
-23.8165 0000 81.0945 106
-23.7789 0000 81.0882 112
-23.7426 0000 81.0913 110
-23.7125 0000 81.1356 114
-23.6798 0000 81.1630 119
-23.6427 0000 81.1605 142
-23.6065 0000 81.1636 157
-23.5705 0000 81.1685 144
-23.5328 0000 81.1622 142
-23.4933 0000 81.1428 194
-23.4562 0000 81.1403 232
-23.4191 0000 81.1378 242
-23.3806 0000 81.1258 208
-23.3424 0000 81.1158 193
-23.2999 0000 81.0758 177
-23.2549 0000 81.0190 220
-23.2143 0000 80.9922 248
-23.1764 0000 80.9840 167
-23.1377 0000 80.9703 121
-23.1004 0000 80.9659 81
-23.0674 0000 80.9914 50
-23.0484 0000 81.1143 46
-23.0153 0000 81.1399 58
-22.9828 0000 81.1692 72
-22.9506 0000 81.2004 97
-22.9118 0000 81.1866 115
-22.8739 0000 81.1785 136
-22.8336 0000 81.1534 143
-22.7965 0000 81.1509 138
-22.7668 0000 81.2009 132
-22.7356 0000 81.2396 170
-22.7011 0000 81.2558 188
-22.6663 0000 81.2702 215
-22.6300 0000 81.2733 201
-22.5928 0000 81.2707 169
-22.5551 0000 81.2645 156
-22.5177 0000 81.2601 152
-22.4793 0000 81.2482 133
-22.4429 0000 81.2513 92
-22.4065 0000 81.2544 80
-22.3712 0000 81.2650 98
-22.3317 0000 81.2456 91
-22.2940 0000 81.2394 83
-22.2574 0000 81.2406 84
-22.2234 0000 81.2606 100
-22.1872 0000 81.2656 91
-22.1501 0000 81.2631 77
-22.1056 0000 81.2081 84
-22.0674 0000 81.1981 98
-22.0305 0000 81.1975 109
-21.9928 0000 81.1912 104
-21.9562 0000 81.1925 95
-21.9195 0000 81.1937 82
-21.8831 0000 81.1968 74
-21.8493 0000 81.2187 70
-21.8218 0000 81.2875 69
-21.7869 0000 81.3019 79
-21.7528 0000 81.3219 83
-21.7153 0000 81.3175 83
-21.6748 0000 81.2907 97
-21.6366 0000 81.2807 120
-21.6001 0000 81.2838 122
-21.5639 0000 81.2889 104
-21.5303 0000 81.3126 84
-21.4938 0000 81.3158 94
-21.4508 0000 81.2702 125
-21.4098 0000 81.2396 168
-21.3675 0000 81.1996 176
-21.3331 0000 81.2178 133
-21.2946 0000 81.2060 106
-21.2609 0000 81.2297 104
-21.2274 0000 81.2554 118
-21.1909 0000 81.2586 151
-21.1529 0000 81.2505 170
-21.1154 0000 81.2462 176
-21.0784 0000 81.2456 173
-21.0407 0000 81.2394 171
-21.0012 0000 81.2201 197
-20.9623 0000 81.2045 179
-20.9250 0000 81.2021 162
-20.8883 0000 81.2034 138
-20.8513 0000 81.2028 118
-20.8138 0000 81.1985 97
-20.7739 0000 81.1755 81
-20.7356 0000 81.1656 63
-20.6982 0000 81.1613 57
-20.6611 0000 81.1607 46
-20.6275 0000 81.1864 43
-20.5905 0000 81.1858 45
-20.5540 0000 81.1890 49
-20.5136 0000 81.1622 47
-20.4718 0000 81.1242 59
-20.4317 0000 81.0994 77
-20.3944 0000 81.0969 82
-20.3574 0000 81.0964 71
-20.3244 0000 81.1277 58
-20.2935 0000 81.1758 50
-20.2497 0000 81.1210 49
-20.2079 0000 81.0830 57
-20.1650 0000 81.0357 66
-20.1275 0000 81.0314 68
-20.0903 0000 81.0290 68
-20.0516 0000 81.0154 69
-20.0172 0000 81.0354 81
-19.9827 0000 81.0555 71
-19.9471 0000 81.0662 90
-19.9107 0000 81.0713 119
-19.8753 0000 81.0838 115
-19.8392 0000 81.0908 113
-19.8031 0000 81.0978 111
-19.7665 0000 81.1010 129
-19.7299 0000 81.1042 170
-19.6938 0000 81.1112 168
-19.6583 0000 81.1238 161
-19.6274 0000 81.1739 148
-19.5919 0000 81.1865 115
-19.5578 0000 81.2103 85
-19.5209 0000 81.2117 65
-19.4836 0000 81.2093 67
-19.4472 0000 81.2144 86
-19.4106 0000 81.2177 103
-19.3735 0000 81.2171 114
-19.3350 0000 81.2054 141
-19.2952 0000 81.1824 194
-19.2543 0000 81.1500 223
-19.2132 0000 81.1157 254
-19.1754 0000 81.1096 258
-19.1381 0000 81.1072 219
-19.1012 0000 81.1086 183
-19.0641 0000 81.1081 165
-19.0273 0000 81.1095 140
-18.9913 0000 81.1183 122
-18.9641 0000 81.2022 141
-18.9277 0000 81.2073 165
-18.8921 0000 81.2200 157
-18.8547 0000 81.2176 166
-18.8202 0000 81.2396 179
-18.7840 0000 81.2466 186
-18.7475 0000 81.2518 178
-18.7071 0000 81.2231 165
-18.6673 0000 81.2001 167
-18.6239 0000 81.1452 166
-18.5844 0000 81.1241 166
-18.5475 0000 81.1255 141
-18.5134 0000 81.1512 105
-18.4733 0000 81.1245 91
-18.4310 0000 81.0790 97
-18.3847 0000 80.9980 153
-18.3440 0000 80.9656 230
-18.3071 0000 80.9670 289
-18.2698 0000 80.9647 324
-18.2332 0000 80.9679 334
-18.1965 0000 80.9711 309
-18.1603 0000 80.9781 267
-18.1242 0000 80.9870 226
-18.0871 0000 80.9865 194
-18.0469 0000 80.9579 161
-18.0081 0000 80.9425 144
-17.9654 0000 80.8915 152
-17.9281 0000 80.8891 164
-17.8908 0000 80.8868 160
-17.8518 0000 80.8694 172
-17.8144 0000 80.8652 169
-17.7781 0000 80.8722 166
-17.7449 0000 80.9072 173
-17.7062 0000 80.8918 188
-17.6664 0000 80.8670 152
-17.6273 0000 80.8478 118
-17.5839 0000 80.7894 94
-17.5450 0000 80.7721 88
-17.5063 0000 80.7567 86
-17.4701 0000 80.7637 80
-17.4344 0000 80.7762 96
-17.3994 0000 80.7944 112
-17.3615 0000 80.7865 117
-17.3214 0000 80.7580 122
-17.2815 0000 80.7314 116
-17.2423 0000 80.7103 123
-17.2044 0000 80.7024 99
-17.1665 0000 80.6944 75
-17.1285 0000 80.6846 67
-17.0895 0000 80.6655 85
-17.0498 0000 80.6408 122
-17.0116 0000 80.6291 111
-16.9748 0000 80.6305 100
-16.9377 0000 80.6300 82
-16.8974 0000 80.5978 74
-16.8537 0000 80.5340 86
-16.8139 0000 80.5074 97
-16.7761 0000 80.4995 104
-16.7372 0000 80.4804 104
-16.6994 0000 80.4725 123
-16.6597 0000 80.4460 161
-16.6204 0000 80.4232 173
-16.5828 0000 80.4171 193
-16.5454 0000 80.4129 187
-16.5078 0000 80.4068 154
-16.4714 0000 80.4119 126
-16.4373 0000 80.4393 118
-16.4010 0000 80.4463 130
-16.3646 0000 80.4514 141
-16.3275 0000 80.4509 150
-16.2896 0000 80.4411 152
-16.2496 0000 80.4109 165
-16.2124 0000 80.4086 180
-16.1759 0000 80.4137 219
-16.1391 0000 80.4150 279
-16.1016 0000 80.4090 314
-16.0638 0000 80.4011 307
-16.0253 0000 80.3857 242
-15.9874 0000 80.3759 188
-15.9478 0000 80.3494 160
-15.9097 0000 80.3378 126
-15.8698 0000 80.3076 103
-15.8244 0000 80.2218 114
-15.7807 0000 80.1527 131
-15.7393 0000 80.1059 137
-15.7014 0000 80.0962 125
-15.6607 0000 80.0569 108
-15.6230 0000 80.0490 91
-15.5856 0000 80.0429 84
-15.5467 0000 80.0221 102
-15.5094 0000 80.0179 120
-15.4725 0000 80.0175 130
-15.4342 0000 80.0022 120
-15.3965 0000 79.9943 121
-15.3598 0000 79.9957 114
-15.3238 0000 80.0045 100
-15.2904 0000 80.0410 91
-15.2545 0000 80.0516 107
-15.2195 0000 80.0715 143
-15.1827 0000 80.0729 135
-15.1453 0000 80.0668 121
-15.1065 0000 80.0460 122
-15.0687 0000 80.0363 151
-15.0302 0000 80.0191 180
-14.9933 0000 80.0187 157
-14.9562 0000 80.0163 152
-14.9181 0000 80.0029 166
-14.8786 0000 79.9747 133
-14.8391 0000 79.9465 116
-14.7980 0000 79.8999 101
-14.7538 0000 79.8200 121
-14.7135 0000 79.7827 166
-14.6757 0000 79.7711 262
-14.6385 0000 79.7670 307
-14.6014 0000 79.7646 293
-14.5646 0000 79.7642 257
-14.5292 0000 79.7803 199
-14.4935 0000 79.7927 158
-14.4577 0000 79.8033 122
-14.4208 0000 79.8028 109
-14.3834 0000 79.7968 110
-14.3461 0000 79.7908 106
-14.3092 0000 79.7903 103
-14.2728 0000 79.7954 104
-14.2353 0000 79.7875 110
-14.1962 0000 79.7612 142
-14.1588 0000 79.7552 178
-14.1221 0000 79.7566 197
-14.0877 0000 79.7838 165
-14.0544 0000 79.8239 144
-14.0201 0000 79.8529 155
-13.9835 0000 79.8561 163
-13.9464 0000 79.8520 173
-13.9093 0000 79.8496 183
-13.8723 0000 79.8473 219
-13.8349 0000 79.8413 270
-13.7981 0000 79.8408 282
-13.7615 0000 79.8440 250
-13.7251 0000 79.8491 213
-13.6887 0000 79.8541 192
-13.6539 0000 79.8777 214
-13.6184 0000 79.8938 298
-13.5820 0000 79.8989 293
-13.5450 0000 79.8965 259
-13.5079 0000 79.8942 235
-13.4713 0000 79.8974 214
-13.4349 0000 79.9025 194
-13.3977 0000 79.8983 166
-13.3604 0000 79.8923 138
-13.3217 0000 79.8696 119
-13.2842 0000 79.8618 107
-13.2464 0000 79.8502 118
-13.2108 0000 79.8645 152
-13.1728 0000 79.8511 137
-13.1357 0000 79.8469 141
-13.0986 0000 79.8446 171
-13.0618 0000 79.8441 196
-13.0249 0000 79.8436 182
-12.9895 0000 79.8616 135
-12.9535 0000 79.8722 105
-12.9171 0000 79.8773 93
-12.8793 0000 79.8657 102
-12.8416 0000 79.8541 125
-12.8034 0000 79.8370 164
-12.7664 0000 79.8347 216
-12.7298 0000 79.8379 274
-12.6935 0000 79.8448 281
-12.6581 0000 79.8628 243
-12.6226 0000 79.8808 261
-12.5862 0000 79.8859 252
-12.5494 0000 79.8872 233
-12.5127 0000 79.8886 210
-12.4760 0000 79.8900 193
-12.4396 0000 79.8969 186
-12.4046 0000 79.9204 164
-12.3691 0000 79.9384 162
-12.3315 0000 79.9287 143
-12.2924 0000 79.8986 129
-12.2535 0000 79.8723 99
-12.2150 0000 79.8497 128
-12.1777 0000 79.8436 195
-12.1406 0000 79.8413 246
-12.1042 0000 79.8464 239
-12.0680 0000 79.8551 221
-12.0326 0000 79.8750 196
-11.9961 0000 79.8800 167
-11.9585 0000 79.8703 132
-11.9195 0000 79.8403 145
-11.8820 0000 79.8324 180
-11.8437 0000 79.8117 224
-11.8053 0000 79.7909 304
-11.7680 0000 79.7849 282
-11.7326 0000 79.8047 239
-11.6967 0000 79.8172 263
-11.6604 0000 79.8259 286
-11.6241 0000 79.8328 305
-11.5874 0000 79.8360 291
-11.5504 0000 79.8337 255
-11.5140 0000 79.8406 207
-11.4770 0000 79.8383 193
-11.4401 0000 79.8379 187
-11.4041 0000 79.8503 198
-11.3705 0000 79.8960 223
-11.3343 0000 79.9067 228
-11.3008 0000 79.9543 225
-11.2647 0000 79.9668 252
-11.2283 0000 79.9737 292
-11.1929 0000 79.9954 334
-11.1571 0000 80.0116 290
-11.1201 0000 80.0112 265
-11.0800 0000 79.9644 277
-11.0421 0000 79.9492 288
-11.0054 0000 79.9524 242
-10.9704 0000 79.9816 193
-10.9342 0000 79.9922 156
-10.8995 0000 80.0251 137
-10.8650 0000 80.0617 170
-10.8293 0000 80.0797 202
-10.7920 0000 80.0756 223
-10.7545 0000 80.0659 207
-10.7156 0000 80.0376 211
-10.6779 0000 80.0261 255
-10.6409 0000 80.0238 295
-10.6038 0000 80.0214 270
-10.5669 0000 80.0228 238
-10.5304 0000 80.0298 216
-10.4959 0000 80.0683 212
-10.4625 0000 80.1234 245
-10.4292 0000 80.1805 234
-10.3964 0000 80.2469 219
-10.3626 0000 80.2966 234
-10.3261 0000 80.3055 254
-10.2896 0000 80.3143 255
-10.2550 0000 80.3529 245
-10.2186 0000 80.3618 249
-10.1818 0000 80.3669 253
-10.1449 0000 80.3683 242
-10.1076 0000 80.3642 224
-10.0708 0000 80.3675 203
-10.0343 0000 80.3763 187
-9.9989 0000 80.4038 201
-9.9620 0000 80.4071 189
-9.9251 0000 80.4085 157
-9.8879 0000 80.4062 155
-9.8502 0000 80.3965 168
-9.8127 0000 80.3886 156
-9.7742 0000 80.3640 138
-9.7355 0000 80.3356 160
-9.6982 0000 80.3315 162
-9.6611 0000 80.3310 144
-9.6246 0000 80.3399 137
-9.5896 0000 80.3748 162
-9.5521 0000 80.3670 212
-9.5139 0000 80.3479 276
-9.4777 0000 80.3624 239
-9.4416 0000 80.3787 223
-9.4053 0000 80.3932 218
-9.3696 0000 80.4169 194
-9.3343 0000 80.4482 213
-9.2991 0000 80.4813 189
-9.2635 0000 80.5070 161
-9.2268 0000 80.5140 119
-9.1897 0000 80.5136 96
-9.1548 0000 80.5542 81
-9.1198 0000 80.5929 81
-9.0862 0000 80.6560 119
-9.0502 0000 80.6761 187
-9.0130 0000 80.6757 201
-8.9775 0000 80.7052 157
-8.9436 0000 80.7665 152
-8.9085 0000 80.8035 180
-8.8717 0000 80.8106 184
-8.8345 0000 80.8101 167
-8.7981 0000 80.8247 136
-8.7610 0000 80.8262 122
-8.7235 0000 80.8201 124
-8.6864 0000 80.8216 136
-8.6507 0000 80.8492 142
-8.6163 0000 80.9032 112
-8.5855 0000 81.0265 114
-8.5482 0000 81.0261 137
-8.5095 0000 80.9975 134
-8.4711 0000 80.9727 126
-8.4341 0000 80.9779 110
-8.3989 0000 81.0169 148
-8.3616 0000 81.0165 204
-8.3245 0000 81.0180 192
-8.2873 0000 81.0194 159
-8.2498 0000 81.0134 156
-8.2114 0000 80.9886 143
-8.1739 0000 80.9825 126
-8.1366 0000 80.9821 119
-8.0997 0000 80.9873 125
-8.0640 0000 81.0188 131
-8.0279 0000 81.0428 163
-7.9911 0000 81.0518 197
-7.9552 0000 81.0796 212
-7.9182 0000 81.0848 224
-7.8820 0000 81.1069 242
-7.8452 0000 81.1159 253
-7.8081 0000 81.1193 256
-7.7710 0000 81.1226 248
-7.7339 0000 81.1260 231
-7.6963 0000 81.1199 193
-7.6587 0000 81.1120 154
-7.6213 0000 81.1078 140
-7.5833 0000 81.0905 152
-7.5459 0000 81.0882 152
-7.5090 0000 81.0953 141
-7.4729 0000 81.1212 125
-7.4366 0000 81.1434 91
-7.4005 0000 81.1693 92
-7.3637 0000 81.1802 101
-7.3280 0000 81.2155 107
-7.2899 0000 81.1982 98
-7.2516 0000 81.1733 110
-7.2133 0000 81.1485 117
-7.1760 0000 81.1481 131
-7.1397 0000 81.1721 129
-7.1034 0000 81.1943 146
-7.0662 0000 81.1958 157
-7.0290 0000 81.1991 156
-6.9918 0000 81.2006 153
-6.9544 0000 81.1983 155
-6.9173 0000 81.2017 156
-6.8802 0000 81.2069 153
-6.8437 0000 81.2254 133
-6.8072 0000 81.2457 133
-6.7701 0000 81.2490 139
-6.7331 0000 81.2581 168
-6.6963 0000 81.2708 220
-6.6600 0000 81.2968 268
-6.6229 0000 81.3002 270
-6.5855 0000 81.2979 209
-6.5470 0000 81.2674 162
-6.5108 0000 81.2952 170
-6.4733 0000 81.2911 192
-6.4359 0000 81.2888 204
-6.3983 0000 81.2809 246
-6.3600 0000 81.2541 319
-6.3226 0000 81.2518 340
-6.2850 0000 81.2439 275
-6.2474 0000 81.2360 211
-6.2101 0000 81.2356 174
-6.1730 0000 81.2409 139
-6.1359 0000 81.2461 130
-6.0988 0000 81.2533 142
-6.0629 0000 81.2925 144
-6.0257 0000 81.2940 148
-5.9883 0000 81.2917 157
-5.9509 0000 81.2913 149
-5.9137 0000 81.2928 121
-5.8767 0000 81.3018 104
-5.8404 0000 81.3335 105
-5.8043 0000 81.3708 102
-5.7689 0000 81.4271 113
-5.7328 0000 81.4664 118
-5.6949 0000 81.4490 108
-5.6582 0000 81.4694 112
-5.6197 0000 81.4350 133
-5.5821 0000 81.4252 172
-5.5444 0000 81.4154 207
-5.5064 0000 81.3961 225
-5.4689 0000 81.3901 252
-5.4314 0000 81.3841 266
-5.3939 0000 81.3799 281
-5.3565 0000 81.3795 290
-5.3193 0000 81.3829 283
-5.2821 0000 81.3882 259
-5.2449 0000 81.3916 223
-5.2075 0000 81.3913 194
-5.1701 0000 81.3890 167
-5.1328 0000 81.3886 145
-5.0960 0000 81.4109 156
-5.0596 0000 81.4427 166
-5.0223 0000 81.4461 173
-4.9848 0000 81.4400 167
-4.9474 0000 81.4397 160
-4.9101 0000 81.4412 169
-4.8728 0000 81.4427 182
-4.8355 0000 81.4443 170
-4.7982 0000 81.4477 158
-4.7608 0000 81.4473 165
-4.7233 0000 81.4394 166
-4.6859 0000 81.4390 151
-4.6481 0000 81.4217 146
-4.6103 0000 81.4062 168
-4.5727 0000 81.3945 207
-4.5353 0000 81.3923 211
-4.4982 0000 81.4051 204
-4.4614 0000 81.4256 210
-4.4249 0000 81.4630 205
-4.3879 0000 81.4759 202
-4.3503 0000 81.4698 200
-4.3129 0000 81.4657 187
-4.2757 0000 81.4748 177
-4.2386 0000 81.4877 175
-4.2015 0000 81.5006 173
-4.1636 0000 81.4775 241
-4.1261 0000 81.4677 291
-4.0886 0000 81.4636 274
-4.0512 0000 81.4651 225
-4.0140 0000 81.4724 190
-3.9768 0000 81.4777 165
-3.9393 0000 81.4717 140
-3.9017 0000 81.4638 125
-3.8641 0000 81.4540 129
-3.8267 0000 81.4517 142
-3.7895 0000 81.4590 159
-3.7522 0000 81.4643 186
-3.7149 0000 81.4658 205
-3.6775 0000 81.4636 198
-3.6400 0000 81.4595 186
-3.6026 0000 81.4573 187
-3.5652 0000 81.4550 200
-3.5275 0000 81.4377 196
-3.4904 0000 81.4544 189
-3.4531 0000 81.4559 191
-3.4160 0000 81.4745 198
-3.3787 0000 81.4760 188
-3.3412 0000 81.4719 185
-3.3032 0000 81.4357 190
-3.2657 0000 81.4278 193
-3.2282 0000 81.4199 216
-3.1908 0000 81.4158 258
-3.1532 0000 81.3985 276
-3.1159 0000 81.4019 295
-3.0788 0000 81.4242 311
-3.0415 0000 81.4239 294
-3.0041 0000 81.4255 274
-2.9667 0000 81.4195 264
-2.9287 0000 81.3795 260
-2.8913 0000 81.3716 256
-2.8538 0000 81.3638 240
-2.8161 0000 81.3370 236
-2.7784 0000 81.3140 228
-2.7410 0000 81.3099 245
-2.7036 0000 81.3077 248
-2.6662 0000 81.3018 253
-2.6288 0000 81.2939 281
-2.5910 0000 81.2596 310
-2.5536 0000 81.2555 315
-2.5163 0000 81.2552 306
-2.4789 0000 81.2492 286
-2.4412 0000 81.2207 238
-2.4039 0000 81.2166 207
-2.3666 0000 81.2219 200
-2.3299 0000 81.2744 197
-2.2929 0000 81.3080 203
-2.2557 0000 81.3246 241
-2.2183 0000 81.3205 282
-2.1810 0000 81.3183 299
-2.1435 0000 81.3010 259
-2.1061 0000 81.2970 240
-2.0687 0000 81.2948 236
-2.0314 0000 81.2925 223
-1.9940 0000 81.2903 193
-1.9565 0000 81.2693 165
-1.9191 0000 81.2596 134
-1.8817 0000 81.2517 112
-1.8440 0000 81.2043 110
-1.8065 0000 81.1776 145
-1.7692 0000 81.1792 223
-1.7319 0000 81.1864 288
-1.6947 0000 81.1917 293
-1.6575 0000 81.2121 274
-1.6203 0000 81.2382 235
-1.5832 0000 81.2643 229
-1.5459 0000 81.2677 195
-1.5086 0000 81.2844 170
-1.4713 0000 81.2878 167
-1.4340 0000 81.2970 166
-1.3969 0000 81.3400 171
-1.3595 0000 81.3397 168
-1.3221 0000 81.3243 174
-1.2849 0000 81.3466 182
-1.2475 0000 81.3501 203
-1.2102 0000 81.3498 205
-1.1728 0000 81.3457 198
-1.1354 0000 81.3228 194
-1.0981 0000 81.3243 163
-1.0604 0000 81.2166 116
-1.0227 0000 81.0338 114
-0.9853 0000 80.9640 161
-0.9480 0000 80.9712 217
-0.9108 0000 80.9896 268
-0.8736 0000 81.0062 240
-0.8363 0000 81.0078 240
-0.7990 0000 81.0094 249
-0.7618 0000 81.0128 276
-0.7245 0000 81.0182 326
-0.6872 0000 81.0461 324
-0.6500 0000 81.0777 358
-0.6127 0000 81.1000 323
-0.5754 0000 81.1034 279
-0.5381 0000 81.1107 210
-0.5008 0000 81.1367 157
-0.4634 0000 81.2211 120
-0.4259 0000 81.3453 141
-0.3885 0000 81.4073 182
-0.3510 0000 81.4542 219
-0.3137 0000 81.4595 231
-0.2763 0000 81.4611 223
-0.2389 0000 81.4646 219
-0.2015 0000 81.4681 222
-0.1641 0000 81.4905 221
-0.1266 0000 81.5185 185
-0.0892 0000 81.5258 164
-0.0518 0000 81.5463 161
-0.0142 0000 81.5952 156
0.0237 0000 81.7181 151
0.0614 0000 81.7633 151
0.0988 0000 81.7611 162
0.1362 0000 81.7608 166
0.1738 0000 81.7890 177
0.2113 0000 81.7982 211
0.2488 0000 81.7998 249
0.2862 0000 81.7976 271
0.3236 0000 81.7935 276
0.3610 0000 81.7894 271
0.3984 0000 81.7702 268
0.4358 0000 81.7718 237
0.4734 0000 81.7943 189
0.5109 0000 81.7997 162
0.5485 0000 81.8240 157
0.5862 0000 81.8522 179
0.6239 0000 81.8824 212
0.6616 0000 81.9087 274
0.6993 0000 81.9426 294
0.7371 0000 81.9785 290
0.7750 0000 82.0277 284
0.8127 0000 82.0426 274
0.8503 0000 82.0614 269
0.8876 0000 82.0325 220
0.9247 0000 81.9999 203
0.9619 0000 81.9654 211
0.9993 0000 81.9556 228
1.0364 0000 81.9230 245
1.0738 0000 81.9170 251
1.1113 0000 81.9186 275
1.1488 0000 81.9241 314
1.1862 0000 81.9219 340
1.2237 0000 81.9197 350
1.2611 0000 81.9157 323
1.2986 0000 81.9154 264
1.3368 0000 81.9798 203
1.3757 0000 82.0861 175
1.4138 0000 82.1315 171
1.4528 0000 82.2457 205
1.4906 0000 82.2664 232
1.5282 0000 82.2700 263
1.5665 0000 82.3213 252
1.6049 0000 82.3802 268
1.6427 0000 82.3934 281
1.6806 0000 82.4179 296
1.7183 0000 82.4215 286
1.7555 0000 82.4002 258
1.7930 0000 82.3942 247
1.8301 0000 82.3633 235
1.8672 0000 82.3363 243
1.9048 0000 82.3342 244
1.9419 0000 82.3052 234
1.9791 0000 82.2859 229
2.0171 0000 82.3143 213
2.0556 0000 82.3675 194
2.0937 0000 82.3959 201
2.1313 0000 82.3976 215
2.1689 0000 82.3992 245
2.2068 0000 82.4181 253
2.2448 0000 82.4408 267
2.2830 0000 82.4711 249
2.3209 0000 82.4900 245
2.3593 0000 82.5338 226
2.3972 0000 82.5469 212
2.4357 0000 82.5888 204
2.4729 0000 82.5713 203
2.5099 0000 82.5404 173
2.5468 0000 82.5038 157
2.5812 0000 82.3486 116
2.6179 0000 82.3121 117
2.6564 0000 82.3538 137
2.6951 0000 82.4052 181
2.7334 0000 82.4413 171
2.7716 0000 82.4697 163
2.8095 0000 82.4809 138
2.8472 0000 82.4864 103
2.8852 0000 82.5053 77
2.9228 0000 82.5070 58
0.0000 0000 0.0000 0
3.0067 0000 82.8767 46
3.0445 0000 82.8842 63
3.0828 0000 82.9089 83
3.1212 0000 82.9375 117
3.1590 0000 82.9430 155
3.1967 0000 82.9409 188
3.2342 0000 82.9348 213
3.2719 0000 82.9346 237
3.3097 0000 82.9363 243
3.3474 0000 82.9379 235
3.3850 0000 82.9358 232
3.4225 0000 82.9278 240
3.4596 0000 82.9026 235
3.4972 0000 82.9023 244
3.5351 0000 82.9078 246
3.5729 0000 82.9134 251
3.6107 0000 82.9170 258
3.6494 0000 82.9533 257
3.6872 0000 82.9588 252
3.7252 0000 82.9682 234
3.7636 0000 82.9949 224
3.8016 0000 83.0043 200
3.8405 0000 83.0464 184
3.8784 0000 83.0520 183
3.9160 0000 83.0479 187
3.9536 0000 83.0457 187
3.9913 0000 83.0455 187
4.0289 0000 83.0414 176
4.0656 0000 83.0065 166
4.1029 0000 82.9947 180
4.1392 0000 82.9502 198
4.1753 0000 82.8980 233
4.2128 0000 82.8920 254
4.2505 0000 82.8937 235
4.2886 0000 82.9069 199
4.3274 0000 82.9413 178
4.3667 0000 82.9930 161
4.4060 0000 83.0410 167
4.4441 0000 83.0542 177
4.4828 0000 83.0848 178
4.5213 0000 83.1097 220
4.5592 0000 83.1133 253
4.5969 0000 83.1150 262
4.6345 0000 83.1109 259
4.6721 0000 83.1068 271
4.7097 0000 83.1047 294
4.7467 0000 83.0813 301
4.7840 0000 83.0695 323
4.8213 0000 83.0597 347
4.8595 0000 83.0729 289
4.8971 0000 83.0688 240
4.9343 0000 83.0551 208
4.9719 0000 83.0530 180
5.0095 0000 83.0489 170
5.0471 0000 83.0487 159
5.0848 0000 83.0484 138
5.1222 0000 83.0405 124
5.1591 0000 83.0172 130
5.1960 0000 82.9958 107
5.2333 0000 82.9859 88
5.2699 0000 82.9568 82
5.3055 0000 82.9027 75
5.3425 0000 82.8852 70
5.3780 0000 82.8292 71
5.4154 0000 82.8232 81
5.4531 0000 82.8230 103
5.4906 0000 82.8208 130
5.5277 0000 82.8071 120
5.5661 0000 82.8242 112
5.6039 0000 82.8298 100
5.6419 0000 82.8372 91
5.6805 0000 82.8601 80
5.7190 0000 82.8829 88
5.7570 0000 82.8904 94
5.7947 0000 82.8902 98
5.8320 0000 82.8823 91
5.8685 0000 82.8532 83
5.9062 0000 82.8549 98
5.9450 0000 82.8816 121
5.9833 0000 82.8987 159
6.0222 0000 82.9273 202
6.0600 0000 82.9290 207
6.0978 0000 82.9327 216
6.1365 0000 82.9555 238
6.1741 0000 82.9553 284
6.2116 0000 82.9512 340
6.2493 0000 82.9510 384
6.2870 0000 82.9508 366
6.3247 0000 82.9525 291
6.3631 0000 82.9677 226
6.4002 0000 82.9540 154
6.4365 0000 82.9230 138
6.4734 0000 82.9073 133
6.5110 0000 82.9052 131
6.5515 0000 82.9666 129
6.5906 0000 82.9991 151
6.6282 0000 82.9970 161
6.6650 0000 82.9775 180
6.7028 0000 82.9792 178
6.7404 0000 82.9770 175
6.7778 0000 82.9710 167
6.8151 0000 82.9631 150
6.8527 0000 82.9609 133
6.8903 0000 82.9588 123
6.9280 0000 82.9586 122
6.9659 0000 82.9641 118
7.0052 0000 82.9967 100
7.0441 0000 83.0215 96
7.0810 0000 83.0058 92
7.1192 0000 83.0153 76
7.1579 0000 83.0362 65
7.1942 0000 83.0090 52
7.2304 0000 82.9780 47
7.2681 0000 82.9778 57
7.3076 0000 83.0141 86
7.3468 0000 83.0448 120
7.3845 0000 83.0445 150
7.4222 0000 83.0443 151
7.4598 0000 83.0422 147
7.4973 0000 83.0381 145
7.5347 0000 83.0321 135
7.5725 0000 83.0338 129
7.6105 0000 83.0394 136
7.6483 0000 83.0430 149
7.6858 0000 83.0389 159
7.7233 0000 83.0349 179
7.7611 0000 83.0366 198
7.7989 0000 83.0383 181
7.8366 0000 83.0381 155
7.8740 0000 83.0340 155
7.9114 0000 83.0280 162
7.9490 0000 83.0258 149
7.9864 0000 83.0198 124
8.0228 0000 82.9965 124
8.0601 0000 82.9905 137
8.0972 0000 82.9787 132
8.1349 0000 82.9804 124
8.1724 0000 82.9764 124
8.2096 0000 82.9684 134
8.2468 0000 82.9605 137
8.2836 0000 82.9449 140
8.3218 0000 82.9543 132
8.3594 0000 82.9522 146
8.3971 0000 82.9539 142
8.4349 0000 82.9556 142
8.4725 0000 82.9554 149
8.5103 0000 82.9571 143
8.5482 0000 82.9607 137
8.5862 0000 82.9663 135
8.6243 0000 82.9738 139
8.6642 0000 83.0121 138
8.7027 0000 83.0273 124
8.7422 0000 83.0579 125
8.7803 0000 83.0655 119
8.8178 0000 83.0614 108
8.8553 0000 83.0592 107
8.8932 0000 83.0629 109
8.9319 0000 83.0800 101
8.9697 0000 83.0818 105
9.0072 0000 83.0777 100
9.0434 0000 83.0543 90
9.0795 0000 83.0291 106
9.1169 0000 83.0250 118
9.1548 0000 83.0287 126
9.1949 0000 83.0670 135
9.2331 0000 83.0765 140
9.2709 0000 83.0782 151
9.3082 0000 83.0722 180
9.3468 0000 83.0874 196
9.3848 0000 83.0930 203
9.4227 0000 83.0966 188
9.4603 0000 83.0945 158
9.4950 0000 83.0480 133
9.5329 0000 83.0517 124
9.5739 0000 83.1035 123
9.6140 0000 83.1419 138
9.6533 0000 83.1668 145
9.6910 0000 83.1666 169
9.7271 0000 83.1433 211
9.7640 0000 83.1315 222
9.8017 0000 83.1313 208
9.8398 0000 83.1388 179
9.8777 0000 83.1425 161
9.9150 0000 83.1365 164
9.9510 0000 83.1112 165
9.9872 0000 83.0898 184
10.0245 0000 83.0838 179
10.0618 0000 83.0798 169
10.0980 0000 83.0584 155
10.1349 0000 83.0467 178
10.1713 0000 83.0291 233
10.2088 0000 83.0270 257
10.2465 0000 83.0288 257
10.2844 0000 83.0324 263
10.3222 0000 83.0342 283
10.3602 0000 83.0398 291
10.3997 0000 83.0666 273
10.4374 0000 83.0683 226
10.4745 0000 83.0604 184
10.5112 0000 83.0468 147
10.5478 0000 83.0331 139
10.5868 0000 83.0522 120
10.6260 0000 83.0751 127
10.6650 0000 83.0942 137
10.7033 0000 83.1037 154
10.7421 0000 83.1189 177
10.7809 0000 83.1361 164
10.8191 0000 83.1436 176
10.8572 0000 83.1492 203
10.8949 0000 83.1510 240
10.9320 0000 83.1431 272
10.9690 0000 83.1352 289
11.0051 0000 83.1139 257
11.0404 0000 83.0829 255
11.0766 0000 83.0634 231
11.1136 0000 83.0556 225
11.1502 0000 83.0419 243
11.1881 0000 83.0456 212
11.2262 0000 83.0532 180
11.2653 0000 83.0722 137
11.3034 0000 83.0798 118
11.3428 0000 83.1028 133
11.3811 0000 83.1122 158
11.4200 0000 83.1294 168
11.4575 0000 83.1273 193
11.4949 0000 83.1253 206
11.5328 0000 83.1290 201
11.5707 0000 83.1327 192
11.6083 0000 83.1325 178
11.6463 0000 83.1381 179
11.6847 0000 83.1476 203
11.7241 0000 83.1706 192
11.7635 0000 83.1936 186
11.8013 0000 83.1954 163
11.8392 0000 83.1991 139
11.8769 0000 83.2009 124
11.9136 0000 83.1892 121
11.9476 0000 83.1447 123
11.9838 0000 83.1272 140
12.0194 0000 83.1020 184
12.0564 0000 83.0941 203
12.0928 0000 83.0805 184
12.1331 0000 83.1131 167
12.1717 0000 83.1265 145
12.2098 0000 83.1321 128
12.2477 0000 83.1358 120
12.2851 0000 83.1338 129
12.3225 0000 83.1317 150
12.3602 0000 83.1335 174
12.3978 0000 83.1333 191
12.4352 0000 83.1313 189
12.4726 0000 83.1292 175
12.5100 0000 83.1272 160
12.5477 0000 83.1289 144
12.5858 0000 83.1346 130
12.6243 0000 83.1460 128
12.6636 0000 83.1671 135
12.7011 0000 83.1650 118
12.7386 0000 83.1649 125
12.7772 0000 83.1763 144
12.8149 0000 83.1781 156
12.8536 0000 83.1915 143
12.8923 0000 83.2048 134
12.9329 0000 83.2394 140
12.9690 0000 83.2219 161
13.0061 0000 83.2160 162
13.0421 0000 83.1985 149
13.0795 0000 83.1965 149
13.1169 0000 83.1944 130
13.1562 0000 83.2136 112
13.1961 0000 83.2404 89
13.2342 0000 83.2461 86
13.2719 0000 83.2479 93
13.3093 0000 83.2458 104
13.3462 0000 83.2380 112
13.3800 0000 83.1954 119
13.4193 0000 83.2145 130
13.4570 0000 83.2163 129
13.4925 0000 83.1931 117
13.5275 0000 83.1640 104
13.5591 0000 83.0984 107
13.5927 0000 83.0540 118
13.6276 0000 83.0250 112
13.6649 0000 83.0229 128
13.7051 0000 83.0517 120
13.7434 0000 83.0611 118
13.7850 0000 83.1053 115
13.8238 0000 83.1186 105
13.8643 0000 83.1512 100
13.9049 0000 83.1839 87
13.9431 0000 83.1914 87
13.9830 0000 83.2164 109
14.0227 0000 83.2394 124
14.0611 0000 83.2489 134
14.0994 0000 83.2565 140
14.1366 0000 83.2525 154
14.1738 0000 83.2485 169
14.2092 0000 83.2252 167
14.2455 0000 83.2115 196
14.2812 0000 83.1921 258
14.3187 0000 83.1920 266
14.3579 0000 83.2092 228
14.3978 0000 83.2341 241
14.4363 0000 83.2436 240
14.4759 0000 83.2647 209
14.5144 0000 83.2742 187
14.5543 0000 83.2992 181
14.5930 0000 83.3106 162
14.6311 0000 83.3163 143
14.6691 0000 83.3200 128
14.7089 0000 83.3430 130
14.7466 0000 83.3448 128
14.7838 0000 83.3408 130
14.8191 0000 83.3175 131
14.8565 0000 83.3154 144
14.8940 0000 83.3153 155
14.9312 0000 83.3113 174
14.9680 0000 83.3034 198
15.0054 0000 83.3014 223
15.0431 0000 83.3032 237
15.0789 0000 83.2856 224
15.1159 0000 83.2797 226
15.1527 0000 83.2719 225
15.1877 0000 83.2466 241
15.2243 0000 83.2369 227
15.2636 0000 83.2541 196
15.3073 0000 83.3157 177
15.3492 0000 83.3581 161
15.3867 0000 83.3579 166
15.4239 0000 83.3539 169
15.4585 0000 83.3248 177
15.4931 0000 83.2957 168
15.5275 0000 83.2647 167
15.5627 0000 83.2414 168
15.5992 0000 83.2317 156
15.6324 0000 83.1891 151
15.6697 0000 83.1871 149
15.7066 0000 83.1811 144
15.7435 0000 83.1752 141
15.7812 0000 83.1770 150
15.8209 0000 83.1981 160
15.8595 0000 83.2076 174
15.8976 0000 83.2133 176
15.9371 0000 83.2324 196
15.9771 0000 83.2555 194
16.0152 0000 83.2611 196
16.0531 0000 83.2649 193
16.0905 0000 83.2628 178
16.1259 0000 83.2434 169
16.1633 0000 83.2413 152
16.1957 0000 83.1930 130
16.2270 0000 83.1351 118
16.2606 0000 83.0984 116
16.2972 0000 83.0906 125
16.3349 0000 83.0924 140
16.3772 0000 83.1365 159
16.4159 0000 83.1480 174
16.4571 0000 83.1826 183
16.4986 0000 83.2191 238
16.5370 0000 83.2267 278
16.5743 0000 83.2246 291
16.6107 0000 83.2149 303
16.6429 0000 83.1666 319
16.6785 0000 83.1491 331
16.7099 0000 83.0932 341
16.7459 0000 83.0796 346
16.7825 0000 83.0718 345
16.8178 0000 83.0525 355
16.8532 0000 83.0331 305
16.8902 0000 83.0292 281
16.9274 0000 83.0271 262
16.9647 0000 83.0251 251
17.0004 0000 83.0096 279
17.0383 0000 83.0134 313
17.0755 0000 83.0113 320
17.1067 0000 82.9555 276
17.1359 0000 82.8824 225
17.1665 0000 82.8229 223
17.1998 0000 82.7863 216
17.2346 0000 82.7632 220
17.2717 0000 82.7612 217
17.3093 0000 82.7630 213
17.3493 0000 82.7859 220
17.3902 0000 82.8165 210
17.4311 0000 82.8471 217
17.4720 0000 82.8777 213
17.5147 0000 82.9237 185
17.5530 0000 82.9313 152
17.5902 0000 82.9293 130
17.6241 0000 82.8985 128
17.6583 0000 82.8715 148
17.6957 0000 82.8714 161
17.7331 0000 82.8713 165
17.7705 0000 82.8712 159
17.8074 0000 82.8673 151
17.8446 0000 82.8653 149
17.8790 0000 82.8403 151
17.9098 0000 82.7846 139
17.9404 0000 82.7270 150
17.9768 0000 82.7192 169
18.0139 0000 82.7172 190
18.0517 0000 82.7210 202
18.0895 0000 82.7247 205
18.1268 0000 82.7246 205
18.1637 0000 82.7207 211
18.2049 0000 82.7532 218
18.2427 0000 82.7569 214
18.2805 0000 82.7607 213
18.3176 0000 82.7587 213
18.3519 0000 82.7337 224
18.3855 0000 82.7030 202
18.4191 0000 82.6723 205
18.4529 0000 82.6435 192
18.4862 0000 82.6109 207
18.5210 0000 82.5898 180
18.5578 0000 82.5859 168
18.5941 0000 82.5781 181
18.6260 0000 82.5341 207
18.6632 0000 82.5340 233
18.7007 0000 82.5359 251
18.7396 0000 82.5491 263
18.7774 0000 82.5529 249
18.8175 0000 82.5757 230
18.8552 0000 82.5795 229
18.8899 0000 82.5584 215
18.9235 0000 82.5296 220
18.9574 0000 82.5028 225
18.9913 0000 82.4760 214
19.0276 0000 82.4683 215
19.0609 0000 82.4377 210
19.0946 0000 82.4090 231
19.1310 0000 82.4032 249
19.1678 0000 82.3993 273
19.2052 0000 82.4012 289
19.2426 0000 82.4030 307
19.2798 0000 82.4029 340
19.3173 0000 82.4048 368
19.3545 0000 82.4047 372
19.3916 0000 82.4046 358
19.4286 0000 82.4026 347
19.4658 0000 82.4026 343
19.5024 0000 82.3987 335
19.5337 0000 82.3529 319
19.5692 0000 82.3395 308
19.5999 0000 82.2899 309
19.6358 0000 82.2803 308
19.6700 0000 82.2574 334
19.7096 0000 82.2764 327
19.7475 0000 82.2820 335
19.7856 0000 82.2896 336
19.8262 0000 82.3161 323
19.8638 0000 82.3199 322
19.9047 0000 82.3484 323
19.9489 0000 82.4016 304
19.9873 0000 82.4111 287
20.0247 0000 82.4129 267
20.0608 0000 82.4052 236
20.0939 0000 82.3747 208
20.1267 0000 82.3422 206
20.1597 0000 82.3117 196
20.1892 0000 82.2546 200
20.2255 0000 82.2488 206
20.2550 0000 82.1918 203
20.2849 0000 82.1385 192
20.3220 0000 82.1385 188
20.3593 0000 82.1403 187
20.4004 0000 82.1706 193
20.4446 0000 82.2238 208
20.4824 0000 82.2294 236
20.5223 0000 82.2502 287
20.5622 0000 82.2711 301
20.6000 0000 82.2767 326
20.6376 0000 82.2805 348
20.6746 0000 82.2804 340
20.7111 0000 82.2766 291
20.7450 0000 82.2537 231
20.7808 0000 82.2441 209
20.8105 0000 82.1909 195
20.8433 0000 82.1604 193
20.8771 0000 82.1376 171
20.9159 0000 82.1508 154
20.9524 0000 82.1470 122
20.9859 0000 82.1223 109
21.0221 0000 82.1165 100
21.0593 0000 82.1184 91
21.0968 0000 82.1221 96
21.1337 0000 82.1221 118
21.1685 0000 82.1068 130
21.2081 0000 82.1258 155
21.2456 0000 82.1295 166
21.2836 0000 82.1370 172
21.3208 0000 82.1389 171
21.3574 0000 82.1369 146
21.3935 0000 82.1312 112
21.4304 0000 82.1311 101
21.4689 0000 82.1425 104
21.5069 0000 82.1500 105
21.5484 0000 82.1822 107
21.5853 0000 82.1822 111
21.6222 0000 82.1821 118
21.6596 0000 82.1859 128
21.6965 0000 82.1858 145
21.7329 0000 82.1820 170
21.7697 0000 82.1819 193
21.8061 0000 82.1781 241
21.8413 0000 82.1666 284
21.8790 0000 82.1723 293
21.9167 0000 82.1779 250
21.9546 0000 82.1855 278
21.9909 0000 82.1816 305
22.0283 0000 82.1854 254
22.0660 0000 82.1910 192
22.1001 0000 82.1720 165
22.1325 0000 82.1416 158
22.1638 0000 82.1036 170
22.1956 0000 82.0695 167
22.2288 0000 82.0448 185
22.2639 0000 82.0334 185
22.2974 0000 82.0106 183
22.3311 0000 81.9898 147
22.3704 0000 82.0067 132
22.4069 0000 82.0048 109
22.4434 0000 82.0029 94
22.4810 0000 82.0085 98
22.5183 0000 82.0123 115
22.5548 0000 82.0103 131
22.5913 0000 82.0084 136
22.6280 0000 82.0083 135
22.6651 0000 82.0102 136
22.7024 0000 82.0139 138
22.7400 0000 82.0196 141
22.7793 0000 82.0366 135
22.8158 0000 82.0346 127
22.8525 0000 82.0346 117
22.8890 0000 82.0327 115
22.9258 0000 82.0326 116
22.9628 0000 82.0345 111
23.0007 0000 82.0420 110
23.0446 0000 82.0893 115
23.0898 0000 82.1442 117
23.1358 0000 82.2049 118
23.1737 0000 82.2124 126
23.2114 0000 82.2181 130
23.2490 0000 82.2237 138
23.2887 0000 82.2427 161
23.3244 0000 82.2350 172
23.3576 0000 82.2122 160
23.3944 0000 82.2122 146
23.4306 0000 82.2083 142
23.4671 0000 82.2064 157
23.5047 0000 82.2120 161
23.5418 0000 82.2139 155
23.5780 0000 82.2101 155
23.6115 0000 82.1892 149
23.6512 0000 82.2081 152
