wt=151138084, DLLFiFo=0
-25.1989 0000 89.3824 205
-25.1613 0000 89.3900 205
-25.1224 0000 89.3894 173
-25.0836 0000 89.3887 152
-25.0478 0000 89.4087 151
-25.0113 0000 89.4246 176
-24.9728 0000 89.4260 174
-24.9342 0000 89.4274 148
-24.8954 0000 89.4267 117
-24.8571 0000 89.4302 102
-24.8203 0000 89.4440 110
-24.7880 0000 89.4889 139
-24.7497 0000 89.4924 177
-24.7141 0000 89.5146 193
-24.6747 0000 89.5097 208
-24.6314 0000 89.4780 217
-24.5895 0000 89.4566 172
-24.5468 0000 89.4290 164
-24.5048 0000 89.4056 140
-24.4662 0000 89.4070 126
-24.4303 0000 89.4270 127
-24.3929 0000 89.4367 118
-24.3558 0000 89.4485 101
-24.3198 0000 89.4685 98
-24.2809 0000 89.4679 103
-24.2415 0000 89.4631 118
-24.2017 0000 89.4562 147
-24.1626 0000 89.4535 172
-24.1237 0000 89.4528 173
-24.0825 0000 89.4356 157
-24.0434 0000 89.4329 156
-24.0051 0000 89.4364 140
-23.9688 0000 89.4544 127
-23.9316 0000 89.4662 104
-23.8994 0000 89.5132 93
-23.8611 0000 89.5168 87
-23.8224 0000 89.5182 83
-23.7844 0000 89.5238 84
-23.7492 0000 89.5501 86
-23.7100 0000 89.5474 98
-23.6700 0000 89.5385 108
-23.6314 0000 89.5399 111
-23.5922 0000 89.5372 126
-23.5527 0000 89.5325 154
-23.5147 0000 89.5381 172
-23.4766 0000 89.5437 157
-23.4374 0000 89.5410 123
-23.3993 0000 89.5466 101
-23.3655 0000 89.5834 100
-23.3330 0000 89.6305 92
-23.2963 0000 89.6465 92
-23.2574 0000 89.6459 83
-23.2190 0000 89.6495 82
-23.1851 0000 89.6863 96
-23.1520 0000 89.7294 118
-23.1138 0000 89.7350 124
-23.0762 0000 89.7449 117
-23.0384 0000 89.7526 126
-22.9997 0000 89.7541 156
-22.9610 0000 89.7556 182
-22.9223 0000 89.7571 219
-22.8836 0000 89.7586 308
-22.8449 0000 89.7601 376
-22.8059 0000 89.7596 346
-22.7666 0000 89.7569 257
-22.7301 0000 89.7751 198
-22.6925 0000 89.7849 139
-22.6508 0000 89.7636 130
-22.6101 0000 89.7505 106
-22.5720 0000 89.7562 104
-22.5351 0000 89.7723 100
-22.4996 0000 89.7989 123
-22.4647 0000 89.8296 149
-22.4265 0000 89.8353 171
-22.3877 0000 89.8369 162
-22.3490 0000 89.8384 133
-22.3129 0000 89.8608 112
-22.2755 0000 89.8728 99
-22.2386 0000 89.8890 115
-22.1982 0000 89.8780 135
-22.1562 0000 89.8546 137
-22.1172 0000 89.8541 130
-22.0774 0000 89.8473 116
-22.0349 0000 89.8197 127
-21.9929 0000 89.7963 112
-21.9510 0000 89.7729 118
-21.9106 0000 89.7620 118
-21.8663 0000 89.7198 113
-21.8265 0000 89.7131 103
-21.7912 0000 89.7418 99
-21.7598 0000 89.8017 131
-21.7254 0000 89.8387 135
-21.6934 0000 89.8946 137
-21.6536 0000 89.8878 135
-21.6148 0000 89.8895 149
-21.5757 0000 89.8890 153
-21.5364 0000 89.8864 153
-21.4955 0000 89.8714 196
-21.4564 0000 89.8709 228
-21.4161 0000 89.8600 236
-21.3770 0000 89.8595 242
-21.3384 0000 89.8633 224
-21.2986 0000 89.8565 168
-21.2593 0000 89.8540 120
-21.2251 0000 89.8932 120
-21.1921 0000 89.9429 150
-21.1535 0000 89.9466 185
-21.1134 0000 89.9378 181
-21.0741 0000 89.9353 150
-21.0362 0000 89.9453 126
-20.9984 0000 89.9553 111
-20.9590 0000 89.9527 104
-20.9184 0000 89.9398 112
-20.8786 0000 89.9331 110
-20.8397 0000 89.9347 101
-20.8019 0000 89.9447 107
-20.7640 0000 89.9547 109
-20.7254 0000 89.9585 91
-20.6866 0000 89.9602 91
-20.6469 0000 89.9556 123
-20.6076 0000 89.9530 166
-20.5687 0000 89.9547 190
-20.5296 0000 89.9543 176
-20.4910 0000 89.9580 144
-20.4526 0000 89.9639 114
-20.4155 0000 89.9802 112
-20.3773 0000 89.9881 117
-20.3380 0000 89.9856 154
-20.2993 0000 89.9894 170
-20.2607 0000 89.9932 155
-20.2189 0000 89.9698 149
-20.1795 0000 89.9672 140
-20.1409 0000 89.9710 104
-20.1049 0000 89.9978 99
-20.0687 0000 90.0225 106
-20.0312 0000 90.0367 146
-19.9955 0000 90.0656 180
-19.9566 0000 90.0673 156
-19.9179 0000 90.0711 126
-19.8790 0000 90.0727 124
-19.8405 0000 90.0786 130
-19.8040 0000 90.1012 125
-19.7668 0000 90.1176 125
-19.7314 0000 90.1507 124
-19.6951 0000 90.1754 99
-19.6554 0000 90.1708 96
-19.6151 0000 90.1600 111
-19.5738 0000 90.1407 126
-19.5330 0000 90.1256 148
-19.4912 0000 90.1022 215
-19.4518 0000 90.0997 335
-19.4133 0000 90.1056 397
-19.3742 0000 90.1051 373
-19.3352 0000 90.1068 326
-19.2972 0000 90.1169 270
-19.2604 0000 90.1375 226
-19.2233 0000 90.1559 147
-19.1850 0000 90.1639 115
-19.1459 0000 90.1635 104
-19.1064 0000 90.1610 111
-19.0668 0000 90.1564 133
-19.0272 0000 90.1518 147
-18.9882 0000 90.1535 155
-18.9497 0000 90.1594 170
-18.9116 0000 90.1694 192
-18.8738 0000 90.1816 230
-18.8376 0000 90.2085 318
-18.8004 0000 90.2269 287
-18.7617 0000 90.2307 210
-18.7222 0000 90.2282 133
-18.6830 0000 90.2278 94
-18.6476 0000 90.2631 80
-18.6097 0000 90.2753 75
-18.5737 0000 90.3042 83
-18.5349 0000 90.3080 95
-18.4979 0000 90.3286 101
-18.4595 0000 90.3366 107
-18.4218 0000 90.3509 107
-18.3859 0000 90.3820 104
-18.3462 0000 90.3774 101
-18.3070 0000 90.3770 102
-18.2681 0000 90.3808 105
-18.2287 0000 90.3783 115
-18.1888 0000 90.3715 130
-18.1478 0000 90.3543 164
-18.1085 0000 90.3539 148
-18.0690 0000 90.3514 157
-18.0280 0000 90.3342 168
-17.9881 0000 90.3275 165
-17.9489 0000 90.3270 180
-17.9090 0000 90.3203 182
-17.8689 0000 90.3115 157
-17.8300 0000 90.3153 129
-17.7925 0000 90.3317 128
-17.7567 0000 90.3649 143
-17.7208 0000 90.3981 168
-17.6818 0000 90.3997 176
-17.6425 0000 90.3993 196
-17.6032 0000 90.3989 232
-17.5641 0000 90.4006 235
-17.5255 0000 90.4065 202
-17.4864 0000 90.4081 179
-17.4459 0000 90.3951 193
-17.4064 0000 90.3926 198
-17.3673 0000 90.3943 208
-17.3286 0000 90.4001 209
-17.2910 0000 90.4165 187
-17.2515 0000 90.4140 192
-17.2120 0000 90.4115 228
-17.1733 0000 90.4174 291
-17.1346 0000 90.4232 327
-17.0968 0000 90.4375 298
-17.0583 0000 90.4455 268
-17.0200 0000 90.4556 225
-16.9819 0000 90.4678 222
-16.9424 0000 90.4653 205
-16.9035 0000 90.4690 171
-16.8666 0000 90.4939 171
-16.8303 0000 90.5250 181
-16.7924 0000 90.5393 195
-16.7537 0000 90.5452 191
-16.7129 0000 90.5300 203
-16.6720 0000 90.5127 249
-16.6308 0000 90.4934 272
-16.5913 0000 90.4908 270
-16.5522 0000 90.4925 225
-16.5130 0000 90.4942 179
-16.4741 0000 90.4979 144
-16.4361 0000 90.5122 118
-16.3996 0000 90.5413 116
-16.3604 0000 90.5430 135
-16.3204 0000 90.5362 169
-16.2799 0000 90.5231 224
-16.2400 0000 90.5164 314
-16.2010 0000 90.5202 414
-16.1626 0000 90.5302 458
-16.1238 0000 90.5361 409
-16.0845 0000 90.5357 337
-16.0455 0000 90.5395 308
-16.0061 0000 90.5390 279
-15.9660 0000 90.5302 217
-15.9270 0000 90.5340 171
-15.8899 0000 90.5588 190
-15.8542 0000 90.5984 242
-15.8154 0000 90.6043 249
-15.7756 0000 90.5997 219
-15.7355 0000 90.5908 199
-15.6961 0000 90.5904 215
-15.6569 0000 90.5920 261
-15.6177 0000 90.5937 305
-15.5787 0000 90.5975 329
-15.5387 0000 90.5907 320
-15.4989 0000 90.5861 269
-15.4601 0000 90.5920 184
-15.4222 0000 90.6084 135
-15.3867 0000 90.6523 132
-15.3478 0000 90.6582 129
-15.3087 0000 90.6620 127
-15.2697 0000 90.6658 120
-15.2310 0000 90.6738 115
-15.1949 0000 90.7114 120
-15.1578 0000 90.7384 117
-15.1200 0000 90.7570 139
-15.0789 0000 90.7376 147
-15.0375 0000 90.7139 158
-15.0009 0000 90.7473 125
-14.9645 0000 90.7828 108
-14.9243 0000 90.7739 107
-14.8822 0000 90.7418 128
-14.8411 0000 90.7223 130
-14.8004 0000 90.7071 172
-14.7619 0000 90.7172 188
-14.7227 0000 90.7210 220
-14.6842 0000 90.7312 229
-14.6451 0000 90.7350 186
-14.6066 0000 90.7472 166
-14.5675 0000 90.7510 172
-14.5288 0000 90.7591 193
-14.4908 0000 90.7777 182
-14.4517 0000 90.7815 161
-14.4126 0000 90.7853 149
-14.3727 0000 90.7806 168
-14.3327 0000 90.7739 191
-14.2919 0000 90.7565 212
-14.2539 0000 90.7751 203
-14.2153 0000 90.7853 219
-14.1772 0000 90.8018 211
-14.1397 0000 90.8268 233
-14.1004 0000 90.8285 221
-14.0602 0000 90.8196 177
-14.0192 0000 90.8001 156
-13.9778 0000 90.7764 176
-13.9388 0000 90.7823 218
-13.9001 0000 90.7925 219
-13.8623 0000 90.8133 220
-13.8235 0000 90.8213 227
-13.7839 0000 90.8209 244
-13.7441 0000 90.8162 237
-13.7049 0000 90.8201 275
-13.6652 0000 90.8175 315
-13.6251 0000 90.8086 280
-13.5851 0000 90.8019 237
-13.5457 0000 90.8036 218
-13.5083 0000 90.8307 189
-13.4705 0000 90.8536 195
-13.4332 0000 90.8828 187
-13.3952 0000 90.9015 210
-13.3559 0000 90.9053 219
-13.3172 0000 90.9155 226
-13.2783 0000 90.9236 228
-13.2390 0000 90.9274 201
-13.2009 0000 90.9461 178
-13.1623 0000 90.9584 155
-13.1246 0000 90.9834 157
-13.0855 0000 90.9894 181
-13.0465 0000 90.9975 165
-13.0082 0000 91.0141 150
-12.9671 0000 90.9924 116
-12.9283 0000 91.0026 116
-12.8890 0000 91.0065 115
-12.8502 0000 91.0167 129
-12.8112 0000 91.0248 174
-12.7728 0000 91.0414 191
-12.7339 0000 91.0494 177
-12.6956 0000 91.0682 157
-12.6569 0000 91.0805 168
-12.6175 0000 91.0822 219
-12.5777 0000 91.0797 303
-12.5389 0000 91.0899 365
-12.4997 0000 91.0959 381
-12.4601 0000 91.0955 291
-12.4201 0000 91.0887 205
-12.3791 0000 91.0692 194
-12.3394 0000 91.0667 172
-12.3007 0000 91.0790 152
-12.2630 0000 91.1063 134
-12.2251 0000 91.1314 121
-12.1875 0000 91.1607 95
-12.1514 0000 91.2114 104
-12.1120 0000 91.2153 113
-12.0702 0000 91.1829 107
-12.0306 0000 91.1826 105
-11.9910 0000 91.1822 114
-11.9515 0000 91.1839 129
-11.9134 0000 91.2069 195
-11.8736 0000 91.2044 249
-11.8327 0000 91.1848 208
-11.7941 0000 91.1993 178
-11.7550 0000 91.2075 131
-11.7172 0000 91.2347 114
-11.6772 0000 91.2301 152
-11.6369 0000 91.2191 230
-11.5969 0000 91.2123 296
-11.5569 0000 91.2076 293
-11.5162 0000 91.1902 246
-11.4766 0000 91.1899 215
-11.4384 0000 91.2129 192
-11.3995 0000 91.2231 165
-11.3604 0000 91.2312 140
-11.3213 0000 91.2394 121
-11.2816 0000 91.2390 113
-11.2433 0000 91.2599 109
-11.2039 0000 91.2638 88
-11.1643 0000 91.2634 83
-11.1252 0000 91.2715 100
-11.0863 0000 91.2839 120
-11.0493 0000 91.3261 120
-11.0105 0000 91.3406 112
-10.9714 0000 91.3488 115
-10.9316 0000 91.3463 110
-10.8916 0000 91.3416 102
-10.8517 0000 91.3370 104
-10.8118 0000 91.3323 120
-10.7722 0000 91.3341 164
-10.7335 0000 91.3486 184
-10.6935 0000 91.3440 199
-10.6532 0000 91.3329 242
-10.6136 0000 91.3325 220
-10.5739 0000 91.3321 153
-10.5343 0000 91.3339 121
-10.4965 0000 91.3655 118
-10.4576 0000 91.3779 122
-10.4205 0000 91.4223 131
-10.3810 0000 91.4240 155
-10.3408 0000 91.4151 214
-10.3005 0000 91.4041 350
-10.2607 0000 91.4015 460
-10.2200 0000 91.3841 447
-10.1803 0000 91.3837 419
-10.1405 0000 91.3812 360
-10.1005 0000 91.3744 286
-10.0608 0000 91.3740 222
-10.0214 0000 91.3779 193
-9.9828 0000 91.3967 199
-9.9430 0000 91.3942 207
-9.9031 0000 91.3896 216
-9.8624 0000 91.3721 171
-9.8226 0000 91.3696 137
-9.7842 0000 91.3927 132
-9.7461 0000 91.4200 116
-9.7076 0000 91.4431 109
-9.6670 0000 91.4256 95
-9.6280 0000 91.4380 110
-9.5908 0000 91.4846 133
-9.5503 0000 91.4693 159
-9.5103 0000 91.4625 160
-9.4705 0000 91.4600 142
-9.4305 0000 91.4553 134
-9.3907 0000 91.4528 148
-9.3512 0000 91.4545 155
-9.3124 0000 91.4734 138
-9.2728 0000 91.4751 128
-9.2331 0000 91.4747 121
-9.1929 0000 91.4637 117
-9.1519 0000 91.4377 121
-9.1121 0000 91.4351 120
-9.0726 0000 91.4390 116
-9.0333 0000 91.4450 97
-8.9938 0000 91.4489 79
-8.9540 0000 91.4464 76
-8.9143 0000 91.4460 83
-8.8750 0000 91.4542 80
-8.8368 0000 91.4858 78
-8.7988 0000 91.5196 82
-8.7590 0000 91.5170 105
-8.7191 0000 91.5124 127
-8.6800 0000 91.5248 143
-8.6419 0000 91.5586 146
-8.6031 0000 91.5796 165
-8.5631 0000 91.5728 135
-8.5231 0000 91.5660 110
-8.4836 0000 91.5699 107
-8.4444 0000 91.5823 125
-8.4059 0000 91.6076 135
-8.3663 0000 91.6115 135
-8.3258 0000 91.5940 136
-8.2858 0000 91.5872 122
-8.2459 0000 91.5825 122
-8.2064 0000 91.5886 149
-8.1668 0000 91.5903 180
-8.1268 0000 91.5857 195
-8.0869 0000 91.5810 177
-8.0477 0000 91.5913 146
-8.0088 0000 91.6123 124
-7.9690 0000 91.6098 126
-7.9294 0000 91.6116 120
-7.8915 0000 91.6540 112
-7.8519 0000 91.6579 114
-7.8114 0000 91.6404 128
-7.7716 0000 91.6379 131
-7.7317 0000 91.6353 137
-7.6920 0000 91.6350 149
-7.6525 0000 91.6410 158
-7.6133 0000 91.6556 143
-7.5747 0000 91.6831 108
-7.5357 0000 91.7019 109
-7.4952 0000 91.6823 101
-7.4553 0000 91.6798 113
-7.4155 0000 91.6773 129
-7.3759 0000 91.6812 178
-7.3369 0000 91.7001 346
-7.2974 0000 91.7061 481
-7.2583 0000 91.7229 450
-7.2188 0000 91.7311 428
-7.1790 0000 91.7307 349
-7.1393 0000 91.7304 235
-7.0996 0000 91.7343 155
-7.0603 0000 91.7468 117
-7.0216 0000 91.7743 113
-6.9821 0000 91.7825 114
-6.9426 0000 91.7885 112
-6.9035 0000 91.8075 97
-6.8637 0000 91.8093 106
-6.8239 0000 91.8068 112
-6.7838 0000 91.8000 98
-6.7433 0000 91.7803 100
-6.7035 0000 91.7800 104
-6.6635 0000 91.7732 107
-6.6235 0000 91.7664 111
-6.5842 0000 91.7810 93
-6.5446 0000 91.7871 87
-6.5050 0000 91.7911 91
-6.4670 0000 91.8443 104
-6.4275 0000 91.8547 118
-6.3878 0000 91.8565 119
-6.3482 0000 91.8647 117
-6.3086 0000 91.8708 120
-6.2687 0000 91.8683 110
-6.2281 0000 91.8422 103
-6.1882 0000 91.8419 107
-6.1484 0000 91.8415 108
-6.1085 0000 91.8369 92
-6.0688 0000 91.8408 85
-6.0292 0000 91.8491 110
-5.9901 0000 91.8702 146
-5.9504 0000 91.8763 185
-5.9107 0000 91.8781 206
-5.8710 0000 91.8842 198
-5.8319 0000 91.9074 184
-5.7928 0000 91.9307 147
-5.7530 0000 91.9347 135
-5.7131 0000 91.9322 125
-5.6727 0000 91.9125 146
-5.6329 0000 91.9122 166
-5.5930 0000 91.9097 167
-5.5530 0000 91.9051 154
-5.5131 0000 91.9047 139
-5.4732 0000 91.9022 109
-5.4333 0000 91.8998 89
-5.3935 0000 91.8994 97
-5.3538 0000 91.9055 123
-5.3144 0000 91.9224 141
-5.2746 0000 91.9242 174
-5.2352 0000 91.9389 210
-5.1956 0000 91.9493 220
-5.1558 0000 91.9489 213
-5.1157 0000 91.9400 253
-5.0758 0000 91.9375 321
-5.0359 0000 91.9350 330
-4.9957 0000 91.9240 276
-4.9557 0000 91.9172 235
-4.9159 0000 91.9169 212
-4.8761 0000 91.9187 181
-4.8363 0000 91.9205 167
-4.7966 0000 91.9266 176
-4.7569 0000 91.9348 182
-4.7172 0000 91.9388 169
-4.6773 0000 91.9363 163
-4.6381 0000 91.9661 203
-4.5984 0000 91.9722 251
-4.5585 0000 91.9718 273
-4.5186 0000 91.9694 290
-4.4788 0000 91.9712 270
-4.4391 0000 91.9794 230
-4.3995 0000 91.9920 204
-4.3599 0000 92.0046 172
-4.3211 0000 92.0559 141
-4.2815 0000 92.0684 128
-4.2422 0000 92.0961 138
-4.2029 0000 92.1237 138
-4.1630 0000 92.1255 141
-4.1230 0000 92.1187 136
-4.0830 0000 92.1120 128
-4.0427 0000 92.0901 114
-4.0028 0000 92.0919 90
-3.9634 0000 92.1196 82
-3.9235 0000 92.1192 89
-3.8833 0000 92.0995 101
-3.8435 0000 92.1078 96
-3.8041 0000 92.1311 85
-3.7642 0000 92.1351 93
-3.7251 0000 92.1800 112
-3.6854 0000 92.1883 136
-3.6455 0000 92.1901 146
-3.6055 0000 92.1876 145
-3.5651 0000 92.1593 141
-3.5248 0000 92.1310 169
-3.4849 0000 92.1349 210
-3.4452 0000 92.1454 264
-3.4053 0000 92.1429 284
-3.3652 0000 92.1318 284
-3.3252 0000 92.1293 319
-3.2852 0000 92.1225 370
-3.2453 0000 92.1200 386
-3.2055 0000 92.1283 363
-3.1659 0000 92.1473 282
-3.1262 0000 92.1642 251
-3.0864 0000 92.1704 225
-3.0466 0000 92.1808 228
-3.0069 0000 92.1912 234
-2.9670 0000 92.1952 250
-2.9271 0000 92.1949 270
-2.8871 0000 92.1924 272
-2.8471 0000 92.1813 274
-2.8069 0000 92.1637 288
-2.7666 0000 92.1246 287
-2.7265 0000 92.1092 247
-2.6866 0000 92.1132 196
-2.6471 0000 92.1452 171
-2.6076 0000 92.1793 195
-2.5680 0000 92.2135 193
-2.5283 0000 92.2347 238
-2.4882 0000 92.2150 235
-2.4482 0000 92.2103 247
-2.4083 0000 92.2078 270
-2.3684 0000 92.2096 278
-2.3286 0000 92.2201 236
-2.2889 0000 92.2478 198
-2.2490 0000 92.2540 160
-2.2091 0000 92.2579 138
-2.1695 0000 92.3008 135
-2.1298 0000 92.3199 128
-2.0901 0000 92.3498 120
-2.0502 0000 92.3559 107
-2.0102 0000 92.3534 122
-1.9701 0000 92.3315 134
-1.9301 0000 92.3247 129
-1.8901 0000 92.3244 107
-1.8505 0000 92.3716 103
-1.8106 0000 92.3864 128
-1.7707 0000 92.3904 153
-1.7307 0000 92.3879 157
-1.6907 0000 92.3876 168
-1.6507 0000 92.3829 188
-1.6107 0000 92.3826 191
-1.5708 0000 92.3823 182
-1.5308 0000 92.3863 182
-1.4909 0000 92.3881 181
-1.4509 0000 92.3921 177
-1.4110 0000 92.4134 179
-1.3712 0000 92.4325 138
-1.3312 0000 92.4322 129
-1.2913 0000 92.4535 132
-1.2513 0000 92.4532 152
-1.2113 0000 92.4485 169
-1.1713 0000 92.4547 166
-1.1314 0000 92.4717 155
-1.0915 0000 92.4973 181
-1.0515 0000 92.4927 221
-1.0114 0000 92.4686 248
-0.9714 0000 92.4639 267
-0.9314 0000 92.4485 256
-0.8915 0000 92.4698 190
-0.8515 0000 92.4954 172
-0.8115 0000 92.5037 148
-0.7715 0000 92.5099 119
-0.7315 0000 92.5096 104
-0.6915 0000 92.5114 101
-0.6515 0000 92.5089 109
-0.6115 0000 92.4978 141
-0.5715 0000 92.4997 176
-0.5315 0000 92.5102 207
-0.4916 0000 92.5033 259
-0.4516 0000 92.4922 306
-0.4116 0000 92.4919 336
-0.3716 0000 92.4937 368
-0.3316 0000 92.4739 372
-0.2917 0000 92.4715 393
-0.2517 0000 92.4733 369
-0.2117 0000 92.4730 324
-0.1717 0000 92.4705 310
-0.1317 0000 92.4723 295
-0.0917 0000 92.4742 234
-0.0516 0000 92.4977 183
-0.0116 0000 92.5125 146
0.0284 0000 92.5230 127
0.0686 0000 92.5660 119
0.1086 0000 92.5678 127
0.1486 0000 92.5696 158
0.1887 0000 92.5736 241
0.2287 0000 92.5798 303
0.2687 0000 92.5817 262
0.3087 0000 92.5813 198
0.3487 0000 92.5767 172
0.3887 0000 92.5699 198
0.4287 0000 92.5695 264
0.4687 0000 92.5714 283
0.5087 0000 92.5689 248
0.5487 0000 92.5621 218
0.5886 0000 92.5574 188
0.6286 0000 92.5571 165
0.6687 0000 92.5633 163
0.7087 0000 92.5694 174
0.7488 0000 92.5734 192
0.7888 0000 92.5775 207
0.8290 0000 92.5966 241
0.8690 0000 92.6006 217
0.9092 0000 92.6198 146
0.9492 0000 92.6238 125
0.9893 0000 92.6278 137
1.0294 0000 92.6383 138
1.0700 0000 92.6921 137
1.1101 0000 92.7048 165
1.1503 0000 92.7197 191
1.1908 0000 92.7606 190
1.2309 0000 92.7689 185
1.2709 0000 92.7664 190
1.3109 0000 92.7596 194
1.3509 0000 92.7571 185
1.3910 0000 92.7589 161
1.4314 0000 92.7889 144
1.4722 0000 92.8494 159
1.5128 0000 92.8925 168
1.5531 0000 92.9117 204
1.5925 0000 92.8636 214
1.6326 0000 92.8611 201
1.6726 0000 92.8629 173
1.7128 0000 92.8669 138
1.7531 0000 92.8861 115
1.7924 0000 92.8315 105
1.8324 0000 92.8268 113
1.8725 0000 92.8308 127
1.9125 0000 92.8305 161
1.9526 0000 92.8302 203
1.9927 0000 92.8342 199
2.0329 0000 92.8447 160
2.0734 0000 92.8704 148
2.1136 0000 92.8809 168
2.1537 0000 92.8849 195
2.1937 0000 92.8781 186
2.2339 0000 92.8864 161
2.2741 0000 92.8948 164
2.3143 0000 92.9053 174
2.3549 0000 92.9376 177
2.3956 0000 92.9699 205
2.4358 0000 92.9761 209
2.4757 0000 92.9692 196
2.5157 0000 92.9645 186
2.5558 0000 92.9642 193
2.5955 0000 92.9421 212
2.6354 0000 92.9374 249
2.6754 0000 92.9305 258
2.7154 0000 92.9280 241
2.7557 0000 92.9407 213
2.7963 0000 92.9665 182
2.8365 0000 92.9748 142
2.8774 0000 93.0115 119
2.9182 0000 93.0482 132
2.9582 0000 93.0435 146
2.9983 0000 93.0431 166
3.0386 0000 93.0515 194
3.0787 0000 93.0533 190
3.1186 0000 93.0443 166
3.1586 0000 93.0418 171
3.1987 0000 93.0415 174
3.2388 0000 93.0411 152
3.2789 0000 93.0408 139
3.3191 0000 93.0470 149
3.3594 0000 93.0554 179
3.3999 0000 93.0746 231
3.4394 0000 93.0481 229
3.4792 0000 93.0369 257
3.5193 0000 93.0366 266
3.5598 0000 93.0515 225
3.5995 0000 93.0381 222
3.6402 0000 93.0617 189
3.6809 0000 93.0853 172
3.7212 0000 93.0937 146
3.7616 0000 93.1043 135
3.8018 0000 93.1105 129
3.8419 0000 93.1102 127
3.8820 0000 93.1098 128
3.9226 0000 93.1269 134
3.9628 0000 93.1310 125
4.0036 0000 93.1546 110
4.0441 0000 93.1696 107
4.0860 0000 93.2368 112
4.1280 0000 93.3020 121
4.1690 0000 93.3345 114
4.2099 0000 93.3603 111
4.2493 0000 93.3338 90
4.2882 0000 93.2898 74
4.3264 0000 93.2218 74
4.3662 0000 93.2106 106
4.4065 0000 93.2168 179
4.4470 0000 93.2274 270
4.4872 0000 93.2292 330
4.5273 0000 93.2289 332
4.5681 0000 93.2526 283
4.6092 0000 93.2828 303
4.6498 0000 93.2978 281
4.6908 0000 93.3259 220
4.7319 0000 93.3561 221
4.7723 0000 93.3645 220
4.8128 0000 93.3730 200
4.8531 0000 93.3792 152
4.8931 0000 93.3723 108
4.9330 0000 93.3633 92
4.9741 0000 93.3914 104
5.0144 0000 93.3976 118
5.0548 0000 93.4038 135
5.0951 0000 93.4079 154
5.1353 0000 93.4076 166
5.1752 0000 93.4007 173
5.2147 0000 93.3807 154
5.2561 0000 93.4176 143
5.2975 0000 93.4523 157
5.3382 0000 93.4651 162
5.3794 0000 93.4954 138
5.4202 0000 93.5126 127
5.4605 0000 93.5145 118
5.5008 0000 93.5164 120
5.5410 0000 93.5182 127
5.5815 0000 93.5267 133
5.6232 0000 93.5680 139
5.6637 0000 93.5742 136
5.7041 0000 93.5805 134
5.7444 0000 93.5824 141
5.7845 0000 93.5777 150
5.8246 0000 93.5752 172
5.8648 0000 93.5749 205
5.9050 0000 93.5746 222
5.9453 0000 93.5787 239
5.9864 0000 93.6003 253
6.0264 0000 93.5956 287
6.0664 0000 93.5909 261
6.1061 0000 93.5774 217
6.1457 0000 93.5618 175
6.1841 0000 93.5177 172
6.2243 0000 93.5174 219
6.2653 0000 93.5368 315
6.3060 0000 93.5496 344
6.3466 0000 93.5603 404
6.3873 0000 93.5709 403
6.4276 0000 93.5728 329
6.4678 0000 93.5747 249
6.5081 0000 93.5766 189
6.5494 0000 93.6026 166
6.5908 0000 93.6308 134
6.6322 0000 93.6590 124
6.6732 0000 93.6763 101
6.7148 0000 93.7089 94
6.7552 0000 93.7108 105
6.7951 0000 93.7039 109
6.8350 0000 93.6970 107
6.8754 0000 93.7011 103
6.9159 0000 93.7074 100
6.9560 0000 93.7049 106
6.9963 0000 93.7068 128
7.0367 0000 93.7109 154
7.0766 0000 93.7018 174
7.1162 0000 93.6884 187
7.1564 0000 93.6881 193
7.1966 0000 93.6878 186
7.2361 0000 93.6722 162
7.2772 0000 93.6916 113
7.3178 0000 93.7001 108
7.3591 0000 93.7239 128
7.3995 0000 93.7280 147
7.4389 0000 93.7102 152
7.4788 0000 93.7033 172
7.5189 0000 93.7009 197
7.5591 0000 93.7006 220
7.5994 0000 93.7025 245
7.6400 0000 93.7110 254
7.6820 0000 93.7458 229
7.7227 0000 93.7565 201
7.7618 0000 93.7343 184
7.8006 0000 93.7055 205
7.8418 0000 93.7249 230
7.8833 0000 93.7510 311
7.9240 0000 93.7595 299
7.9644 0000 93.7636 247
8.0046 0000 93.7633 206
8.0451 0000 93.7696 174
8.0877 0000 93.8154 155
8.1286 0000 93.8283 159
8.1691 0000 93.8325 163
8.2108 0000 93.8608 135
8.2523 0000 93.8847 125
8.2923 0000 93.8800 116
8.3311 0000 93.8533 126
8.3704 0000 93.8355 136
8.4110 0000 93.8418 146
8.4525 0000 93.8657 164
8.4940 0000 93.8896 184
8.5342 0000 93.8893 247
8.5739 0000 93.8780 322
8.6141 0000 93.8778 354
8.6551 0000 93.8907 307
8.6960 0000 93.9036 238
8.7365 0000 93.9077 191
8.7772 0000 93.9162 175
8.8176 0000 93.9182 163
8.8584 0000 93.9289 158
8.8987 0000 93.9286 163
8.9391 0000 93.9328 186
8.9806 0000 93.9545 181
9.0214 0000 93.9630 177
9.0619 0000 93.9671 168
9.1045 0000 94.0087 165
9.1451 0000 94.0150 175
9.1858 0000 94.0213 192
9.2262 0000 94.0233 207
9.2664 0000 94.0230 226
9.3068 0000 94.0249 229
9.3475 0000 94.0313 206
9.3880 0000 94.0354 205
9.4282 0000 94.0351 219
9.4690 0000 94.0437 213
9.5098 0000 94.0522 219
9.5502 0000 94.0542 224
9.5913 0000 94.0671 187
9.6314 0000 94.0647 167
9.6729 0000 94.0842 165
9.7133 0000 94.0862 162
9.7533 0000 94.0815 190
9.7921 0000 94.0570 211
9.8312 0000 94.0391 233
9.8715 0000 94.0388 207
9.9112 0000 94.0298 185
9.9511 0000 94.0229 180
9.9897 0000 93.9962 192
10.0288 0000 93.9784 177
10.0705 0000 94.0001 198
10.1108 0000 94.0020 185
10.1512 0000 94.0040 169
10.1913 0000 94.0015 166
10.2314 0000 93.9991 164
10.2718 0000 94.0010 158
10.3121 0000 94.0007 156
10.3506 0000 93.9741 145
10.3906 0000 93.9694 155
10.4312 0000 93.9758 165
10.4729 0000 93.9975 186
10.5134 0000 94.0017 185
10.5538 0000 94.0036 175
10.5944 0000 94.0077 169
10.6346 0000 94.0075 177
10.6753 0000 94.0138 175
10.7139 0000 93.9894 224
10.7530 0000 93.9715 227
10.7944 0000 93.9888 210
10.8367 0000 94.0194 226
10.8775 0000 94.0280 249
10.9191 0000 94.0475 270
10.9597 0000 94.0517 314
11.0001 0000 94.0536 353
11.0405 0000 94.0556 385
11.0810 0000 94.0597 382
11.1214 0000 94.0617 349
11.1623 0000 94.0702 339
11.2024 0000 94.0678 298
11.2411 0000 94.0455 261
11.2812 0000 94.0430 243
11.3214 0000 94.0428 251
11.3626 0000 94.0557 279
11.4031 0000 94.0599 244
11.4451 0000 94.0839 173
11.4856 0000 94.0880 135
11.5240 0000 94.0613 117
11.5630 0000 94.0434 99
11.6002 0000 94.0014 100
11.6422 0000 94.0253 106
11.6830 0000 94.0339 124
11.7234 0000 94.0358 136
11.7656 0000 94.0620 146
11.8067 0000 94.0750 131
11.8489 0000 94.1012 112
11.8916 0000 94.1340 123
11.9339 0000 94.1624 117
11.9756 0000 94.1820 130
12.0161 0000 94.1839 118
12.0560 0000 94.1792 97
12.0926 0000 94.1305 82
12.1322 0000 94.1214 81
12.1708 0000 94.0991 93
12.2110 0000 94.0989 134
12.2510 0000 94.0964 216
12.2911 0000 94.0940 312
12.3317 0000 94.0981 382
12.3732 0000 94.1155 391
12.4141 0000 94.1241 414
12.4557 0000 94.1414 474
12.4961 0000 94.1434 498
12.5363 0000 94.1431 539
12.5767 0000 94.1451 576
12.6171 0000 94.1470 581
12.6577 0000 94.1512 579
12.6977 0000 94.1487 527
12.7393 0000 94.1661 384
12.7800 0000 94.1725 289
12.8201 0000 94.1700 215
12.8582 0000 94.1433 182
12.8967 0000 94.1210 160
12.9360 0000 94.1097 167
12.9771 0000 94.1205 153
13.0171 0000 94.1180 139
13.0573 0000 94.1178 143
13.0982 0000 94.1263 138
13.1425 0000 94.1768 121
13.1875 0000 94.2361 99
13.2293 0000 94.2557 87
13.2703 0000 94.2642 84
13.3107 0000 94.2662 82
13.3515 0000 94.2725 91
13.3920 0000 94.2767 106
13.4328 0000 94.2831 109
13.4748 0000 94.3049 101
13.5147 0000 94.3002 101
13.5555 0000 94.3066 105
13.6001 0000 94.3593 129
13.6422 0000 94.3811 167
13.6820 0000 94.3764 212
13.7221 0000 94.3740 224
13.7606 0000 94.3538 232
13.7992 0000 94.3337 216
13.8388 0000 94.3268 247
13.8787 0000 94.3221 291
13.9189 0000 94.3219 299
13.9595 0000 94.3260 287
14.0001 0000 94.3302 274
14.0420 0000 94.3498 261
14.0826 0000 94.3539 234
14.1230 0000 94.3559 227
14.1632 0000 94.3556 209
14.2034 0000 94.3554 192
14.2432 0000 94.3507 185
14.2821 0000 94.3350 200
14.3217 0000 94.3281 190
14.3632 0000 94.3433 165
14.4042 0000 94.3518 173
14.4450 0000 94.3582 187
14.4850 0000 94.3557 200
14.5250 0000 94.3532 229
14.5657 0000 94.3596 237
14.6061 0000 94.3615 221
14.6463 0000 94.3613 211
14.6863 0000 94.3588 193
14.7261 0000 94.3541 167
14.7661 0000 94.3516 144
14.8062 0000 94.3514 133
14.8466 0000 94.3533 130
14.8870 0000 94.3553 131
14.9270 0000 94.3528 140
14.9673 0000 94.3547 152
15.0079 0000 94.3589 157
15.0483 0000 94.3608 159
15.0890 0000 94.3672 155
15.1332 0000 94.4110 150
15.1748 0000 94.4262 153
15.2164 0000 94.4414 154
15.2582 0000 94.4588 156
15.2960 0000 94.4321 129
15.3351 0000 94.4207 113
15.3728 0000 94.3940 103
15.4119 0000 94.3827 96
15.4517 0000 94.3780 98
15.4920 0000 94.3799 93
15.5326 0000 94.3840 97
15.5713 0000 94.3683 112
15.6135 0000 94.3901 135
15.6537 0000 94.3899 172
15.6938 0000 94.3896 223
15.7361 0000 94.4114 300
15.7764 0000 94.4133 353
15.8163 0000 94.4108 382
15.8565 0000 94.4106 389
15.8973 0000 94.4169 386
15.9393 0000 94.4365 347
15.9778 0000 94.4186 351
16.0177 0000 94.4161 311
16.0582 0000 94.4202 277
16.0992 0000 94.4288 255
16.1420 0000 94.4550 220
16.1847 0000 94.4812 232
16.2257 0000 94.4898 248
16.2656 0000 94.4873 275
16.3053 0000 94.4826 301
16.3452 0000 94.4801 324
16.3856 0000 94.4821 302
16.4253 0000 94.4774 251
16.4650 0000 94.4727 227
16.5025 0000 94.4459 217
16.5415 0000 94.4345 239
16.5814 0000 94.4321 275
16.6220 0000 94.4362 306
16.6625 0000 94.4403 328
16.7035 0000 94.4489 358
16.7465 0000 94.4773 399
16.7898 0000 94.5080 348
16.8308 0000 94.5165 321
16.8714 0000 94.5207 298
16.9135 0000 94.5403 286
16.9536 0000 94.5400 234
16.9938 0000 94.5397 185
17.0337 0000 94.5372 166
17.0740 0000 94.5391 176
17.1146 0000 94.5433 198
17.1549 0000 94.5452 210
17.1948 0000 94.5427 213
17.2347 0000 94.5402 205
17.2753 0000 94.5443 177
17.3189 0000 94.5772 147
17.3620 0000 94.6057 158
17.4021 0000 94.6054 162
17.4455 0000 94.6361 146
17.4831 0000 94.6114 150
17.5227 0000 94.6067 155
17.5626 0000 94.6042 148
17.6034 0000 94.6106 137
17.6442 0000 94.6169 138
17.6895 0000 94.6653 146
17.7308 0000 94.6761 155
17.7719 0000 94.6847 166
17.8130 0000 94.6932 176
17.8536 0000 94.6974 185
17.8937 0000 94.6971 181
17.9334 0000 94.6923 157
17.9733 0000 94.6898 131
18.0134 0000 94.6895 124
18.0557 0000 94.7092 139
18.0963 0000 94.7133 137
18.1340 0000 94.6909 129
18.1717 0000 94.6684 146
18.2113 0000 94.6637 146
18.2507 0000 94.6568 161
18.2906 0000 94.6542 191
18.3312 0000 94.6584 206
18.3737 0000 94.6802 173
18.4153 0000 94.6932 163
18.4562 0000 94.6996 167
18.5009 0000 94.7414 164
18.5420 0000 94.7499 153
18.5827 0000 94.7541 145
18.6235 0000 94.7604 136
18.6688 0000 94.8067 139
18.7105 0000 94.8197 155
18.7516 0000 94.8283 165
18.7970 0000 94.8746 161
18.8384 0000 94.8854 151
18.8783 0000 94.8829 138
18.9176 0000 94.8759 127
18.9550 0000 94.8512 134
18.9946 0000 94.8465 144
19.0320 0000 94.8218 131
19.0734 0000 94.8326 122
19.1140 0000 94.8367 110
19.1549 0000 94.8431 107
19.1922 0000 94.8184 102
19.2295 0000 94.7937 121
19.2699 0000 94.7956 128
19.3118 0000 94.8109 129
19.3517 0000 94.8084 172
19.3918 0000 94.8081 234
19.4319 0000 94.8078 273
19.4722 0000 94.8097 266
19.5131 0000 94.8161 245
19.5543 0000 94.8247 258
19.5952 0000 94.8311 273
19.6394 0000 94.8663 257
19.6814 0000 94.8815 243
19.7233 0000 94.8968 228
19.7682 0000 94.9365 208
19.8101 0000 94.9517 194
19.8521 0000 94.9670 187
19.8949 0000 94.9890 180
19.9382 0000 95.0154 210
19.9789 0000 95.0195 234
20.0196 0000 95.0237 243
20.0634 0000 95.0546 218
20.1049 0000 95.0654 205
20.1475 0000 95.0852 198
20.1882 0000 95.0893 183
20.2294 0000 95.0980 192
20.2706 0000 95.1066 203
20.3135 0000 95.1286 188
20.3563 0000 95.1506 203
20.3973 0000 95.1570 219
20.4413 0000 95.1879 214
20.4820 0000 95.1921 199
20.5224 0000 95.1940 168
20.5629 0000 95.1960 137
20.6033 0000 95.1979 112
20.6421 0000 95.1865 98
20.6781 0000 95.1529 102
20.7188 0000 95.1571 108
20.7593 0000 95.1590 118
20.7997 0000 95.1610 122
20.8407 0000 95.1674 124
20.8836 0000 95.1894 141
20.9265 0000 95.2114 137
20.9672 0000 95.2156 141
21.0054 0000 95.1998 149
21.0456 0000 95.1995 144
21.0891 0000 95.2260 137
21.1306 0000 95.2369 140
21.1708 0000 95.2366 139
21.2112 0000 95.2386 133
21.2516 0000 95.2405 118
21.2923 0000 95.2447 108
21.3333 0000 95.2512 110
21.3738 0000 95.2531 113
21.4173 0000 95.2796 124
21.4580 0000 95.2838 126
21.5013 0000 95.3081 108
21.5457 0000 95.3413 103
21.5896 0000 95.3700 93
21.6303 0000 95.3742 99
21.6731 0000 95.3940 110
21.7141 0000 95.4005 100
21.7554 0000 95.4092 101
21.7947 0000 95.4022 129
21.8317 0000 95.3774 132
21.8753 0000 95.4039 120
21.9215 0000 95.4505 99
21.9666 0000 95.4882 110
22.0076 0000 95.4947 108
22.0481 0000 95.4967 97
22.0885 0000 95.4986 91
22.1319 0000 95.5229 93
22.1723 0000 95.5249 100
22.2131 0000 95.5291 99
22.2562 0000 95.5512 103
22.2934 0000 95.5286 96
22.3335 0000 95.5284 102
22.3745 0000 95.5348 107
22.4176 0000 95.5569 120
22.4599 0000 95.5723 116
22.5006 0000 95.5765 127
22.5410 0000 95.5785 139
22.5806 0000 95.5738 155
22.6180 0000 95.5534 160
22.6608 0000 95.5733 180
22.7022 0000 95.5819 179
22.7435 0000 95.5906 179
22.7872 0000 95.6172 168
22.8306 0000 95.6415 169
22.8720 0000 95.6502 149
22.9130 0000 95.6567 153
22.9540 0000 95.6631 193
22.9948 0000 95.6673 233
23.0349 0000 95.6671 250
23.0765 0000 95.6780 255
23.1218 0000 95.7158 251
23.1631 0000 95.7245 230
23.2036 0000 95.7265 187
23.2446 0000 95.7329 127
23.2881 0000 95.7573 98
23.3285 0000 95.7593 95
23.3686 0000 95.7590 102
23.4118 0000 95.7812 99
23.4528 0000 95.7876 102
23.4929 0000 95.7874 109
23.5309 0000 95.7715 122
23.5700 0000 95.7645 113
23.6095 0000 95.7598 109
23.6483 0000 95.7506 119
23.6847 0000 95.7235 120
23.7247 0000 95.7232 125
23.7658 0000 95.7297 134
23.8064 0000 95.7339 144
23.8490 0000 95.7516 170
23.8894 0000 95.7536 180
23.9295 0000 95.7533 174
23.9695 0000 95.7531 155
24.0093 0000 95.7506 130
24.0528 0000 95.7750 105
24.0938 0000 95.7815 99
24.1349 0000 95.7879 94
24.1791 0000 95.8168 103
24.2201 0000 95.8233 106
24.2605 0000 95.8253 104
24.2996 0000 95.8183 95
24.3396 0000 95.8181 82
24.3803 0000 95.8223 76
24.4210 0000 95.8265 79
24.4624 0000 95.8353 87
24.5098 0000 95.8865 98
24.5506 0000 95.8908 107
24.5935 0000 95.9107 104
24.6346 0000 95.9172 107
24.6743 0000 95.9147 115
24.7137 0000 95.9100 125
24.7535 0000 95.9075 122
24.7935 0000 95.9073 117
24.8346 0000 95.9138 121
24.8763 0000 95.9248 124
24.9166 0000 95.9268 126
24.9567 0000 95.9265 128
24.9974 0000 95.9308 130
25.0411 0000 95.9552 132
25.0825 0000 95.9639 147
25.1262 0000 95.9884 180
25.1636 0000 95.9702 196
25.2024 0000 95.9610 227
25.2421 0000 95.9585 264
25.2821 0000 95.9583 300
25.3222 0000 95.9581 317
25.3622 0000 95.9578 322
25.4023 0000 95.9576 311
25.4427 0000 95.9596 270
25.4831 0000 95.9616 211
25.5231 0000 95.9614 173
25.5669 0000 95.9858 191
25.6083 0000 95.9946 216
25.6491 0000 95.9988 197
25.6888 0000 95.9964 159
25.7288 0000 95.9961 154
25.7703 0000 96.0049 171
