wt=151420040, DLLFiFo=0
-24.0648 0000 81.7725 71
-24.0278 0000 81.7718 67
-23.9917 0000 81.7768 68
-23.9623 0000 81.8271 87
-23.9254 0000 81.8264 112
-23.8859 0000 81.8087 131
-23.8470 0000 81.7948 149
-23.8097 0000 81.7922 138
-23.7728 0000 81.7916 121
-23.7330 0000 81.7720 110
-23.6950 0000 81.7637 108
-23.6522 0000 81.7234 106
-23.6125 0000 81.7039 107
-23.5752 0000 81.7013 95
-23.5422 0000 81.7270 113
-23.5077 0000 81.7433 135
-23.4702 0000 81.7389 155
-23.4357 0000 81.7552 165
-23.4004 0000 81.7658 145
-23.3667 0000 81.7878 124
-23.3306 0000 81.7928 133
-23.2972 0000 81.8167 130
-23.2618 0000 81.8273 130
-23.2254 0000 81.8304 122
-23.1873 0000 81.8222 107
-23.1465 0000 81.7951 111
-23.1082 0000 81.7850 126
-23.0723 0000 81.7919 133
-23.0405 0000 81.8271 110
-23.0089 0000 81.8642 131
-22.9751 0000 81.8862 143
-22.9397 0000 81.8969 159
-22.9027 0000 81.8962 160
-22.8638 0000 81.8823 142
-22.8252 0000 81.8703 123
-22.7833 0000 81.8356 108
-22.7463 0000 81.8350 97
-22.7144 0000 81.8702 90
-22.6760 0000 81.8601 93
-22.6300 0000 81.7952 121
-22.5893 0000 81.7681 158
-22.5509 0000 81.7580 123
-22.5155 0000 81.7687 99
-22.4880 0000 81.8360 106
-22.4528 0000 81.8486 109
-22.4163 0000 81.8517 97
-22.3801 0000 81.8568 83
-22.3467 0000 81.8826 72
-22.3139 0000 81.9122 80
-22.2781 0000 81.9210 95
-22.2416 0000 81.9241 99
-22.2053 0000 81.9292 93
-22.1680 0000 81.9267 95
-22.1296 0000 81.9166 95
-22.0894 0000 81.8932 84
-22.0550 0000 81.9115 92
-22.0187 0000 81.9166 103
-21.9829 0000 81.9254 132
-21.9463 0000 81.9286 169
-21.9092 0000 81.9279 168
-21.8721 0000 81.9273 160
-21.8376 0000 81.9456 132
-21.8082 0000 82.0018 124
-21.7708 0000 81.9993 148
-21.7314 0000 81.9816 170
-21.6945 0000 81.9829 185
-21.6569 0000 81.9785 176
-21.6190 0000 81.9723 161
-21.5821 0000 81.9736 161
-21.5452 0000 81.9748 169
-21.5088 0000 81.9799 180
-21.4729 0000 81.9888 194
-21.4368 0000 81.9958 190
-21.4017 0000 82.0104 141
-21.3668 0000 82.0268 112
-21.3301 0000 82.0300 95
-21.2929 0000 82.0294 97
-21.2555 0000 82.0270 108
-21.2183 0000 82.0264 139
-21.1814 0000 82.0277 193
-21.1442 0000 82.0272 251
-21.1070 0000 82.0266 271
-21.0703 0000 82.0298 238
-21.0341 0000 82.0368 187
-20.9974 0000 82.0401 151
-20.9589 0000 82.0300 145
-20.9200 0000 82.0162 161
-20.8806 0000 81.9986 152
-20.8387 0000 81.9621 172
-20.7969 0000 81.9256 244
-20.7580 0000 81.9118 275
-20.7203 0000 81.9075 285
-20.6831 0000 81.9069 231
-20.6469 0000 81.9139 158
-20.6159 0000 81.9626 118
-20.5836 0000 81.9999 109
-20.5495 0000 82.0240 98
-20.5089 0000 81.9970 107
-20.4671 0000 81.9605 99
-20.4226 0000 81.9032 94
-20.3797 0000 81.8572 115
-20.3396 0000 81.8340 146
-20.3022 0000 81.8316 142
-20.2674 0000 81.8500 136
-20.2301 0000 81.8495 125
-20.1932 0000 81.8508 96
-20.1555 0000 81.8465 81
-20.1175 0000 81.8403 73
-20.0798 0000 81.8360 72
-20.0407 0000 81.8204 82
-20.0040 0000 81.8237 111
-19.9675 0000 81.8288 117
-19.9302 0000 81.8283 93
-19.8953 0000 81.8467 71
-19.8630 0000 81.8859 85
-19.8299 0000 81.9195 116
-19.7929 0000 81.9208 128
-19.7563 0000 81.9260 102
-19.7193 0000 81.9274 78
-19.6795 0000 81.9061 77
-19.6445 0000 81.9245 74
-19.6075 0000 81.9259 82
-19.5702 0000 81.9254 81
-19.5334 0000 81.9287 77
-19.4961 0000 81.9282 79
-19.4577 0000 81.9182 82
-19.4152 0000 81.8742 75
-19.3669 0000 81.7810 74
-19.3197 0000 81.6974 92
-19.2773 0000 81.6535 126
-19.2381 0000 81.6360 133
-19.2060 0000 81.6789 124
-19.1764 0000 81.7426 95
-19.1445 0000 81.7875 74
-19.1159 0000 81.8608 60
-19.0815 0000 81.8849 45
0.0000 0000 0.0000 0
0.0000 0000 0.0000 0
-18.9557 0000 81.7642 45
-18.9183 0000 81.7619 60
-18.8814 0000 81.7651 73
-18.8470 0000 81.7892 79
-18.8093 0000 81.7850 92
-18.7716 0000 81.7807 99
-18.7344 0000 81.7802 105
-18.6971 0000 81.7797 125
-18.6598 0000 81.7792 156
-18.6225 0000 81.7787 164
-18.5861 0000 81.7858 143
-18.5586 0000 81.8705 136
-18.5252 0000 81.9041 190
-18.4857 0000 81.8846 207
-18.4424 0000 81.8312 208
-18.4042 0000 81.8231 204
-18.3665 0000 81.8188 192
-18.3264 0000 81.7938 188
-18.2889 0000 81.7914 175
-18.2514 0000 81.7890 153
-18.2123 0000 81.7715 134
-18.1718 0000 81.7427 103
-18.1297 0000 81.6987 83
-18.0854 0000 81.6359 72
-18.0482 0000 81.6354 67
-18.0107 0000 81.6331 62
-17.9712 0000 81.6118 64
-17.9345 0000 81.6170 70
-17.8973 0000 81.6165 73
-17.8619 0000 81.6330 71
-17.8280 0000 81.6628 69
-17.7923 0000 81.6774 88
-17.7557 0000 81.6826 97
-17.7221 0000 81.7161 113
-17.6850 0000 81.7175 144
-17.6482 0000 81.7208 142
-17.6107 0000 81.7184 122
-17.5728 0000 81.7123 107
-17.5306 0000 81.6665 93
-17.4921 0000 81.6546 85
-17.4544 0000 81.6504 81
-17.4173 0000 81.6518 74
-17.3732 0000 81.5871 75
-17.3271 0000 81.5037 98
-17.2852 0000 81.4598 121
-17.2456 0000 81.4367 146
-17.2085 0000 81.4381 184
-17.1701 0000 81.4264 197
-17.1317 0000 81.4146 190
-17.0935 0000 81.4047 196
-17.0545 0000 81.3873 167
-17.0159 0000 81.3736 142
-16.9741 0000 81.3298 122
-16.9375 0000 81.3350 97
-16.9040 0000 81.3703 85
-16.8705 0000 81.4056 88
-16.8358 0000 81.4296 89
-16.7990 0000 81.4328 88
-16.7598 0000 81.4135 88
-16.7212 0000 81.3999 87
-16.6747 0000 81.3090 96
-16.6346 0000 81.2804 111
-16.5977 0000 81.2836 121
-16.5630 0000 81.3076 108
-16.5239 0000 81.2883 78
-16.4856 0000 81.2765 78
-16.4478 0000 81.2704 98
-16.4106 0000 81.2699 123
-16.3734 0000 81.2694 143
-16.3307 0000 81.2145 176
-16.2874 0000 81.1539 231
-16.2472 0000 81.1234 324
-16.2095 0000 81.1173 333
-16.1725 0000 81.1187 242
-16.1352 0000 81.1163 155
-16.0939 0000 81.0746 116
-16.0558 0000 81.0647 100
-16.0190 0000 81.0680 108
-15.9813 0000 81.0619 125
-15.9436 0000 81.0557 127
-15.9083 0000 81.0740 117
-15.8713 0000 81.0754 127
-15.8371 0000 81.1049 129
-15.8032 0000 81.1382 120
-15.7688 0000 81.1659 116
-15.7314 0000 81.1635 106
-15.6860 0000 81.0786 101
-15.6411 0000 80.9975 108
-15.6023 0000 80.9802 110
-15.5614 0000 80.9404 107
-15.5239 0000 80.9362 121
-15.4867 0000 80.9357 127
-15.4492 0000 80.9314 110
-15.4109 0000 80.9179 110
-15.3728 0000 80.9080 114
-15.3331 0000 80.8795 121
-15.2947 0000 80.8659 152
-15.2546 0000 80.8336 168
-15.2150 0000 80.8070 156
-15.1721 0000 80.7449 133
-15.1308 0000 80.6996 117
-15.0932 0000 80.6935 109
-15.0544 0000 80.6744 116
-15.0154 0000 80.6534 124
-14.9784 0000 80.6529 146
-14.9413 0000 80.6524 135
-14.9034 0000 80.6426 117
-14.8653 0000 80.6309 118
-14.8279 0000 80.6267 113
-14.7911 0000 80.6300 92
-14.7624 0000 80.7209 89
-14.7310 0000 80.7820 184
-14.6947 0000 80.7909 276
-14.6576 0000 80.7904 352
-14.6199 0000 80.7825 318
-14.5824 0000 80.7783 245
-14.5430 0000 80.7516 182
-14.5025 0000 80.7138 124
-14.4623 0000 80.6779 109
-14.4225 0000 80.6476 97
-14.3805 0000 80.5911 105
-14.3403 0000 80.5553 142
-14.2998 0000 80.5157 173
-14.2618 0000 80.5040 180
-14.2247 0000 80.5036 166
-14.1882 0000 80.5087 165
-14.1505 0000 80.5007 190
-14.1109 0000 80.4705 236
-14.0739 0000 80.4700 291
-14.0372 0000 80.4732 368
-14.0011 0000 80.4839 383
-13.9641 0000 80.4834 321
-13.9263 0000 80.4737 227
-13.8880 0000 80.4583 196
-13.8494 0000 80.4392 204
-13.8121 0000 80.4350 193
-13.7720 0000 80.3992 190
-13.7339 0000 80.3857 201
-13.6968 0000 80.3834 212
-13.6606 0000 80.3922 204
-13.6281 0000 80.4456 197
-13.5985 0000 80.5326 231
-13.5656 0000 80.5824 306
-13.5294 0000 80.5913 327
-13.4920 0000 80.5871 281
-13.4537 0000 80.5717 235
-13.4127 0000 80.5228 232
-13.3743 0000 80.5055 263
-13.3373 0000 80.5050 286
-13.3007 0000 80.5102 265
-13.2661 0000 80.5395 229
-13.2307 0000 80.5595 250
-13.1936 0000 80.5571 251
-13.1574 0000 80.5678 234
-13.1234 0000 80.6046 236
-13.0888 0000 80.6340 272
-13.0522 0000 80.6391 273
-13.0151 0000 80.6386 268
-12.9779 0000 80.6363 265
-12.9404 0000 80.6302 248
-12.8990 0000 80.5757 230
-12.8604 0000 80.5547 229
-12.8214 0000 80.5300 225
-12.7842 0000 80.5276 176
-12.7490 0000 80.5495 124
-12.7147 0000 80.5844 103
-12.6823 0000 80.6436 103
-12.6451 0000 80.6413 109
-12.6041 0000 80.5905 123
-12.5651 0000 80.5639 157
-12.5277 0000 80.5597 164
-12.4871 0000 80.5127 145
-12.4449 0000 80.4452 132
-12.4029 0000 80.3796 134
-12.3638 0000 80.3512 151
-12.3283 0000 80.3712 145
-12.2944 0000 80.4116 148
-12.2611 0000 80.4595 169
-12.2262 0000 80.4870 189
-12.1893 0000 80.4884 180
-12.1536 0000 80.5065 150
-12.1164 0000 80.5042 127
-12.0788 0000 80.4963 107
-12.0404 0000 80.4772 120
-12.0042 0000 80.4879 140
-11.9691 0000 80.5135 178
-11.9329 0000 80.5242 193
-11.8957 0000 80.5219 203
-11.8589 0000 80.5251 193
-11.8224 0000 80.5321 181
-11.7860 0000 80.5410 159
-11.7507 0000 80.5647 137
-11.7134 0000 80.5605 141
-11.6731 0000 80.5153 163
-11.6342 0000 80.4888 178
-11.5969 0000 80.4846 234
-11.5602 0000 80.4897 298
-11.5233 0000 80.4911 337
-11.4858 0000 80.4851 273
-11.4477 0000 80.4697 172
-11.4099 0000 80.4581 109
-11.3727 0000 80.4558 73
-11.3345 0000 80.4386 59
-11.2995 0000 80.4679 58
-11.2681 0000 80.5494 74
-11.2337 0000 80.5881 123
-11.1983 0000 80.6119 168
-11.1614 0000 80.6152 182
-11.1242 0000 80.6129 163
-11.0869 0000 80.6087 146
-11.0495 0000 80.6045 132
-11.0108 0000 80.5798 125
-10.9734 0000 80.5756 116
-10.9397 0000 80.6255 112
-10.9052 0000 80.6643 129
-10.8682 0000 80.6657 180
-10.8304 0000 80.6540 228
-10.7931 0000 80.6517 225
-10.7559 0000 80.6494 216
-10.7212 0000 80.6863 198
-10.6865 0000 80.7232 186
-10.6500 0000 80.7321 197
-10.6132 0000 80.7373 185
-10.5759 0000 80.7350 155
-10.5370 0000 80.7065 147
-10.4971 0000 80.6631 159
-10.4579 0000 80.6309 214
-10.4207 0000 80.6286 210
-10.3840 0000 80.6356 159
-10.3498 0000 80.6819 121
-10.3133 0000 80.6908 112
-10.2777 0000 80.7146 112
-10.2406 0000 80.7161 123
-10.2033 0000 80.7119 128
-10.1645 0000 80.6853 133
-10.1286 0000 80.7054 135
-10.0933 0000 80.7349 178
-10.0581 0000 80.7662 222
-10.0226 0000 80.7939 245
-9.9873 0000 80.8234 256
-9.9519 0000 80.8529 224
-9.9154 0000 80.8637 201
-9.8813 0000 80.9157 183
-9.8445 0000 80.9209 176
-9.8057 0000 80.8942 177
-9.7680 0000 80.8863 172
-9.7297 0000 80.8672 192
-9.6928 0000 80.8705 206
-9.6559 0000 80.8757 203
-9.6201 0000 80.8996 176
-9.5844 0000 80.9254 181
-9.5475 0000 80.9306 169
-9.5115 0000 80.9508 148
-9.4745 0000 80.9541 150
-9.4382 0000 80.9687 160
-9.3991 0000 80.9364 155
-9.3614 0000 80.9266 153
-9.3237 0000 80.9187 138
-9.2860 0000 80.9089 129
-9.2476 0000 80.8878 184
-9.2095 0000 80.8705 227
-9.1723 0000 80.8701 261
-9.1353 0000 80.8734 257
-9.0990 0000 80.8899 196
-9.0621 0000 80.8951 141
-9.0277 0000 80.9453 100
-8.9913 0000 80.9599 77
-8.9570 0000 81.0138 63
-8.9209 0000 81.0359 50
-8.8838 0000 81.0374 43
-8.8466 0000 81.0370 48
-8.8093 0000 81.0366 65
-8.7727 0000 81.0474 94
-8.7372 0000 81.0808 150
-8.7003 0000 81.0879 195
-8.6637 0000 81.0987 212
-8.6281 0000 81.1303 206
-8.5924 0000 81.1618 229
-8.5561 0000 81.1802 188
-8.5190 0000 81.1835 142
-8.4848 0000 81.2433 113
-8.4507 0000 81.3051 111
-8.4145 0000 81.3273 120
-8.3780 0000 81.3438 130
-8.3416 0000 81.3604 154
-8.3057 0000 81.3901 176
-8.2687 0000 81.3954 202
-8.2315 0000 81.3987 226
-8.1947 0000 81.4077 235
-8.1595 0000 81.4507 240
-8.1239 0000 81.4881 221
-8.0889 0000 81.5368 210
-8.0541 0000 81.5893 213
-8.0174 0000 81.6021 234
-7.9800 0000 81.6017 240
-7.9423 0000 81.5956 209
-7.9048 0000 81.5914 161
-7.8666 0000 81.5740 134
-7.8292 0000 81.5736 110
-7.7921 0000 81.5788 91
-7.7548 0000 81.5803 84
-7.7186 0000 81.6064 95
-7.6824 0000 81.6306 163
-7.6451 0000 81.6321 244
-7.6078 0000 81.6354 261
-7.5714 0000 81.6558 197
-7.5352 0000 81.6819 175
-7.4981 0000 81.6891 178
-7.4605 0000 81.6849 209
-7.4227 0000 81.6750 245
-7.3845 0000 81.6576 226
-7.3466 0000 81.6439 211
-7.3105 0000 81.6757 189
-7.2734 0000 81.6810 182
-7.2360 0000 81.6806 167
-7.1985 0000 81.6783 162
-7.1612 0000 81.6817 171
-7.1243 0000 81.6926 193
-7.0871 0000 81.6979 221
-7.0502 0000 81.7089 234
-7.0128 0000 81.7104 180
-6.9752 0000 81.7043 148
-6.9368 0000 81.6812 116
-6.8987 0000 81.6618 108
-6.8612 0000 81.6614 109
-6.8247 0000 81.6819 100
-6.7885 0000 81.7118 111
-6.7522 0000 81.7398 122
-6.7163 0000 81.7792 126
-6.6791 0000 81.7845 104
-6.6416 0000 81.7841 86
-6.6035 0000 81.7648 84
-6.5659 0000 81.7606 79
-6.5283 0000 81.7564 99
-6.4917 0000 81.7788 135
-6.4547 0000 81.7898 179
-6.4175 0000 81.7969 203
-6.3803 0000 81.8023 198
-6.3431 0000 81.8095 170
-6.3057 0000 81.8110 142
-6.2682 0000 81.8068 124
-6.2306 0000 81.8026 122
-6.1933 0000 81.8060 161
-6.1564 0000 81.8227 199
-6.1192 0000 81.8299 227
-6.0824 0000 81.8466 271
-6.0448 0000 81.8424 282
-6.0072 0000 81.8382 260
-5.9696 0000 81.8360 243
-5.9323 0000 81.8375 253
-5.8950 0000 81.8428 262
-5.8576 0000 81.8443 259
-5.8202 0000 81.8458 245
-5.7830 0000 81.8531 229
-5.7464 0000 81.8793 207
-5.7099 0000 81.9093 235
-5.6727 0000 81.9165 241
-5.6350 0000 81.9104 229
-5.5973 0000 81.9025 226
-5.5597 0000 81.8983 232
-5.5222 0000 81.8998 233
-5.4849 0000 81.9051 236
-5.4478 0000 81.9143 222
-5.4110 0000 81.9367 175
-5.3741 0000 81.9553 158
-5.3368 0000 81.9626 143
-5.2995 0000 81.9698 149
-5.2624 0000 81.9809 156
-5.2259 0000 82.0166 159
-5.1885 0000 82.0182 159
-5.1516 0000 82.0406 148
-5.1144 0000 82.0498 150
-5.0771 0000 82.0570 157
-5.0396 0000 82.0586 156
-5.0020 0000 82.0563 153
-4.9640 0000 82.0369 189
-4.9264 0000 82.0327 220
-4.8887 0000 82.0286 223
-4.8511 0000 82.0244 218
-4.8136 0000 82.0241 228
-4.7762 0000 82.0294 244
-4.7391 0000 82.0443 223
-4.7011 0000 82.0249 218
-4.6633 0000 82.0131 185
-4.6252 0000 81.9880 134
-4.5875 0000 81.9820 108
-4.5500 0000 81.9816 84
-4.5126 0000 81.9869 86
-4.4758 0000 82.0151 96
-4.4397 0000 82.0700 115
-4.4027 0000 82.0925 132
-4.3657 0000 82.1150 126
-4.3274 0000 82.0842 143
-4.2895 0000 82.0648 182
-4.2513 0000 82.0359 224
-4.2137 0000 82.0336 222
-4.1762 0000 82.0314 200
-4.1389 0000 82.0424 181
-4.1017 0000 82.0554 222
-4.0641 0000 82.0551 252
-4.0269 0000 82.0661 265
-3.9902 0000 82.1058 280
-3.9532 0000 82.1302 356
-3.9157 0000 82.1337 369
-3.8782 0000 82.1353 366
-3.8407 0000 82.1368 349
-3.8031 0000 82.1346 302
-3.7652 0000 82.1133 225
-3.7272 0000 82.0901 184
-3.6887 0000 82.0402 158
-3.6509 0000 82.0284 142
-3.6130 0000 82.0053 135
-3.5754 0000 82.0030 121
-3.5378 0000 81.9970 113
-3.4996 0000 81.9567 103
-3.4620 0000 81.9506 93
-3.4245 0000 81.9484 87
-3.3875 0000 81.9804 98
-3.3505 0000 82.0067 116
-3.3129 0000 82.0026 153
-3.2753 0000 81.9965 183
-3.2375 0000 81.9810 187
-3.2000 0000 81.9806 183
-3.1625 0000 81.9803 155
-3.1254 0000 82.0009 136
-3.0880 0000 82.0082 127
-3.0505 0000 82.0136 143
-3.0130 0000 82.0151 161
-2.9755 0000 82.0129 151
-2.9380 0000 82.0107 131
-2.9001 0000 81.9837 119
-2.8624 0000 81.9719 120
-2.8248 0000 81.9678 131
-2.7873 0000 81.9656 147
-2.7497 0000 81.9538 177
-2.7124 0000 81.9725 183
-2.6749 0000 81.9741 196
-2.6373 0000 81.9624 222
-2.5997 0000 81.9582 236
-2.5622 0000 81.9522 244
-2.5246 0000 81.9443 230
-2.4870 0000 81.9383 200
-2.4493 0000 81.9227 160
-2.4119 0000 81.9243 155
-2.3742 0000 81.9069 175
-2.3361 0000 81.8458 221
-2.2982 0000 81.8094 329
-2.2605 0000 81.7882 372
-2.2229 0000 81.7689 413
-2.1854 0000 81.7667 336
-2.1481 0000 81.7872 250
-2.1109 0000 81.8078 275
-2.0735 0000 81.8112 290
-2.0359 0000 81.8052 280
-1.9984 0000 81.7992 291
-1.9610 0000 81.8027 301
-1.9237 0000 81.8233 271
-1.8864 0000 81.8457 255
-1.8490 0000 81.8530 243
-1.8118 0000 81.8907 217
-1.7744 0000 81.8980 202
-1.7369 0000 81.8976 198
-1.6994 0000 81.8935 206
-1.6619 0000 81.8856 219
-1.6240 0000 81.8264 241
-1.5864 0000 81.7976 268
-1.5487 0000 81.7594 270
-1.5112 0000 81.7496 241
-1.4737 0000 81.7436 218
-1.4363 0000 81.7452 217
-1.3988 0000 81.7410 218
-1.3614 0000 81.7350 213
-1.3238 0000 81.7139 183
-1.2864 0000 81.7117 181
-1.2490 0000 81.7133 199
-1.2115 0000 81.7091 232
-1.1741 0000 81.7069 279
-1.1367 0000 81.7275 341
-1.0993 0000 81.7518 338
-1.0619 0000 81.7572 329
-1.0245 0000 81.7645 301
-0.9871 0000 81.7794 272
-0.9497 0000 81.8246 265
-0.9123 0000 81.8357 284
-0.8748 0000 81.8601 336
-0.8374 0000 81.8654 357
-0.7999 0000 81.8860 351
-0.7625 0000 81.8914 382
-0.7250 0000 81.8968 396
-0.6875 0000 81.9022 359
-0.6501 0000 81.9190 325
-0.6126 0000 81.9396 279
-0.5751 0000 81.9716 286
-0.5376 0000 81.9999 339
-0.5000 0000 82.0300 335
-0.4625 0000 82.0430 326
-0.4250 0000 82.0485 304
-0.3875 0000 82.0481 271
-0.3500 0000 82.0402 230
-0.3126 0000 82.0095 201
-0.2751 0000 81.9768 183
-0.2377 0000 81.9290 177
-0.2003 0000 81.9211 171
-0.1628 0000 81.9170 147
-0.1253 0000 81.9205 127
-0.0877 0000 81.9753 126
-0.0499 0000 82.0645 143
-0.0121 0000 82.1213 166
0.0256 0000 82.1630 187
0.0633 0000 82.2161 239
0.1009 0000 82.2273 289
0.1387 0000 82.2728 323
0.1763 0000 82.2763 335
0.2138 0000 82.2760 334
0.2514 0000 82.2738 324
0.2889 0000 82.2697 304
0.3262 0000 82.2236 280
0.3637 0000 82.2195 266
0.4011 0000 82.1963 284
0.4387 0000 82.1941 307
0.4762 0000 82.1957 333
0.5140 0000 82.2374 377
0.5517 0000 82.2448 416
0.5892 0000 82.2464 387
0.6268 0000 82.2499 320
0.6646 0000 82.2821 284
0.7023 0000 82.2952 236
0.7400 0000 82.3159 181
0.7778 0000 82.3404 163
0.8154 0000 82.3478 152
0.8532 0000 82.3724 162
0.8909 0000 82.3797 182
0.9287 0000 82.4005 203
0.9663 0000 82.4002 240
1.0039 0000 82.3999 277
1.0415 0000 82.4054 286
1.0795 0000 82.4415 249
1.1187 0000 82.5887 205
1.1572 0000 82.6651 211
1.1949 0000 82.6725 220
1.2329 0000 82.6972 223
1.2705 0000 82.6969 207
1.3082 0000 82.6985 190
1.3462 0000 82.7251 188
1.3842 0000 82.7517 203
1.4219 0000 82.7572 220
1.4598 0000 82.7762 238
1.4975 0000 82.7759 268
1.5352 0000 82.7775 264
1.5730 0000 82.7830 232
1.6107 0000 82.7866 203
1.6488 0000 82.8132 191
1.6864 0000 82.8110 201
1.7245 0000 82.8396 211
1.7629 0000 82.8816 220
1.8014 0000 82.9372 237
1.8403 0000 83.0120 273
1.8777 0000 82.9886 320
1.9153 0000 82.9826 345
1.9529 0000 82.9784 351
1.9907 0000 82.9782 364
2.0284 0000 82.9779 377
2.0661 0000 82.9757 349
2.1041 0000 82.9947 317
2.1420 0000 83.0060 281
2.1803 0000 83.0327 243
2.2189 0000 83.0806 219
2.2567 0000 83.0861 204
2.2940 0000 83.0608 213
2.3313 0000 83.0374 223
2.3694 0000 83.0564 195
2.4077 0000 83.0870 180
2.4459 0000 83.1118 188
2.4838 0000 83.1154 178
2.5215 0000 83.1151 161
2.5592 0000 83.1129 150
2.5966 0000 83.0934 139
2.6343 0000 83.0950 140
2.6721 0000 83.0948 143
2.7098 0000 83.0926 144
2.7475 0000 83.0923 140
2.7853 0000 83.0959 132
2.8233 0000 83.1033 125
2.8616 0000 83.1282 122
2.8994 0000 83.1318 111
2.9377 0000 83.1566 116
2.9757 0000 83.1660 131
3.0135 0000 83.1677 142
3.0514 0000 83.1751 124
3.0892 0000 83.1768 109
3.1278 0000 83.2113 93
3.1670 0000 83.2690 98
3.2047 0000 83.2668 107
3.2417 0000 83.2376 128
3.2793 0000 83.2296 139
3.3166 0000 83.2119 139
3.3544 0000 83.2136 124
3.3928 0000 83.2365 121
3.4313 0000 83.2633 129
3.4700 0000 83.3018 107
3.5099 0000 83.3789 115
3.5492 0000 83.4367 142
3.5878 0000 83.4655 152
3.6263 0000 83.4905 179
3.6643 0000 83.4980 188
3.7027 0000 83.5190 175
3.7413 0000 83.5440 182
3.7795 0000 83.5573 177
3.8175 0000 83.5649 175
3.8555 0000 83.5685 161
3.8932 0000 83.5644 142
3.9308 0000 83.5564 127
3.9683 0000 83.5464 114
4.0054 0000 83.5210 99
4.0424 0000 83.4936 105
4.0801 0000 83.4875 113
4.1179 0000 83.4873 120
4.1559 0000 83.4948 135
4.1952 0000 83.5431 169
4.2333 0000 83.5506 219
4.2711 0000 83.5503 280
4.3089 0000 83.5482 308
4.3468 0000 83.5518 278
4.3853 0000 83.5729 218
4.4234 0000 83.5805 181
4.4622 0000 83.6113 166
4.5013 0000 83.6499 149
4.5400 0000 83.6749 150
4.5778 0000 83.6727 135
4.6153 0000 83.6628 127
4.6519 0000 83.6256 129
4.6898 0000 83.6274 134
4.7287 0000 83.6582 152
4.7666 0000 83.6599 180
4.8045 0000 83.6616 193
4.8423 0000 83.6595 186
4.8800 0000 83.6554 188
4.9179 0000 83.6590 204
4.9559 0000 83.6607 205
4.9936 0000 83.6586 203
5.0315 0000 83.6603 196
5.0697 0000 83.6698 182
5.1085 0000 83.6948 162
5.1465 0000 83.6985 164
5.1842 0000 83.6963 177
5.2219 0000 83.6902 184
5.2596 0000 83.6861 163
5.2970 0000 83.6743 142
5.3349 0000 83.6760 128
5.3729 0000 83.6796 125
5.4108 0000 83.6814 126
5.4484 0000 83.6753 118
5.4859 0000 83.6654 116
5.5235 0000 83.6593 120
5.5598 0000 83.6203 118
5.5969 0000 83.6026 121
5.6332 0000 83.5655 114
5.6698 0000 83.5342 110
5.7071 0000 83.5205 102
5.7440 0000 83.4989 114
5.7818 0000 83.4987 107
5.8197 0000 83.5004 97
5.8575 0000 83.5002 96
5.8941 0000 83.4728 88
5.9308 0000 83.4455 101
5.9684 0000 83.4414 107
6.0053 0000 83.4199 105
6.0426 0000 83.4080 114
6.0793 0000 83.3826 119
6.1159 0000 83.3553 104
6.1532 0000 83.3454 108
6.1912 0000 83.3491 113
6.2292 0000 83.3547 129
6.2672 0000 83.3602 149
6.3057 0000 83.3774 170
6.3446 0000 83.4024 142
6.3833 0000 83.4215 139
6.4230 0000 83.4659 151
6.4614 0000 83.4773 158
6.4995 0000 83.4848 136
6.5394 0000 83.5311 127
6.5777 0000 83.5406 150
6.6159 0000 83.5501 182
6.6549 0000 83.5751 206
6.6920 0000 83.5593 192
6.7290 0000 83.5416 205
6.7665 0000 83.5356 198
6.8041 0000 83.5296 197
6.8418 0000 83.5274 188
6.8799 0000 83.5349 154
6.9204 0000 83.5910 142
6.9600 0000 83.6276 148
6.9981 0000 83.6333 177
7.0357 0000 83.6272 219
7.0733 0000 83.6231 245
7.1111 0000 83.6209 257
7.1490 0000 83.6227 248
7.1869 0000 83.6244 207
7.2239 0000 83.6067 180
7.2612 0000 83.5968 157
7.2988 0000 83.5926 136
7.3365 0000 83.5905 125
7.3741 0000 83.5844 134
7.4116 0000 83.5784 144
7.4483 0000 83.5568 139
7.4870 0000 83.5741 150
7.5248 0000 83.5739 147
7.5628 0000 83.5775 152
7.6009 0000 83.5831 172
7.6387 0000 83.5829 179
7.6764 0000 83.5788 156
7.7141 0000 83.5766 142
7.7510 0000 83.5589 155
7.7887 0000 83.5568 160
7.8273 0000 83.5721 165
7.8644 0000 83.5583 171
7.9020 0000 83.5542 177
7.9396 0000 83.5501 180
7.9771 0000 83.5460 173
8.0152 0000 83.5496 147
8.0544 0000 83.5766 136
8.0926 0000 83.5822 130
8.1307 0000 83.5878 124
8.1686 0000 83.5895 117
8.2064 0000 83.5893 112
8.2444 0000 83.5929 102
8.2822 0000 83.5927 90
8.3197 0000 83.5867 87
8.3573 0000 83.5826 88
8.3926 0000 83.5377 92
8.4300 0000 83.5317 114
8.4681 0000 83.5373 149
8.5085 0000 83.5817 196
8.5471 0000 83.5951 240
8.5852 0000 83.6007 265
8.6232 0000 83.6043 273
8.6606 0000 83.5964 234
8.6972 0000 83.5767 173
8.7321 0000 83.5261 128
8.7664 0000 83.4677 107
8.8031 0000 83.4501 103
8.8399 0000 83.4324 99
8.8776 0000 83.4322 71
8.9146 0000 83.4184 51
8.9474 0000 83.3369 51
8.9833 0000 83.3058 56
9.0204 0000 83.2959 67
9.0580 0000 83.2937 74
9.0958 0000 83.2955 80
9.1331 0000 83.2875 83
9.1683 0000 83.2467 84
9.2068 0000 83.2600 79
9.2446 0000 83.2618 52
9.2790 0000 83.2075 39
0.0000 0000 0.0000 0
9.3738 0000 83.5166 45
9.4120 0000 83.5242 61
9.4510 0000 83.5433 81
9.4879 0000 83.5296 102
9.5254 0000 83.5255 138
9.5632 0000 83.5253 164
9.6013 0000 83.5309 164
9.6402 0000 83.5481 162
9.6782 0000 83.5518 149
9.7160 0000 83.5516 152
9.7539 0000 83.5533 151
9.7925 0000 83.5667 135
9.8307 0000 83.5723 144
9.8688 0000 83.5779 166
9.9067 0000 83.5796 186
9.9450 0000 83.5872 192
9.9842 0000 83.6083 186
10.0226 0000 83.6178 201
10.0594 0000 83.6040 160
10.0960 0000 83.5864 156
10.1336 0000 83.5842 157
10.1713 0000 83.5821 152
10.2085 0000 83.5742 139
10.2461 0000 83.5720 128
10.2844 0000 83.5796 118
10.3227 0000 83.5871 116
10.3605 0000 83.5889 117
10.3980 0000 83.5848 112
10.4354 0000 83.5788 115
10.4726 0000 83.5708 121
10.5089 0000 83.5513 120
10.5465 0000 83.5491 91
10.5858 0000 83.5703 71
10.6220 0000 83.5488 55
10.6614 0000 83.5718 45
10.6972 0000 83.5445 43
10.7330 0000 83.5172 51
10.7710 0000 83.5209 58
10.8105 0000 83.5459 55
10.8502 0000 83.5728 53
10.8880 0000 83.5746 43
10.9255 0000 83.5705 38
10.9588 0000 83.5103 47
10.9947 0000 83.4849 56
11.0308 0000 83.4635 60
11.0681 0000 83.4575 79
11.1043 0000 83.4380 92
11.1417 0000 83.4339 93
11.1788 0000 83.4260 82
11.2159 0000 83.4181 73
11.2536 0000 83.4179 74
11.2917 0000 83.4236 88
11.3316 0000 83.4524 97
11.3710 0000 83.4755 114
11.4105 0000 83.4986 106
11.4491 0000 83.5100 102
11.4906 0000 83.5602 107
11.5287 0000 83.5659 125
11.5664 0000 83.5657 139
11.6043 0000 83.5675 153
11.6420 0000 83.5673 183
11.6785 0000 83.5517 202
11.7159 0000 83.5476 214
11.7531 0000 83.5417 200
11.7906 0000 83.5396 173
11.8283 0000 83.5394 148
11.8669 0000 83.5509 135
11.9049 0000 83.5546 111
11.9440 0000 83.5719 113
11.9827 0000 83.5853 142
12.0206 0000 83.5871 168
12.0577 0000 83.5792 190
12.0949 0000 83.5733 204
12.1324 0000 83.5712 194
12.1701 0000 83.5710 172
12.2081 0000 83.5747 153
12.2461 0000 83.5785 136
12.2831 0000 83.5706 133
12.3206 0000 83.5685 145
12.3585 0000 83.5703 159
12.3963 0000 83.5721 166
12.4340 0000 83.5719 163
12.4717 0000 83.5718 160
12.5108 0000 83.5891 150
12.5507 0000 83.6161 164
12.5894 0000 83.6276 174
12.6275 0000 83.6333 181
12.6660 0000 83.6428 175
12.7066 0000 83.6776 158
12.7447 0000 83.6813 154
12.7823 0000 83.6812 173
12.8200 0000 83.6810 189
12.8576 0000 83.6790 188
12.8933 0000 83.6556 174
12.9318 0000 83.6651 176
12.9701 0000 83.6727 152
13.0093 0000 83.6901 133
13.0476 0000 83.6977 127
13.0845 0000 83.6878 130
13.1215 0000 83.6799 126
13.1594 0000 83.6817 113
13.1972 0000 83.6835 115
13.2350 0000 83.6853 124
13.2732 0000 83.6910 135
13.3109 0000 83.6909 143
13.3483 0000 83.6869 144
13.3861 0000 83.6887 158
13.4243 0000 83.6944 189
13.4635 0000 83.7117 205
13.5017 0000 83.7174 219
13.5410 0000 83.7347 239
13.5790 0000 83.7384 234
13.6165 0000 83.7364 218
13.6544 0000 83.7382 189
13.6920 0000 83.7380 161
13.7294 0000 83.7340 144
13.7670 0000 83.7339 134
13.8049 0000 83.7357 127
13.8428 0000 83.7375 125
13.8803 0000 83.7354 132
13.9179 0000 83.7353 151
13.9538 0000 83.7157 175
13.9919 0000 83.7195 205
14.0311 0000 83.7368 238
14.0694 0000 83.7425 237
14.1076 0000 83.7482 208
14.1460 0000 83.7558 177
14.1856 0000 83.7770 177
14.2237 0000 83.7807 166
14.2626 0000 83.7942 153
14.3007 0000 83.7979 157
14.3387 0000 83.8017 162
14.3746 0000 83.7821 162
14.4115 0000 83.7742 180
14.4486 0000 83.7682 201
14.4824 0000 83.7273 223
14.5192 0000 83.7175 252
14.5566 0000 83.7154 265
14.5945 0000 83.7172 249
14.6320 0000 83.7151 235
14.6694 0000 83.7131 227
14.7071 0000 83.7129 213
14.7466 0000 83.7322 220
14.7848 0000 83.7379 217
14.8229 0000 83.7416 202
14.8607 0000 83.7434 182
14.8992 0000 83.7510 163
14.9374 0000 83.7567 150
14.9749 0000 83.7547 151
15.0121 0000 83.7506 159
15.0496 0000 83.7486 167
15.0896 0000 83.7717 165
15.1282 0000 83.7813 169
15.1688 0000 83.8103 177
15.2096 0000 83.8413 152
15.2498 0000 83.8664 154
15.2875 0000 83.8663 165
15.3245 0000 83.8603 177
15.3618 0000 83.8563 188
15.4001 0000 83.8620 188
15.4388 0000 83.8716 163
15.4763 0000 83.8695 138
15.5133 0000 83.8635 128
15.5508 0000 83.8614 125
15.5865 0000 83.8419 131
15.6216 0000 83.8165 123
15.6585 0000 83.8086 129
15.6949 0000 83.7968 131
15.7282 0000 83.7539 146
15.7650 0000 83.7460 170
15.8018 0000 83.7381 185
15.8397 0000 83.7399 175
15.8810 0000 83.7748 144
15.9215 0000 83.8018 144
15.9569 0000 83.7803 135
15.9962 0000 83.7957 141
16.0302 0000 83.7607 140
16.0668 0000 83.7508 140
16.1032 0000 83.7390 141
16.1394 0000 83.7253 139
16.1731 0000 83.6883 134
16.2103 0000 83.6843 128
16.2480 0000 83.6842 123
16.2858 0000 83.6860 118
16.3236 0000 83.6878 109
16.3606 0000 83.6819 108
16.3959 0000 83.6605 120
16.4350 0000 83.6739 114
16.4724 0000 83.6719 128
16.5098 0000 83.6698 138
16.5456 0000 83.6522 130
16.5830 0000 83.6502 139
16.6195 0000 83.6404 151
16.6542 0000 83.6131 165
16.6863 0000 83.5626 166
16.7192 0000 83.5199 157
16.7525 0000 83.4811 170
16.7856 0000 83.4404 164
16.8225 0000 83.4345 144
16.8605 0000 83.4382 130
16.9010 0000 83.4652 129
16.9393 0000 83.4709 113
16.9805 0000 83.5037 102
17.0217 0000 83.5365 90
17.0671 0000 83.6061 90
17.1118 0000 83.6700 100
17.1503 0000 83.6776 120
17.1884 0000 83.6814 144
17.2279 0000 83.6988 162
17.2651 0000 83.6948 198
17.2977 0000 83.6501 237
17.3339 0000 83.6383 265
17.3684 0000 83.6111 268
17.4031 0000 83.5858 300
17.4396 0000 83.5760 308
17.4739 0000 83.5468 276
17.5081 0000 83.5177 269
17.5454 0000 83.5157 259
17.5827 0000 83.5136 247
17.6203 0000 83.5135 231
17.6587 0000 83.5212 207
17.6974 0000 83.5308 180
17.7381 0000 83.5578 169
17.7781 0000 83.5790 146
17.8157 0000 83.5789 141
17.8494 0000 83.5458 159
17.8829 0000 83.5109 170
17.9172 0000 83.4837 196
17.9541 0000 83.4778 205
17.9870 0000 83.4390 221
18.0211 0000 83.4100 222
18.0566 0000 83.3925 231
18.0906 0000 83.3634 223
18.1274 0000 83.3575 207
18.1626 0000 83.3381 197
18.2003 0000 83.3399 188
18.2401 0000 83.3592 201
18.2781 0000 83.3629 205
18.3183 0000 83.3860 185
18.3563 0000 83.3898 168
18.3961 0000 83.4090 161
18.4338 0000 83.4108 140
18.4681 0000 83.3837 123
18.5013 0000 83.3488 136
18.5329 0000 83.3005 151
18.5687 0000 83.2869 163
18.6038 0000 83.2675 199
18.6394 0000 83.2520 190
18.6759 0000 83.2442 183
18.7121 0000 83.2344 191
18.7493 0000 83.2324 220
18.7872 0000 83.2362 242
18.8244 0000 83.2342 256
18.8613 0000 83.2302 265
18.8985 0000 83.2282 275
18.9362 0000 83.2300 286
18.9736 0000 83.2299 278
19.0088 0000 83.2125 234
19.0448 0000 83.2008 210
19.0764 0000 83.1545 199
19.1121 0000 83.1409 199
19.1461 0000 83.1139 209
19.1801 0000 83.0869 204
19.2162 0000 83.0772 232
19.2531 0000 83.0732 266
19.2909 0000 83.0770 307
19.3278 0000 83.0730 364
19.3649 0000 83.0710 393
19.4030 0000 83.0767 360
19.4426 0000 83.0939 339
19.4772 0000 83.0727 293
19.5138 0000 83.0668 279
19.5509 0000 83.0648 275
19.5855 0000 83.0436 266
19.6191 0000 83.0147 284
19.6552 0000 83.0050 299
19.6878 0000 82.9684 312
19.7246 0000 82.9645 302
19.7614 0000 82.9605 293
19.7982 0000 82.9566 304
19.8350 0000 82.9527 306
19.8722 0000 82.9526 297
19.9103 0000 82.9583 274
19.9486 0000 82.9658 235
19.9891 0000 82.9907 216
20.0264 0000 82.9906 191
20.0599 0000 82.9617 163
20.0961 0000 82.9540 163
20.1293 0000 82.9232 172
20.1635 0000 82.9001 197
20.2038 0000 82.9230 229
20.2385 0000 82.9038 231
20.2783 0000 82.9229 217
20.3184 0000 82.9439 221
20.3553 0000 82.9419 226
20.3928 0000 82.9437 238
20.4306 0000 82.9475 249
20.4686 0000 82.9531 249
20.5063 0000 82.9569 233
20.5433 0000 82.9549 204
20.5800 0000 82.9510 174
20.6174 0000 82.9528 154
20.6541 0000 82.9489 150
20.6874 0000 82.9201 156
20.7204 0000 82.8893 183
20.7535 0000 82.8586 207
20.7896 0000 82.8509 234
20.8226 0000 82.8201 267
20.8587 0000 82.8124 290
20.8890 0000 82.7626 299
20.9251 0000 82.7549 288
20.9624 0000 82.7567 269
21.0001 0000 82.7605 249
21.0375 0000 82.7623 230
21.0717 0000 82.7412 206
21.1080 0000 82.7354 191
21.1416 0000 82.7105 187
21.1779 0000 82.7047 174
21.2081 0000 82.6550 157
21.2371 0000 82.5976 145
21.2696 0000 82.5651 143
21.3061 0000 82.5613 132
21.3399 0000 82.5383 114
21.3775 0000 82.5421 106
21.4191 0000 82.5744 106
21.4569 0000 82.5801 94
21.4990 0000 82.6163 85
21.5352 0000 82.6105 88
21.5728 0000 82.6143 94
21.6106 0000 82.6199 96
21.6473 0000 82.6180 98
21.6843 0000 82.6179 101
21.7213 0000 82.6179 104
21.7578 0000 82.6140 107
21.7890 0000 82.5739 98
21.8241 0000 82.5605 94
21.8605 0000 82.5566 87
21.8936 0000 82.5299 76
21.9292 0000 82.5203 67
21.9634 0000 82.5012 68
21.9998 0000 82.4973 58
22.0356 0000 82.4896 51
22.0686 0000 82.4629 50
22.1017 0000 82.4362 47
22.1339 0000 82.4038 46
22.1669 0000 82.3771 47
22.2038 0000 82.3771 44
22.2406 0000 82.3770 41
22.2901 0000 82.4626 37
0.0000 0000 0.0000 0
0.0000 0000 0.0000 0
0.0000 0000 0.0000 0
0.0000 0000 0.0000 0
0.0000 0000 0.0000 0
0.0000 0000 0.0000 0
0.0000 0000 0.0000 0
0.0000 0000 0.0000 0
0.0000 0000 0.0000 0
22.6859 0000 82.6432 48
22.7146 0000 82.5878 54
22.7515 0000 82.5878 60
22.7884 0000 82.5877 53
22.8250 0000 82.5858 54
22.8567 0000 82.5514 56
22.8833 0000 82.4828 60
22.9069 0000 82.3952 75
22.9392 0000 82.3647 86
22.9751 0000 82.3590 103
23.0091 0000 82.3399 117
23.0447 0000 82.3323 137
23.0781 0000 82.3094 158
23.1140 0000 82.3037 164
23.1500 0000 82.2979 159
23.1879 0000 82.3055 142
23.2320 0000 82.3529 128
23.2773 0000 82.4081 120
23.3252 0000 82.4803 102
23.3711 0000 82.5393 101
23.4183 0000 82.6060 123
23.4560 0000 82.6117 148
23.4947 0000 82.6231 172
23.5322 0000 82.6269 193
23.5714 0000 82.6421 192
23.6086 0000 82.6440 207
23.6457 0000 82.6458 210
23.6835 0000 82.6515 187
23.7246 0000 82.6782 177
