wt=150405558, DLLFiFo=0
-24.9743 0000 87.8541 134
-24.9361 0000 87.8554 124
-24.8973 0000 87.8527 106
-24.8588 0000 87.8520 80
-24.8236 0000 87.8736 67
-24.7854 0000 87.8750 70
-24.7472 0000 87.8763 83
-24.7090 0000 87.8776 81
-24.6734 0000 87.8973 64
-24.6349 0000 87.8966 65
-24.5967 0000 87.8979 97
-24.5588 0000 87.9013 172
-24.5209 0000 87.9046 223
-24.4824 0000 87.9039 212
-24.4436 0000 87.9012 194
-24.4051 0000 87.9005 182
-24.3665 0000 87.8998 156
-24.3283 0000 87.9011 142
-24.2898 0000 87.9004 134
-24.2507 0000 87.8957 111
-24.2122 0000 87.8950 97
-24.1734 0000 87.8922 98
-24.1334 0000 87.8814 101
-24.0900 0000 87.8461 130
-24.0509 0000 87.8413 159
-24.0115 0000 87.8345 145
-23.9730 0000 87.8338 131
-23.9366 0000 87.8474 138
-23.9026 0000 87.8793 163
-23.8653 0000 87.8867 200
-23.8282 0000 87.8962 216
-23.7917 0000 87.9098 206
-23.7531 0000 87.9092 219
-23.7152 0000 87.9126 237
-23.6789 0000 87.9282 299
-23.6418 0000 87.9377 372
-23.6050 0000 87.9493 443
-23.5682 0000 87.9608 355
-23.5310 0000 87.9704 308
-23.4939 0000 87.9799 266
-23.4570 0000 87.9915 219
-23.4196 0000 87.9990 170
-23.3824 0000 88.0085 133
-23.3439 0000 88.0079 90
-23.3064 0000 88.0154 73
-23.2679 0000 88.0147 78
-23.2296 0000 88.0161 95
-23.1916 0000 88.0196 112
-23.1533 0000 88.0210 110
-23.1142 0000 88.0163 80
-23.0831 0000 88.0707 67
-23.0492 0000 88.1048 89
-23.0134 0000 88.1246 107
-22.9734 0000 88.1138 83
-22.9323 0000 88.0948 83
-22.8910 0000 88.0738 100
-22.8524 0000 88.0732 125
-22.8146 0000 88.0787 152
-22.7771 0000 88.0863 186
-22.7396 0000 88.0938 198
-22.6997 0000 88.0830 248
-22.6603 0000 88.0763 254
-22.6222 0000 88.0798 211
-22.5841 0000 88.0833 165
-22.5474 0000 88.0970 129
-22.5099 0000 88.1046 145
-22.4713 0000 88.1040 166
-22.4329 0000 88.1055 155
-22.3951 0000 88.1111 165
-22.3568 0000 88.1126 164
-22.3195 0000 88.1222 163
-22.2812 0000 88.1237 163
-22.2415 0000 88.1150 153
-22.2018 0000 88.1063 146
-22.1605 0000 88.0853 128
-22.1171 0000 88.0480 146
-22.0743 0000 88.0148 134
-22.0343 0000 88.0041 114
-21.9960 0000 88.0056 83
-21.9576 0000 88.0071 82
-21.9248 0000 88.0515 86
-21.8859 0000 88.0490 73
-21.8465 0000 88.0423 73
-21.8079 0000 88.0418 92
-21.7703 0000 88.0495 104
-21.7327 0000 88.0571 109
-21.6949 0000 88.0628 108
-21.6591 0000 88.0847 92
-21.6246 0000 88.1169 101
-21.5873 0000 88.1266 121
-21.5486 0000 88.1261 123
-21.5095 0000 88.1216 93
-21.4649 0000 88.0741 71
-21.4209 0000 88.0308 77
-21.3797 0000 88.0099 64
-21.3418 0000 88.0155 43
-21.3075 0000 88.0497 42
-21.2752 0000 88.1003 45
-21.2333 0000 88.0733 43
-21.1984 0000 88.1035 39
-21.1633 0000 88.1316 39
-21.1209 0000 88.1005 38
-21.0827 0000 88.1041 43
-21.0453 0000 88.1139 57
-21.0092 0000 88.1338 60
-20.9680 0000 88.1129 67
-20.9253 0000 88.0798 61
-20.8844 0000 88.0610 59
-20.8423 0000 88.0320 72
-20.8046 0000 88.0397 69
-20.7687 0000 88.0617 81
-20.7327 0000 88.0837 91
-20.6951 0000 88.0914 151
-20.6571 0000 88.0971 225
-20.6185 0000 88.0967 258
-20.5781 0000 88.0819 225
-20.5384 0000 88.0733 199
-20.4988 0000 88.0647 165
-20.4591 0000 88.0561 140
-20.4195 0000 88.0475 135
-20.3794 0000 88.0348 167
-20.3412 0000 88.0385 153
-20.3028 0000 88.0401 106
-20.2660 0000 88.0560 89
-20.2286 0000 88.0657 101
-20.1911 0000 88.0755 122
-20.1522 0000 88.0730 109
-20.1132 0000 88.0706 81
-20.0779 0000 88.0987 67
-20.0409 0000 88.1126 69
-20.0022 0000 88.1122 78
-19.9631 0000 88.1077 96
-19.9239 0000 88.1031 103
-19.8852 0000 88.1027 100
-19.8463 0000 88.1002 98
-19.8071 0000 88.0957 92
-19.7677 0000 88.0892 88
-19.7285 0000 88.0847 94
-19.6896 0000 88.0822 94
-19.6507 0000 88.0797 86
-19.6113 0000 88.0732 82
-19.5730 0000 88.0768 81
-19.5358 0000 88.0886 83
-19.4973 0000 88.0903 97
-19.4584 0000 88.0878 111
-19.4199 0000 88.0894 109
-19.3826 0000 88.1012 111
-19.3478 0000 88.1355 130
-19.3093 0000 88.1371 131
-19.2711 0000 88.1408 109
-19.2326 0000 88.1424 91
-19.1938 0000 88.1420 87
-19.1551 0000 88.1416 89
-19.1159 0000 88.1370 107
-19.0750 0000 88.1162 129
-19.0360 0000 88.1137 134
-18.9996 0000 88.1337 116
-18.9617 0000 88.1415 96
-18.9239 0000 88.1492 104
-18.8863 0000 88.1590 133
-18.8471 0000 88.1545 171
-18.8071 0000 88.1418 175
-18.7670 0000 88.1291 146
-18.7276 0000 88.1225 124
-18.6866 0000 88.1017 126
-18.6448 0000 88.0726 98
-18.6052 0000 88.0640 86
-18.5645 0000 88.0452 85
-18.5251 0000 88.0386 74
-18.4857 0000 88.0321 67
-18.4465 0000 88.0275 68
-18.4056 0000 88.0067 66
-18.3639 0000 87.9777 78
-18.3221 0000 87.9486 106
-18.2827 0000 87.9421 147
-18.2434 0000 87.9355 128
-18.2045 0000 87.9330 104
-18.1658 0000 87.9326 109
-18.1273 0000 87.9342 108
-18.0886 0000 87.9338 108
-18.0499 0000 87.9333 113
-18.0109 0000 87.9308 131
-17.9729 0000 87.9365 170
-17.9352 0000 87.9463 207
-17.8965 0000 87.9458 214
-17.8576 0000 87.9433 214
-17.8182 0000 87.9368 237
-17.7770 0000 87.9118 220
-17.7364 0000 87.8930 208
-17.6955 0000 87.8722 212
-17.6566 0000 87.8697 182
-17.6183 0000 87.8733 151
-17.5815 0000 87.8912 119
-17.5424 0000 87.8867 110
-17.5026 0000 87.8761 120
-17.4623 0000 87.8593 140
-17.4238 0000 87.8609 113
-17.3877 0000 87.8869 78
-17.3517 0000 87.9130 74
-17.3132 0000 87.9146 73
-17.2757 0000 87.9264 83
-17.2384 0000 87.9403 121
-17.1991 0000 87.9337 178
-17.1579 0000 87.9087 216
-17.1177 0000 87.8940 228
-17.0765 0000 87.8690 210
-17.0350 0000 87.8400 177
-16.9956 0000 87.8334 177
-16.9569 0000 87.8330 144
-16.9186 0000 87.8366 112
-16.8821 0000 87.8586 105
-16.8438 0000 87.8622 100
-16.8052 0000 87.8638 94
-16.7671 0000 87.8694 84
-16.7284 0000 87.8690 82
-16.6890 0000 87.8624 87
-16.6495 0000 87.8538 87
-16.6100 0000 87.8451 99
-16.5693 0000 87.8243 113
-16.5301 0000 87.8197 119
-16.4920 0000 87.8254 112
-16.4558 0000 87.8515 118
-16.4187 0000 87.8673 110
-16.3783 0000 87.8505 121
-16.3398 0000 87.8521 112
-16.3014 0000 87.8557 100
-16.2643 0000 87.8716 88
-16.2255 0000 87.8711 95
-16.1873 0000 87.8768 132
-16.1490 0000 87.8804 191
-16.1102 0000 87.8799 211
-16.0711 0000 87.8754 178
-16.0308 0000 87.8586 153
-15.9915 0000 87.8520 125
-15.9527 0000 87.8515 143
-15.9140 0000 87.8511 181
-15.8750 0000 87.8486 195
-15.8351 0000 87.8359 236
-15.7964 0000 87.8354 351
-15.7587 0000 87.8472 502
-15.7211 0000 87.8590 486
-15.6827 0000 87.8626 449
-15.6436 0000 87.8580 364
-15.6045 0000 87.8535 204
-15.5638 0000 87.8326 114
-15.5292 0000 87.8770 100
-15.4926 0000 87.9011 156
-15.4538 0000 87.9006 233
-15.4143 0000 87.8920 243
-15.3754 0000 87.8895 241
-15.3364 0000 87.8870 218
-15.2976 0000 87.8865 190
-15.2576 0000 87.8718 180
-15.2157 0000 87.8366 236
-15.1753 0000 87.8178 246
-15.1369 0000 87.8214 241
-15.0992 0000 87.8332 263
-15.0617 0000 87.8470 268
-15.0230 0000 87.8465 253
-14.9844 0000 87.8481 250
-14.9460 0000 87.8517 279
-14.9088 0000 87.8696 320
-14.8704 0000 87.8733 297
-14.8314 0000 87.8707 254
-14.7916 0000 87.8580 226
-14.7510 0000 87.8372 231
-14.7121 0000 87.8347 216
-14.6744 0000 87.8465 231
-14.6372 0000 87.8644 228
-14.5982 0000 87.8619 219
-14.5594 0000 87.8614 213
-14.5208 0000 87.8630 204
-14.4820 0000 87.8625 187
-14.4433 0000 87.8621 168
-14.4045 0000 87.8616 162
-14.3653 0000 87.8571 204
-14.3267 0000 87.8587 273
-14.2881 0000 87.8603 310
-14.2488 0000 87.8537 310
-14.2097 0000 87.8491 306
-14.1713 0000 87.8528 282
-14.1328 0000 87.8564 251
-14.0959 0000 87.8784 216
-14.0583 0000 87.8923 186
-14.0215 0000 87.9163 166
-13.9828 0000 87.9179 154
-13.9439 0000 87.9154 148
-13.9044 0000 87.9068 148
-13.8643 0000 87.8900 179
-13.8268 0000 87.9059 222
-13.7883 0000 87.9095 317
-13.7500 0000 87.9152 374
-13.7117 0000 87.9209 353
-13.6732 0000 87.9245 292
-13.6347 0000 87.9282 242
-13.5975 0000 87.9482 193
-13.5590 0000 87.9518 177
-13.5204 0000 87.9534 160
-13.4812 0000 87.9489 135
-13.4415 0000 87.9362 125
-13.4050 0000 87.9664 127
-13.3660 0000 87.9639 139
-13.3267 0000 87.9574 176
-13.2881 0000 87.9590 218
-13.2494 0000 87.9606 239
-13.2118 0000 87.9765 233
-13.1738 0000 87.9863 244
-13.1356 0000 87.9940 212
-13.0972 0000 87.9997 163
-13.0602 0000 88.0239 152
-13.0234 0000 88.0500 119
-12.9862 0000 88.0721 96
-12.9475 0000 88.0737 100
-12.9087 0000 88.0733 114
-12.8686 0000 88.0565 122
-12.8296 0000 88.0540 120
-12.7909 0000 88.0556 113
-12.7534 0000 88.0736 111
-12.7145 0000 88.0732 123
-12.6779 0000 88.1035 123
-12.6429 0000 88.1564 155
-12.6046 0000 88.1642 164
-12.5674 0000 88.1863 145
-12.5294 0000 88.1982 109
-12.4910 0000 88.2060 89
-12.4560 0000 88.2589 80
-12.4175 0000 88.2646 79
-12.3789 0000 88.2683 77
-12.3397 0000 88.2638 80
-12.2991 0000 88.2408 89
-12.2618 0000 88.2630 114
-12.2236 0000 88.2728 124
-12.1866 0000 88.2991 110
-12.1511 0000 88.3480 98
-12.1158 0000 88.4011 93
-12.0776 0000 88.4110 96
-12.0430 0000 88.4743 98
-12.0020 0000 88.4451 127
-11.9622 0000 88.4324 163
-11.9212 0000 88.4011 208
-11.8802 0000 88.3719 238
-11.8397 0000 88.3489 314
-11.8009 0000 88.3505 300
-11.7625 0000 88.3584 226
-11.7252 0000 88.3826 146
-11.6882 0000 88.4110 115
-11.6496 0000 88.4168 98
-11.6113 0000 88.4267 95
-11.5736 0000 88.4448 102
-11.5376 0000 88.4897 115
-11.4990 0000 88.4955 134
-11.4602 0000 88.4992 168
-11.4211 0000 88.4968 215
-11.3819 0000 88.4923 243
-11.3425 0000 88.4857 219
-11.3035 0000 88.4853 184
-11.2645 0000 88.4849 180
-11.2256 0000 88.4866 183
-11.1866 0000 88.4862 173
-11.1488 0000 88.5044 180
-11.1111 0000 88.5246 168
-11.0723 0000 88.5283 161
-11.0336 0000 88.5321 151
-10.9947 0000 88.5337 156
-10.9559 0000 88.5375 152
-10.9169 0000 88.5371 135
-10.8777 0000 88.5346 115
-10.8389 0000 88.5363 98
-10.8003 0000 88.5442 105
-10.7617 0000 88.5500 165
-10.7228 0000 88.5517 241
-10.6836 0000 88.5492 252
-10.6444 0000 88.5447 203
-10.6062 0000 88.5588 139
-10.5681 0000 88.5728 103
-10.5310 0000 88.6055 85
-10.4906 0000 88.5824 76
-10.4551 0000 88.6418 79
-10.4169 0000 88.6559 88
-10.3781 0000 88.6597 96
-10.3390 0000 88.6593 108
-10.2995 0000 88.6507 103
-10.2602 0000 88.6461 90
-10.2229 0000 88.6767 79
-10.1859 0000 88.7115 86
-10.1473 0000 88.7194 90
-10.1094 0000 88.7397 78
-10.0722 0000 88.7724 77
-10.0337 0000 88.7823 87
-9.9959 0000 88.8047 101
-9.9569 0000 88.8064 124
-9.9182 0000 88.8122 136
-9.8802 0000 88.8325 138
-9.8416 0000 88.8404 116
-9.8040 0000 88.8670 101
-9.7655 0000 88.8790 102
-9.7278 0000 88.9035 108
-9.6899 0000 88.9259 95
-9.6511 0000 88.9317 90
-9.6147 0000 88.9811 89
-9.5754 0000 88.9786 90
-9.5346 0000 88.9472 93
-9.4955 0000 88.9468 84
-9.4555 0000 88.9298 80
-9.4179 0000 88.9585 76
-9.3790 0000 88.9622 82
-9.3402 0000 88.9681 79
-9.3028 0000 89.0009 76
-9.2654 0000 89.0337 105
-9.2266 0000 89.0395 127
-9.1883 0000 89.0557 132
-9.1491 0000 89.0554 138
-9.1100 0000 89.0550 119
-9.0706 0000 89.0505 114
-9.0315 0000 89.0501 132
-8.9925 0000 89.0538 129
-8.9535 0000 89.0555 117
-8.9140 0000 89.0489 115
-8.8741 0000 89.0320 124
-8.8350 0000 89.0337 134
-8.7960 0000 89.0354 151
-8.7577 0000 89.0516 135
-8.7185 0000 89.0512 140
-8.6785 0000 89.0321 161
-8.6400 0000 89.0463 133
-8.6016 0000 89.0604 130
-8.5636 0000 89.0849 155
-8.5236 0000 89.0659 128
-8.4838 0000 89.0531 98
-8.4434 0000 89.0257 88
-8.4051 0000 89.0440 81
-8.3663 0000 89.0498 73
-8.3275 0000 89.0578 71
-8.2884 0000 89.0574 75
-8.2494 0000 89.0611 89
-8.2115 0000 89.0877 96
-8.1727 0000 89.0957 98
-8.1351 0000 89.1285 99
-8.0975 0000 89.1634 131
-8.0597 0000 89.1942 154
-8.0211 0000 89.2063 199
-7.9818 0000 89.2038 202
-7.9422 0000 89.1951 140
-7.9038 0000 89.2114 99
-7.8647 0000 89.2131 78
-7.8241 0000 89.1795 70
-7.7850 0000 89.1812 81
-7.7472 0000 89.2140 114
-7.7087 0000 89.2282 155
-7.6703 0000 89.2465 132
-7.6300 0000 89.2212 106
-7.5901 0000 89.2021 89
-7.5504 0000 89.1893 98
-7.5112 0000 89.1889 117
-7.4733 0000 89.2197 108
-7.4358 0000 89.2609 86
-7.3958 0000 89.2397 76
-7.3567 0000 89.2435 86
-7.3179 0000 89.2514 105
-7.2787 0000 89.2511 105
-7.2392 0000 89.2424 85
-7.1998 0000 89.2378 64
-7.1581 0000 89.1730 49
-7.1162 0000 89.1041 44
-7.0771 0000 89.1037 41
0.0000 0000 0.0000 0
-6.9987 0000 89.1009 39
-6.9620 0000 89.1670 44
-6.9229 0000 89.1687 57
-6.8838 0000 89.1704 96
-6.8441 0000 89.1555 130
-6.8050 0000 89.1572 139
-6.7669 0000 89.1859 110
-6.7284 0000 89.2022 89
-6.6895 0000 89.2101 83
-6.6511 0000 89.2326 89
-6.6123 0000 89.2426 99
-6.5732 0000 89.2444 106
-6.5339 0000 89.2419 88
-6.4963 0000 89.2873 61
-6.4588 0000 89.3348 67
-6.4212 0000 89.3802 72
-6.3840 0000 89.4382 80
-6.3448 0000 89.4399 95
-6.3047 0000 89.4146 116
-6.2649 0000 89.3975 121
-6.2253 0000 89.3867 127
-6.1861 0000 89.3864 130
-6.1469 0000 89.3881 137
-6.1071 0000 89.3711 133
-6.0677 0000 89.3645 125
-6.0277 0000 89.3412 139
-5.9883 0000 89.3325 162
-5.9488 0000 89.3259 172
-5.9096 0000 89.3255 151
-5.8714 0000 89.3564 115
-5.8323 0000 89.3623 108
-5.7927 0000 89.3495 113
-5.7533 0000 89.3429 119
-5.7143 0000 89.3487 121
-5.6754 0000 89.3609 114
-5.6365 0000 89.3709 101
-5.5987 0000 89.4185 89
-5.5598 0000 89.4307 86
-5.5215 0000 89.4595 102
-5.4825 0000 89.4696 116
-5.4438 0000 89.4880 120
-5.4046 0000 89.4897 125
-5.3653 0000 89.4894 124
-5.3263 0000 89.4973 134
-5.2877 0000 89.5199 176
-5.2480 0000 89.5050 178
-5.2084 0000 89.4942 174
-5.1691 0000 89.4897 162
-5.1300 0000 89.4956 140
-5.0907 0000 89.4973 115
-5.0514 0000 89.4928 108
-5.0119 0000 89.4862 119
-4.9726 0000 89.4838 134
-4.9334 0000 89.4834 139
-4.8939 0000 89.4747 149
-4.8540 0000 89.4493 209
-4.8146 0000 89.4448 231
-4.7752 0000 89.4382 172
-4.7369 0000 89.4775 137
-4.6980 0000 89.4897 114
-4.6592 0000 89.5123 101
-4.6201 0000 89.5161 104
-4.5809 0000 89.5199 117
-4.5418 0000 89.5258 117
-4.5025 0000 89.5276 103
-4.4629 0000 89.5147 92
-4.4228 0000 89.4768 92
-4.3830 0000 89.4514 112
-4.3436 0000 89.4448 123
-4.3041 0000 89.4341 144
-4.2647 0000 89.4254 149
-4.2256 0000 89.4354 168
-4.1864 0000 89.4351 219
-4.1470 0000 89.4327 287
-4.1083 0000 89.4553 329
-4.0692 0000 89.4654 333
-4.0302 0000 89.4796 288
-3.9920 0000 89.5294 232
-3.9534 0000 89.5666 175
-3.9153 0000 89.6269 148
-3.8763 0000 89.6412 140
-3.8369 0000 89.6366 135
-3.7970 0000 89.6091 134
-3.7575 0000 89.5983 115
-3.7181 0000 89.5917 88
-3.6782 0000 89.5600 69
-3.6379 0000 89.4991 63
-3.5980 0000 89.4675 76
-3.5584 0000 89.4484 85
-3.5192 0000 89.4501 87
-3.4798 0000 89.4456 80
-3.4405 0000 89.4432 80
-3.4014 0000 89.4491 99
-3.3624 0000 89.4696 120
-3.3231 0000 89.4672 149
-3.2838 0000 89.4669 161
-3.2446 0000 89.4707 141
-3.2054 0000 89.4766 121
-3.1663 0000 89.4888 117
-3.1270 0000 89.4864 107
-3.0874 0000 89.4631 110
-3.0481 0000 89.4586 126
-3.0088 0000 89.4561 117
-2.9695 0000 89.4600 90
-2.9300 0000 89.4388 72
-2.8896 0000 89.3592 60
-2.8487 0000 89.2360 68
-2.8094 0000 89.2273 82
-2.7697 0000 89.1937 89
-2.7299 0000 89.1435 116
-2.6907 0000 89.1431 148
-2.6521 0000 89.1927 151
-2.6136 0000 89.2527 122
-2.5754 0000 89.3419 119
-2.5367 0000 89.3895 128
-2.4975 0000 89.3933 129
-2.4582 0000 89.3972 116
-2.4194 0000 89.4406 106
-2.3802 0000 89.4465 101
-2.3409 0000 89.4483 102
-2.3016 0000 89.4459 118
-2.2622 0000 89.4288 160
-2.2230 0000 89.4410 153
-2.1838 0000 89.4449 139
-2.1446 0000 89.4487 122
-2.1053 0000 89.4463 105
-2.0656 0000 89.4001 93
-2.0262 0000 89.3893 91
-1.9867 0000 89.3535 109
-1.9472 0000 89.3261 115
-1.9079 0000 89.3237 114
-1.8687 0000 89.3254 105
-1.8294 0000 89.3209 107
-1.7901 0000 89.3185 122
-1.7509 0000 89.3202 138
-1.7115 0000 89.3074 153
-1.6723 0000 89.3029 120
-1.6330 0000 89.2963 82
-1.5937 0000 89.2897 76
-1.5544 0000 89.2811 83
-1.5151 0000 89.2703 99
-1.4758 0000 89.2513 103
-1.4365 0000 89.2530 98
-1.3973 0000 89.2589 100
-1.3581 0000 89.2628 114
-1.3188 0000 89.2583 119
-1.2794 0000 89.2204 112
-1.2401 0000 89.1764 134
-1.2008 0000 89.1740 167
-1.1616 0000 89.1841 215
-1.1224 0000 89.1879 236
-1.0832 0000 89.1834 205
-1.0439 0000 89.1768 157
-1.0047 0000 89.1827 123
-0.9656 0000 89.2095 117
-0.9263 0000 89.2112 99
-0.8871 0000 89.2067 80
-0.8478 0000 89.1814 78
-0.8086 0000 89.1832 74
-0.7694 0000 89.2057 73
-0.7302 0000 89.2054 78
-0.6909 0000 89.1801 80
-0.6517 0000 89.1756 89
-0.6125 0000 89.1690 107
-0.5733 0000 89.1625 144
-0.5341 0000 89.1517 187
-0.4949 0000 89.1535 188
-0.4556 0000 89.1636 168
-0.4164 0000 89.1591 160
-0.3772 0000 89.1379 152
-0.3380 0000 89.1314 166
-0.2989 0000 89.1103 168
-0.2597 0000 89.1058 153
-0.2205 0000 89.1054 163
-0.1812 0000 89.1093 174
-0.1420 0000 89.1048 168
-0.1029 0000 89.0795 136
-0.0638 0000 89.0501 128
-0.0247 0000 89.0332 122
0.0144 0000 89.0141 120
0.0537 0000 89.0367 95
0.0929 0000 89.0447 87
0.1321 0000 89.0423 81
0.1713 0000 89.0419 84
0.2105 0000 89.0458 92
0.2497 0000 89.0475 92
0.2890 0000 89.0721 92
0.3284 0000 89.0988 84
0.3676 0000 89.1027 89
0.4068 0000 89.1044 100
0.4460 0000 89.0999 104
0.4850 0000 89.0768 102
0.5242 0000 89.0744 89
0.5634 0000 89.0740 86
0.6026 0000 89.0820 99
0.6420 0000 89.1046 106
0.6812 0000 89.1001 107
0.7203 0000 89.0894 102
0.7593 0000 89.0641 110
0.7987 0000 89.0867 100
0.8379 0000 89.0947 98
0.8771 0000 89.0965 112
0.9163 0000 89.0899 129
0.9553 0000 89.0667 131
0.9943 0000 89.0519 152
1.0336 0000 89.0640 153
1.0726 0000 89.0471 115
1.1118 0000 89.0447 113
1.1508 0000 89.0340 120
1.1895 0000 88.9901 124
1.2286 0000 88.9836 143
1.2677 0000 88.9770 163
1.3069 0000 88.9767 179
1.3461 0000 88.9806 203
1.3853 0000 88.9823 199
1.4244 0000 88.9779 174
1.4635 0000 88.9693 165
1.5026 0000 88.9690 160
1.5418 0000 88.9728 154
1.5810 0000 88.9704 143
1.6201 0000 88.9701 121
1.6592 0000 88.9657 121
1.6983 0000 88.9571 140
1.7370 0000 88.9277 150
1.7758 0000 88.9067 188
1.8149 0000 88.9023 200
1.8540 0000 88.9020 217
1.8933 0000 88.9079 252
1.9325 0000 88.9117 258
1.9716 0000 88.9073 232
2.0106 0000 88.9008 195
2.0496 0000 88.8943 148
2.0886 0000 88.8857 114
2.1280 0000 88.9020 111
2.1674 0000 88.9183 105
2.2064 0000 88.9055 101
2.2454 0000 88.8969 105
2.2845 0000 88.8946 100
2.3236 0000 88.8963 96
2.3628 0000 88.8981 97
2.4024 0000 88.9227 106
2.4412 0000 88.9058 106
2.4804 0000 88.9076 109
2.5200 0000 88.9322 116
2.5592 0000 88.9381 120
2.5983 0000 88.9358 117
2.6373 0000 88.9293 101
2.6764 0000 88.9228 84
2.7154 0000 88.9183 79
2.7541 0000 88.8973 83
2.7928 0000 88.8742 77
2.8322 0000 88.8905 80
2.8713 0000 88.8861 68
2.9104 0000 88.8858 63
2.9496 0000 88.8896 73
2.9887 0000 88.8894 89
3.0278 0000 88.8870 109
3.0668 0000 88.8826 109
3.1061 0000 88.8885 137
3.1454 0000 88.8986 158
3.1845 0000 88.8962 149
3.2234 0000 88.8856 140
3.2623 0000 88.8791 151
3.3012 0000 88.8705 163
3.3395 0000 88.8350 182
3.3786 0000 88.8326 198
3.4179 0000 88.8427 199
3.4565 0000 88.8217 141
3.4953 0000 88.8111 115
3.5357 0000 88.8605 129
3.5750 0000 88.8685 179
3.6143 0000 88.8744 217
3.6534 0000 88.8762 229
3.6926 0000 88.8780 221
3.7316 0000 88.8757 195
3.7707 0000 88.8754 165
3.8098 0000 88.8751 151
3.8489 0000 88.8727 146
3.8881 0000 88.8745 132
3.9272 0000 88.8763 126
3.9663 0000 88.8760 130
4.0055 0000 88.8799 133
4.0447 0000 88.8817 144
4.0837 0000 88.8793 163
4.1227 0000 88.8728 192
4.1618 0000 88.8726 220
4.2009 0000 88.8743 213
4.2399 0000 88.8720 182
4.2797 0000 88.8924 149
4.3189 0000 88.8963 134
4.3582 0000 88.9043 121
4.3980 0000 88.9247 131
4.4365 0000 88.9058 147
4.4756 0000 88.9055 149
4.5148 0000 88.9073 157
4.5540 0000 88.9112 149
4.5939 0000 88.9358 119
4.6335 0000 88.9521 110
4.6743 0000 89.0037 113
4.7136 0000 89.0096 131
4.7528 0000 89.0135 150
4.7920 0000 89.0153 167
4.8310 0000 89.0108 192
4.8701 0000 89.0085 201
4.9094 0000 89.0144 181
4.9486 0000 89.0183 159
4.9889 0000 89.0533 140
5.0281 0000 89.0551 121
5.0661 0000 89.0216 128
5.1046 0000 89.0026 137
5.1439 0000 89.0086 153
5.1830 0000 89.0083 155
5.2226 0000 89.0204 153
5.2619 0000 89.0264 125
5.3014 0000 89.0365 107
5.3406 0000 89.0383 97
5.3796 0000 89.0338 91
5.4185 0000 89.0273 92
5.4574 0000 89.0229 94
5.4965 0000 89.0205 106
5.5355 0000 89.0182 112
5.5750 0000 89.0283 106
5.6154 0000 89.0633 100
5.6553 0000 89.0838 118
5.6944 0000 89.0835 124
5.7336 0000 89.0832 118
5.7719 0000 89.0621 113
5.8109 0000 89.0598 125
5.8500 0000 89.0595 130
5.8892 0000 89.0592 124
5.9283 0000 89.0589 102
5.9665 0000 89.0358 87
6.0053 0000 89.0293 79
6.0443 0000 89.0249 75
6.0813 0000 88.9727 94
6.1202 0000 88.9662 134
6.1592 0000 88.9659 139
6.1983 0000 88.9656 102
6.2375 0000 88.9674 72
6.2775 0000 88.9900 59
6.3180 0000 89.0229 52
6.3601 0000 89.0952 66
6.3984 0000 89.0742 135
6.4374 0000 89.0718 259
6.4763 0000 89.0674 352
6.5150 0000 89.0567 374
6.5539 0000 89.0523 358
6.5933 0000 89.0582 323
6.6328 0000 89.0662 285
6.6722 0000 89.0722 249
6.7133 0000 89.1176 245
6.7535 0000 89.1422 327
6.7934 0000 89.1606 367
6.8329 0000 89.1687 321
6.8738 0000 89.2058 255
6.9155 0000 89.2638 212
6.9561 0000 89.2947 219
6.9963 0000 89.3173 312
7.0361 0000 89.3316 360
7.0758 0000 89.3417 327
7.1150 0000 89.3435 241
7.1541 0000 89.3412 192
7.1933 0000 89.3409 183
7.2323 0000 89.3385 185
7.2714 0000 89.3361 195
7.3104 0000 89.3317 200
7.3492 0000 89.3252 179
7.3897 0000 89.3520 137
7.4321 0000 89.4184 128
7.4733 0000 89.4598 145
7.5137 0000 89.4845 154
7.5535 0000 89.4968 179
7.5953 0000 89.5487 204
7.6351 0000 89.5609 229
7.6742 0000 89.5586 249
7.7128 0000 89.5458 261
7.7514 0000 89.5330 260
7.7895 0000 89.5097 287
7.8288 0000 89.5115 297
7.8693 0000 89.5384 239
7.9099 0000 89.5653 198
7.9498 0000 89.5775 162
7.9896 0000 89.5877 140
8.0300 0000 89.6104 115
8.0710 0000 89.6457 107
8.1135 0000 89.7060 101
8.1530 0000 89.7120 102
8.1949 0000 89.7620 109
8.2349 0000 89.7743 130
8.2747 0000 89.7845 146
8.3153 0000 89.8094 134
8.3557 0000 89.8301 154
8.3951 0000 89.8319 179
8.4348 0000 89.8400 194
8.4752 0000 89.8607 201
8.5123 0000 89.8206 215
8.5516 0000 89.8204 217
8.5907 0000 89.8180 227
8.6299 0000 89.8156 247
8.6690 0000 89.8133 249
8.7092 0000 89.8298 232
8.7504 0000 89.8631 166
8.7907 0000 89.8817 118
8.8319 0000 89.9150 86
8.8729 0000 89.9441 69
8.9142 0000 89.9795 74
8.9549 0000 90.0045 88
8.9946 0000 90.0105 103
9.0346 0000 90.0229 100
9.0754 0000 90.0478 99
9.1146 0000 90.0455 89
9.1555 0000 90.0725 79
9.1979 0000 90.1249 77
9.2393 0000 90.1583 70
9.2793 0000 90.1706 65
9.3228 0000 90.2399 66
9.3622 0000 90.2396 75
9.4014 0000 90.2373 100
9.4406 0000 90.2349 151
9.4798 0000 90.2326 201
9.5192 0000 90.2323 213
9.5591 0000 90.2405 212
9.5998 0000 90.2634 233
9.6398 0000 90.2737 193
9.6796 0000 90.2798 140
9.7192 0000 90.2838 128
9.7589 0000 90.2898 153
9.7984 0000 90.2917 165
9.8379 0000 90.2936 146
9.8786 0000 90.3144 113
9.9197 0000 90.3416 107
9.9596 0000 90.3498 92
9.9994 0000 90.3559 81
10.0403 0000 90.3809 92
10.0797 0000 90.3807 97
10.1177 0000 90.3594 88
10.1596 0000 90.3971 100
10.1991 0000 90.3990 118
10.2386 0000 90.4009 140
10.2784 0000 90.4069 149
10.3182 0000 90.4130 127
10.3589 0000 90.4339 95
10.3991 0000 90.4463 85
10.4416 0000 90.4926 92
10.4814 0000 90.4987 117
10.5211 0000 90.5027 161
10.5606 0000 90.5045 234
10.6003 0000 90.5085 275
10.6400 0000 90.5125 228
10.6794 0000 90.5123 154
10.7185 0000 90.5078 108
10.7589 0000 90.5224 96
10.7986 0000 90.5264 94
10.8368 0000 90.5093 105
10.8743 0000 90.4816 90
10.9134 0000 90.4771 84
10.9533 0000 90.4853 75
10.9946 0000 90.5126 70
11.0339 0000 90.5102 64
11.0728 0000 90.5037 56
11.1121 0000 90.5013 47
11.1519 0000 90.5075 51
11.1931 0000 90.5326 57
11.2332 0000 90.5429 77
11.2732 0000 90.5511 101
11.3120 0000 90.5425 140
11.3509 0000 90.5359 177
11.3912 0000 90.5484 169
11.4312 0000 90.5566 143
11.4717 0000 90.5712 104
11.5113 0000 90.5731 83
11.5511 0000 90.5792 88
11.5902 0000 90.5747 119
11.6290 0000 90.5661 145
11.6687 0000 90.5701 150
11.7090 0000 90.5825 145
11.7487 0000 90.5865 140
11.7894 0000 90.6032 151
11.8288 0000 90.6030 140
11.8685 0000 90.6070 127
11.9087 0000 90.6174 116
11.9489 0000 90.6277 112
11.9886 0000 90.6318 108
12.0285 0000 90.6379 91
12.0681 0000 90.6398 94
12.1083 0000 90.6501 110
12.1492 0000 90.6690 138
12.1892 0000 90.6772 136
12.2290 0000 90.6812 104
12.2684 0000 90.6810 74
12.3096 0000 90.7041 61
12.3512 0000 90.7314 50
12.3908 0000 90.7333 47
12.4300 0000 90.7310 46
12.4694 0000 90.7308 48
12.5112 0000 90.7602 49
12.5536 0000 90.7981 59
12.5934 0000 90.8021 78
12.6328 0000 90.8019 81
12.6721 0000 90.7996 78
12.7114 0000 90.7973 81
12.7506 0000 90.7950 88
12.7882 0000 90.7714 92
12.8271 0000 90.7649 105
12.8669 0000 90.7689 130
12.9065 0000 90.7708 158
12.9459 0000 90.7706 169
12.9869 0000 90.7895 165
13.0273 0000 90.8020 128
13.0692 0000 90.8314 92
13.1111 0000 90.8609 83
13.1512 0000 90.8692 73
13.1947 0000 90.9178 70
13.2350 0000 90.9282 74
13.2752 0000 90.9364 87
13.3153 0000 90.9447 103
13.3544 0000 90.9403 107
13.3930 0000 90.9295 100
13.4317 0000 90.9208 94
13.4712 0000 90.9206 89
13.5106 0000 90.9204 84
13.5506 0000 90.9265 80
13.5908 0000 90.9348 85
13.6306 0000 90.9388 90
13.6702 0000 90.9407 87
13.7096 0000 90.9405 86
13.7529 0000 90.9849 93
13.7929 0000 90.9911 98
13.8327 0000 90.9951 87
13.8734 0000 91.0098 77
13.9175 0000 91.0627 84
13.9574 0000 91.0667 101
13.9970 0000 91.0686 111
14.0366 0000 91.0705 109
14.0765 0000 91.0746 98
14.1182 0000 91.0999 82
14.1580 0000 91.1039 82
14.1975 0000 91.1037 88
14.2364 0000 91.0971 101
14.2734 0000 91.0693 129
14.3125 0000 91.0648 140
14.3521 0000 91.0667 128
14.3912 0000 91.0623 101
14.4298 0000 91.0535 72
14.4666 0000 91.0236 58
14.5035 0000 90.9958 52
14.5433 0000 90.9998 56
14.5832 0000 91.0038 66
14.6228 0000 91.0057 74
14.6618 0000 91.0013 77
14.7026 0000 91.0159 86
14.7422 0000 91.0178 102
14.7822 0000 91.0240 115
14.8220 0000 91.0280 127
14.8616 0000 91.0299 126
14.9020 0000 91.0403 134
14.9419 0000 91.0443 127
14.9823 0000 91.0547 108
15.0225 0000 91.0630 95
15.0623 0000 91.0670 98
15.1021 0000 91.0711 114
15.1411 0000 91.0666 133
15.1800 0000 91.0600 144
15.2202 0000 91.0683 139
15.2620 0000 91.0935 116
15.3018 0000 91.0976 106
15.3431 0000 91.1165 99
15.3833 0000 91.1248 88
15.4231 0000 91.1288 80
15.4625 0000 91.1286 69
15.4995 0000 91.1028 65
15.5383 0000 91.0962 55
15.5742 0000 91.0599 47
15.6132 0000 91.0554 44
15.6526 0000 91.0552 48
15.6949 0000 91.0847 53
15.7349 0000 91.0908 63
15.7774 0000 91.1225 71
15.8174 0000 91.1286 90
15.8587 0000 91.1475 104
15.8987 0000 91.1537 123
15.9392 0000 91.1641 124
15.9786 0000 91.1638 105
16.0167 0000 91.1508 88
16.0521 0000 91.1102 97
16.0885 0000 91.0802 102
16.1273 0000 91.0736 132
16.1664 0000 91.0713 172
16.2071 0000 91.0838 202
16.2479 0000 91.0984 210
16.2875 0000 91.1003 176
16.3263 0000 91.0937 139
16.3654 0000 91.0914 125
16.4050 0000 91.0933 114
16.4467 0000 91.1164 112
16.4872 0000 91.1268 92
16.5287 0000 91.1478 81
16.5685 0000 91.1518 62
16.6114 0000 91.1856 49
16.6544 0000 91.2215 42
16.6934 0000 91.2171 40
16.7295 0000 91.1849 41
16.7688 0000 91.1847 42
16.8146 0000 91.2461 42
16.8511 0000 91.2182 42
16.8869 0000 91.1840 41
16.9232 0000 91.1540 43
16.9626 0000 91.1538 44
17.0048 0000 91.1812 45
17.0444 0000 91.1830 42
17.0839 0000 91.1849 39
17.1233 0000 91.1847 38
17.1626 0000 91.1845 39
17.2020 0000 91.1842 40
17.2411 0000 91.1819 44
17.2802 0000 91.1795 48
17.3168 0000 91.1538 56
17.3566 0000 91.1578 79
17.3980 0000 91.1767 97
17.4373 0000 91.1765 119
17.4773 0000 91.1826 136
17.5169 0000 91.1845 144
17.5542 0000 91.1651 129
17.5926 0000 91.1564 151
17.6312 0000 91.1498 210
17.6712 0000 91.1559 276
17.7117 0000 91.1663 362
17.7517 0000 91.1725 426
17.7917 0000 91.1786 427
17.8314 0000 91.1826 415
17.8700 0000 91.1760 369
17.9080 0000 91.1630 279
17.9451 0000 91.1437 194
17.9804 0000 91.1074 129
18.0164 0000 91.0774 125
18.0548 0000 91.0687 126
18.0917 0000 91.0473 127
18.1286 0000 91.0258 106
18.1671 0000 91.0192 104
18.2059 0000 91.0148 101
18.2456 0000 91.0188 97
18.2868 0000 91.0355 98
18.3260 0000 91.0353 82
18.3653 0000 91.0350 67
18.4023 0000 91.0157 63
18.4437 0000 91.0346 61
18.4772 0000 90.9835 66
18.5157 0000 90.9769 80
18.5568 0000 90.9936 96
18.5963 0000 90.9955 126
18.6355 0000 90.9953 158
18.6757 0000 91.0035 176
18.7167 0000 91.0181 172
18.7566 0000 91.0242 155
18.7953 0000 91.0198 134
18.8336 0000 91.0111 118
18.8723 0000 91.0066 120
18.9117 0000 91.0085 126
18.9509 0000 91.0082 118
18.9894 0000 91.0016 115
19.0286 0000 91.0014 109
19.0653 0000 90.9800 101
19.1035 0000 90.9713 98
19.1420 0000 90.9647 100
19.1806 0000 90.9602 93
19.2188 0000 90.9515 86
19.2560 0000 90.9343 89
19.2984 0000 90.9616 75
19.3386 0000 90.9698 73
19.3770 0000 90.9633 71
19.4106 0000 90.9165 71
19.4523 0000 90.9374 81
19.4940 0000 90.9583 73
19.5339 0000 90.9644 70
19.5739 0000 90.9705 72
19.6130 0000 90.9703 79
19.6517 0000 90.9658 100
19.6875 0000 90.9380 117
19.7251 0000 90.9251 135
19.7614 0000 90.9016 137
19.8005 0000 90.9013 143
19.8412 0000 90.9138 165
19.8801 0000 90.9114 171
19.9190 0000 90.9091 172
19.9581 0000 90.9088 168
19.9972 0000 90.9086 158
20.0361 0000 90.9062 152
20.0707 0000 90.8700 155
20.1086 0000 90.8592 163
20.1448 0000 90.8357 175
20.1831 0000 90.8291 158
20.2219 0000 90.8267 144
20.2589 0000 90.8096 121
20.2967 0000 90.7988 107
20.3342 0000 90.7859 96
20.3709 0000 90.7666 98
20.4094 0000 90.7621 88
20.4466 0000 90.7471 87
20.4795 0000 90.6983 108
20.5183 0000 90.6960 131
20.5582 0000 90.7021 149
20.5967 0000 90.6976 168
20.6341 0000 90.6847 204
20.6713 0000 90.6697 240
20.7101 0000 90.6674 243
20.7491 0000 90.6671 193
20.7884 0000 90.6690 171
20.8269 0000 90.6645 155
20.8648 0000 90.6559 144
20.9033 0000 90.6514 143
20.9423 0000 90.6512 128
20.9811 0000 90.6488 112
21.0174 0000 90.6275 105
21.0564 0000 90.6273 96
21.0948 0000 90.6229 102
21.1333 0000 90.6184 112
21.1720 0000 90.6161 123
21.2086 0000 90.5969 141
21.2478 0000 90.5988 172
21.2899 0000 90.6218 163
21.3324 0000 90.6489 169
21.3723 0000 90.6551 175
21.4116 0000 90.6569 192
21.4500 0000 90.6525 188
21.4882 0000 90.6460 152
21.5263 0000 90.6395 114
21.5597 0000 90.5971 103
21.5973 0000 90.5864 117
21.6352 0000 90.5777 129
21.6733 0000 90.5712 134
21.7123 0000 90.5710 142
21.7513 0000 90.5708 156
21.7902 0000 90.5706 171
21.8289 0000 90.5684 168
21.8673 0000 90.5640 143
21.9029 0000 90.5385 134
21.9410 0000 90.5320 140
21.9799 0000 90.5318 151
22.0166 0000 90.5148 134
22.0521 0000 90.4894 135
22.0902 0000 90.4829 128
22.1289 0000 90.4807 127
22.1644 0000 90.4552 123
22.2024 0000 90.4488 125
22.2411 0000 90.4465 123
22.2791 0000 90.4401 132
22.3172 0000 90.4336 146
22.3532 0000 90.4124 158
22.3921 0000 90.4123 202
22.4334 0000 90.4290 276
22.4732 0000 90.4352 309
22.5129 0000 90.4413 303
22.5533 0000 90.4517 263
22.5981 0000 90.4937 210
22.6382 0000 90.5020 157
22.6771 0000 90.5019 122
22.7157 0000 90.4997 116
22.7544 0000 90.4975 120
22.7936 0000 90.4995 131
22.8325 0000 90.4994 147
22.8711 0000 90.4972 155
22.9092 0000 90.4907 157
22.9424 0000 90.4507 156
22.9802 0000 90.4421 147
23.0185 0000 90.4378 153
23.0538 0000 90.4125 183
23.0888 0000 90.3851 177
23.1289 0000 90.3934 179
23.1714 0000 90.4186 186
23.2124 0000 90.4332 146
23.2516 0000 90.4353 122
23.2908 0000 90.4373 119
23.3290 0000 90.4330 130
23.3673 0000 90.4287 147
23.4053 0000 90.4224 164
23.4445 0000 90.4244 172
23.4843 0000 90.4307 177
23.5235 0000 90.4327 197
23.5624 0000 90.4326 211
23.6019 0000 90.4368 191
23.6408 0000 90.4367 161
23.6778 0000 90.4241 152
23.7102 0000 90.3798 152
23.7470 0000 90.3650 143
23.7803 0000 90.3271 144
23.8157 0000 90.3039 130
23.8552 0000 90.3081 129
23.8947 0000 90.3123 134
23.9363 0000 90.3311 149
23.9724 0000 90.3122 129
24.0106 0000 90.3079 114
24.0488 0000 90.3037 105
24.0867 0000 90.2973 106
24.1215 0000 90.2700 124
24.1591 0000 90.2615 140
24.1954 0000 90.2446 141
24.2373 0000 90.2656 154
24.2803 0000 90.2929 136
24.3194 0000 90.2950 142
24.3557 0000 90.2781 157
24.3946 0000 90.2781 141
24.4366 0000 90.2991 126
24.4757 0000 90.3012 130
24.5146 0000 90.3011 137
24.5531 0000 90.2990 146
24.5955 0000 90.3221 146
24.6353 0000 90.3284 161
24.6760 0000 90.3410 187
24.7113 0000 90.3178 166
24.7466 0000 90.2946 161
24.7851 0000 90.2925 155
24.8249 0000 90.2988 159
24.8647 0000 90.3051 186
24.9039 0000 90.3072 234
