wt=153428680, DLLFiFo=0
-22.6677 0000 72.4454 156
-22.6369 0000 72.4714 157
-22.6063 0000 72.4991 158
-22.5751 0000 72.5234 158
-22.5445 0000 72.5512 159
-22.5129 0000 72.5722 186
-22.4825 0000 72.6016 193
-22.4521 0000 72.6311 212
-22.4177 0000 72.6338 217
-22.3820 0000 72.6283 244
-22.3455 0000 72.6177 311
-22.3099 0000 72.6121 362
-22.2732 0000 72.5999 345
-22.2385 0000 72.6010 351
-22.2034 0000 72.5987 368
-22.1667 0000 72.5865 405
-22.1335 0000 72.5976 347
-22.1011 0000 72.6137 307
-22.0674 0000 72.6214 243
-22.0324 0000 72.6209 214
-21.9933 0000 72.5920 239
-21.9557 0000 72.5730 269
-21.9208 0000 72.5725 323
-21.8859 0000 72.5719 371
-21.8500 0000 72.5647 415
-21.8146 0000 72.5607 406
-21.7801 0000 72.5635 330
-21.7459 0000 72.5679 260
-21.7108 0000 72.5657 226
-21.6744 0000 72.5551 221
-21.6366 0000 72.5345 221
-21.6079 0000 72.5773 241
-21.5816 0000 72.6368 248
-21.5565 0000 72.7047 255
-21.5333 0000 72.7860 297
-21.5021 0000 72.8122 341
-21.4698 0000 72.8301 338
-21.4345 0000 72.8278 301
-21.3995 0000 72.8272 268
-21.3652 0000 72.8317 232
-21.3307 0000 72.8345 208
-21.2986 0000 72.8540 205
-21.2640 0000 72.8567 199
-21.2297 0000 72.8612 211
-21.1980 0000 72.8841 208
-21.1637 0000 72.8885 206
-21.1338 0000 72.9248 213
-21.0988 0000 72.9242 243
-21.0638 0000 72.9237 274
-21.0297 0000 72.9298 266
-21.0014 0000 72.9779 241
-20.9706 0000 73.0075 215
-20.9436 0000 73.0657 209
-20.9174 0000 73.1290 216
-20.8921 0000 73.1991 233
-20.8574 0000 73.2019 208
-20.8219 0000 73.1979 172
-20.7865 0000 73.1956 149
-20.7519 0000 73.1984 135
-20.7232 0000 73.2450 130
0.0000 0000 0.0000 0
-20.7045 0000 73.6221 160
-20.6723 0000 73.6435 189
-20.6410 0000 73.6717 199
-20.6067 0000 73.6779 220
-20.5712 0000 73.6756 251
-20.5364 0000 73.6784 283
-20.5019 0000 73.6829 332
-20.4669 0000 73.6840 380
-20.4321 0000 73.6868 393
-20.4011 0000 73.7184 392
-20.3661 0000 73.7195 364
-20.3288 0000 73.7036 281
-20.2997 0000 73.7488 226
-20.2687 0000 73.7805 198
-20.2407 0000 73.8342 185
-20.2081 0000 73.8540 189
-20.1760 0000 73.8772 188
-20.1409 0000 73.8783 201
-20.1063 0000 73.8828 210
-20.0748 0000 73.9110 196
-20.0464 0000 73.9632 182
-20.0151 0000 73.9932 173
-19.9805 0000 73.9977 162
-19.9514 0000 74.0448 156
-19.9234 0000 74.1004 158
-19.8954 0000 74.1561 182
-19.8658 0000 74.1999 216
-19.8322 0000 74.2129 222
-19.8025 0000 74.2567 203
-19.7709 0000 74.2852 190
-19.7395 0000 74.3153 167
-19.7048 0000 74.3199 164
-19.6744 0000 74.3586 163
-19.6372 0000 74.3443 171
-19.6018 0000 74.3437 196
-19.5662 0000 74.3414 196
-19.5308 0000 74.3408 170
-19.5013 0000 74.3864 143
-19.4745 0000 74.4543 125
-19.4535 0000 74.5669 128
-19.4217 0000 74.5955 128
-19.3914 0000 74.6361 105
-19.3631 0000 74.6923 95
-19.3319 0000 74.7261 87
-19.3064 0000 74.8046 81
-19.2838 0000 74.9074 78
-19.2697 0000 75.0778 79
-19.2445 0000 75.1602 94
-19.2117 0000 75.1821 108
-19.1789 0000 75.2040 128
-19.1437 0000 75.2069 152
-19.1111 0000 75.2306 149
-19.0787 0000 75.2560 139
-19.0458 0000 75.2779 139
-19.0104 0000 75.2791 137
-18.9775 0000 75.3010 142
-18.9446 0000 75.3230 137
-18.9092 0000 75.3241 139
-18.8743 0000 75.3305 135
-18.8421 0000 75.3577 116
-18.8072 0000 75.3640 97
-18.7749 0000 75.3912 104
-18.7401 0000 75.3976 128
-18.7048 0000 75.4005 151
-18.6687 0000 75.3964 168
-18.6328 0000 75.3941 165
-18.5969 0000 75.3918 138
-18.5618 0000 75.3965 118
-18.5286 0000 75.4167 136
-18.4956 0000 75.4387 137
-18.4641 0000 75.4729 139
-18.4323 0000 75.5054 186
-18.3970 0000 75.5083 228
-18.3612 0000 75.5077 236
-18.3259 0000 75.5107 228
-18.2920 0000 75.5257 225
-18.2586 0000 75.5443 170
-18.2236 0000 75.5507 149
-18.1910 0000 75.5763 133
-18.1593 0000 75.6105 135
-18.1327 0000 75.6884 133
-18.1035 0000 75.7436 150
-18.0689 0000 75.7536 175
-18.0329 0000 75.7513 203
-17.9965 0000 75.7455 226
-17.9604 0000 75.7432 241
-17.9248 0000 75.7444 249
-17.8894 0000 75.7473 237
-17.8579 0000 75.7834 213
-17.8258 0000 75.8161 189
-17.7977 0000 75.8819 193
-17.7660 0000 75.9181 201
-17.7354 0000 75.9630 212
-17.6995 0000 75.9625 213
-17.6606 0000 75.9357 207
-17.6210 0000 75.9019 198
-17.5839 0000 75.8909 190
-17.5457 0000 75.8694 198
-17.5096 0000 75.8671 185
-17.4769 0000 75.8946 151
-17.4470 0000 75.9465 133
-17.4121 0000 75.9547 125
-17.3770 0000 75.9612 123
-17.3358 0000 75.9134 128
-17.2956 0000 75.8744 134
-17.2543 0000 75.8250 138
-17.2183 0000 75.8227 138
-17.1807 0000 75.8065 144
-17.1448 0000 75.8060 147
-17.1089 0000 75.8054 152
-17.0723 0000 75.7979 146
-17.0336 0000 75.7712 129
-16.9968 0000 75.7620 108
-16.9605 0000 75.7580 99
-16.9276 0000 75.7836 119
-16.8938 0000 75.8023 168
-16.8568 0000 75.7913 246
-16.8224 0000 75.8048 245
-16.7875 0000 75.8130 247
-16.7539 0000 75.8334 206
-16.7229 0000 75.8784 171
-16.6914 0000 75.9181 145
-16.6587 0000 75.9473 137
-16.6228 0000 75.9468 136
-16.5867 0000 75.9445 137
-16.5532 0000 75.9668 147
-16.5184 0000 75.9768 163
-16.4860 0000 76.0095 195
-16.4507 0000 76.0143 211
-16.4144 0000 76.0103 203
-16.3781 0000 76.0062 171
-16.3421 0000 76.0057 144
-16.3082 0000 76.0245 141
-16.2727 0000 76.0275 142
-16.2320 0000 75.9814 147
-16.1931 0000 75.9529 165
-16.1587 0000 75.9664 157
-16.1231 0000 75.9694 158
-16.0866 0000 75.9637 168
-16.0505 0000 75.9614 176
-16.0124 0000 75.9399 176
-15.9758 0000 75.9324 175
-15.9395 0000 75.9284 166
-15.9011 0000 75.9034 155
-15.8650 0000 75.9011 132
-15.8296 0000 75.9059 111
-15.7960 0000 75.9281 108
-15.7578 0000 75.9049 107
-15.7189 0000 75.8746 101
-15.6794 0000 75.8392 125
-15.6416 0000 75.8194 144
-15.6036 0000 75.7979 180
-15.5658 0000 75.7782 179
-15.5288 0000 75.7672 176
-15.4914 0000 75.7510 199
-15.4560 0000 75.7557 229
-15.4200 0000 75.7535 238
-15.3830 0000 75.7425 203
-15.3459 0000 75.7298 156
-15.3068 0000 75.6961 119
-15.2663 0000 75.6485 103
-15.2297 0000 75.6410 98
-15.1913 0000 75.6144 102
-15.1553 0000 75.6121 101
-15.1169 0000 75.5855 97
-15.0756 0000 75.5292 103
-15.0366 0000 75.4956 131
-15.0004 0000 75.4916 177
-14.9614 0000 75.4580 222
-14.9244 0000 75.4454 231
-14.8876 0000 75.4344 196
-14.8496 0000 75.4113 143
-14.8138 0000 75.4108 116
-14.7781 0000 75.4120 115
-14.7400 0000 75.3872 127
-14.7014 0000 75.3571 147
-14.6653 0000 75.3531 153
-14.6293 0000 75.3509 152
-14.5919 0000 75.3330 163
-14.5543 0000 75.3134 157
-14.5177 0000 75.3042 158
-14.4807 0000 75.2915 147
-14.4401 0000 75.2389 132
-14.3990 0000 75.1812 127
-14.3602 0000 75.1477 129
-14.3212 0000 75.1125 113
-14.2872 0000 75.1311 109
-14.2537 0000 75.1549 98
-14.2167 0000 75.1405 99
-14.1785 0000 75.1140 118
-14.1399 0000 75.0823 162
-14.1017 0000 75.0541 190
-14.0659 0000 75.0536 197
-14.0319 0000 75.0721 182
-13.9945 0000 75.0525 157
-13.9604 0000 75.0711 128
-13.9325 0000 75.1572 121
-13.9032 0000 75.2296 131
-13.8719 0000 75.2794 165
-13.8372 0000 75.2911 169
-13.7997 0000 75.2715 176
-13.7633 0000 75.2640 149
-13.7270 0000 75.2583 116
-13.6870 0000 75.2092 101
-13.6462 0000 75.1514 107
-13.6060 0000 75.1007 104
-13.5630 0000 75.0170 100
-13.5215 0000 74.9508 129
-13.4815 0000 74.9001 163
-13.4435 0000 74.8737 201
-13.4078 0000 74.8732 207
-13.3722 0000 74.8744 179
-13.3359 0000 74.8670 146
-13.2968 0000 74.8268 153
-13.2610 0000 74.8245 168
-13.2252 0000 74.8223 172
-13.1905 0000 74.8339 161
-13.1538 0000 74.8213 144
-13.1204 0000 74.8484 133
-13.0853 0000 74.8548 109
-13.0515 0000 74.8768 97
-13.0159 0000 74.8780 94
-12.9815 0000 74.8931 97
-12.9454 0000 74.8874 99
-12.9075 0000 74.8610 113
-12.8699 0000 74.8380 146
-12.8327 0000 74.8185 140
-12.7965 0000 74.8129 142
-12.7601 0000 74.8037 151
-12.7213 0000 74.7653 164
-12.6854 0000 74.7613 165
-12.6480 0000 74.7401 151
-12.6114 0000 74.7275 140
-12.5732 0000 74.6960 127
-12.5356 0000 74.6714 103
-12.4981 0000 74.6485 90
-12.4605 0000 74.6239 76
-12.4244 0000 74.6182 59
-12.3869 0000 74.5936 49
-12.3508 0000 74.5879 40
0.0000 0000 0.0000 0
0.0000 0000 0.0000 0
0.0000 0000 0.0000 0
0.0000 0000 0.0000 0
0.0000 0000 0.0000 0
0.0000 0000 0.0000 0
0.0000 0000 0.0000 0
0.0000 0000 0.0000 0
-11.9579 0000 73.6495 32
-11.9205 0000 73.6235 32
-11.8871 0000 73.6485 31
-11.8497 0000 73.6225 33
-11.8124 0000 73.5965 39
-11.7749 0000 73.5688 43
-11.7372 0000 73.5378 47
-11.6996 0000 73.5084 50
-11.6623 0000 73.4825 46
-11.6226 0000 73.4243 48
-11.5813 0000 73.3442 57
-11.5419 0000 73.2895 71
-11.5053 0000 73.2721 84
-11.4670 0000 73.2310 100
-11.4297 0000 73.2035 111
-11.3912 0000 73.1607 133
-11.3537 0000 73.1298 152
-11.3153 0000 73.0871 171
-11.2776 0000 73.0529 171
-11.2376 0000 72.9883 193
-11.1980 0000 72.9272 222
-11.1591 0000 72.8762 238
-11.1219 0000 72.8488 254
-11.0868 0000 72.8499 241
-11.0514 0000 72.8461 241
-11.0138 0000 72.8136 290
-10.9772 0000 72.7930 310
-10.9417 0000 72.7891 330
-10.9053 0000 72.7718 347
-10.8693 0000 72.7595 362
-10.8324 0000 72.7355 356
-10.7957 0000 72.7132 341
-10.7603 0000 72.7093 268
-10.7250 0000 72.7071 227
-10.6880 0000 72.6815 212
-10.6508 0000 72.6508 238
-10.6129 0000 72.6117 242
-10.5771 0000 72.6012 233
-10.5388 0000 72.5554 224
-10.5033 0000 72.5499 219
-10.4683 0000 72.5511 224
-10.4330 0000 72.5489 247
-10.3977 0000 72.5467 263
-10.3624 0000 72.5446 260
-10.3271 0000 72.5424 254
-10.2934 0000 72.5637 243
-10.2587 0000 72.5699 236
-10.2241 0000 72.5778 224
-10.1919 0000 72.6226 225
-10.1555 0000 72.6037 243
-10.1202 0000 72.6015 252
-10.0848 0000 72.5977 251
-10.0498 0000 72.6005 241
-10.0163 0000 72.6252 248
-9.9825 0000 72.6466 236
-9.9474 0000 72.6478 229
-9.9122 0000 72.6473 212
-9.8769 0000 72.6451 210
-9.8417 0000 72.6446 227
-9.8066 0000 72.6458 243
-9.7714 0000 72.6454 244
-9.7363 0000 72.6466 222
-9.7012 0000 72.6478 196
-9.6675 0000 72.6708 193
-9.6325 0000 72.6737 186
-9.5988 0000 72.6984 174
-9.5654 0000 72.7265 186
-9.5301 0000 72.7243 211
-9.4948 0000 72.7239 224
-9.4596 0000 72.7234 244
-9.4244 0000 72.7230 256
-9.3891 0000 72.7208 258
-9.3555 0000 72.7472 239
-9.3223 0000 72.7821 224
-9.2914 0000 72.8539 218
-9.2564 0000 72.8568 219
-9.2212 0000 72.8580 228
-9.1859 0000 72.8576 234
-9.1507 0000 72.8571 243
-9.1154 0000 72.8567 250
-9.0801 0000 72.8545 239
-9.0477 0000 72.9029 222
-9.0142 0000 72.9344 213
-8.9822 0000 72.9913 215
-8.9514 0000 73.0684 223
-8.9189 0000 73.1186 225
-8.8853 0000 73.1486 220
-8.8528 0000 73.1972 221
-8.8179 0000 73.2052 209
-8.7830 0000 73.2132 192
-8.7504 0000 73.2618 188
-8.7165 0000 73.2867 204
-8.6816 0000 73.2947 212
-8.6484 0000 73.3349 211
-8.6157 0000 73.3836 198
-8.5813 0000 73.4001 180
-8.5484 0000 73.4455 157
-8.5143 0000 73.4705 131
-8.4978 0000 73.8222 126
-8.4636 0000 73.8456 150
-8.4296 0000 73.8724 164
-8.3953 0000 73.8959 185
-8.3611 0000 73.9193 160
-8.3274 0000 73.9531 137
-8.2948 0000 74.0090 130
-8.2609 0000 74.0410 137
-8.2256 0000 74.0440 143
-8.1911 0000 74.0641 148
-8.1577 0000 74.1065 168
-8.1225 0000 74.1129 175
-8.0884 0000 74.1415 163
-8.0531 0000 74.1462 155
-8.0189 0000 74.1732 151
-7.9847 0000 74.2002 145
-7.9492 0000 74.2015 146
-7.9137 0000 74.2027 144
-7.8781 0000 74.2023 139
-7.8437 0000 74.2259 128
-7.8105 0000 74.2752 118
-7.7776 0000 74.3297 115
-7.7445 0000 74.3825 117
-7.7103 0000 74.4113 116
-7.6761 0000 74.4418 115
-7.6418 0000 74.4689 118
-7.6064 0000 74.4737 128
-7.5725 0000 74.5111 129
-7.5368 0000 74.5107 138
-7.5023 0000 74.5344 135
-7.4672 0000 74.5460 131
-7.4313 0000 74.5421 133
-7.3944 0000 74.5141 140
-7.3586 0000 74.5120 147
-7.3240 0000 74.5340 160
-7.2897 0000 74.5646 168
-7.2545 0000 74.5762 180
-7.2213 0000 74.6310 201
-7.1859 0000 74.6374 221
-7.1500 0000 74.6336 228
-7.1140 0000 74.6263 231
-7.0774 0000 74.6052 244
-7.0435 0000 74.6462 239
-7.0090 0000 74.6734 218
-6.9738 0000 74.6850 207
-6.9395 0000 74.7192 200
-6.9058 0000 74.7654 176
-6.8711 0000 74.7892 153
-6.8354 0000 74.7905 127
-6.7996 0000 74.7884 112
-6.7638 0000 74.7880 111
-6.7283 0000 74.7928 125
-6.6944 0000 74.8373 148
-6.6587 0000 74.8404 173
-6.6221 0000 74.8175 188
-6.5859 0000 74.8068 211
-6.5493 0000 74.7856 250
-6.5136 0000 74.7870 268
-6.4786 0000 74.8039 249
-6.4430 0000 74.8087 257
-6.4075 0000 74.8135 288
-6.3726 0000 74.8373 286
-6.3378 0000 74.8612 297
-6.3021 0000 74.8642 288
-6.2664 0000 74.8639 271
-6.2307 0000 74.8652 254
-6.1950 0000 74.8666 242
-6.1593 0000 74.8697 220
-6.1237 0000 74.8745 190
-6.0880 0000 74.8759 157
-6.0531 0000 74.8997 126
-6.0182 0000 74.9236 109
-5.9825 0000 74.9267 109
-5.9469 0000 74.9315 118
-5.9118 0000 74.9485 120
-5.8758 0000 74.9429 129
-5.8386 0000 74.9027 148
-5.8027 0000 74.8989 181
-5.7669 0000 74.8986 217
-5.7315 0000 74.9103 227
-5.6958 0000 74.9117 231
-5.6603 0000 74.9183 216
-5.6252 0000 74.9387 218
-5.5888 0000 74.9211 207
-5.5527 0000 74.9103 212
-5.5165 0000 74.8978 216
-5.4795 0000 74.8594 217
-5.4433 0000 74.8470 218
-5.4061 0000 74.7999 228
-5.3690 0000 74.7581 241
-5.3330 0000 74.7509 257
-5.2971 0000 74.7453 270
-5.2612 0000 74.7398 274
-5.2253 0000 74.7343 263
-5.1890 0000 74.7150 236
-5.1531 0000 74.7077 249
-5.1173 0000 74.7056 273
-5.0816 0000 74.7088 280
-5.0460 0000 74.7119 274
-5.0103 0000 74.7133 257
-4.9753 0000 74.7371 226
-4.9404 0000 74.7679 201
-4.9056 0000 74.8004 181
-4.8705 0000 74.8243 167
-4.8346 0000 74.8188 154
-4.7982 0000 74.7960 142
-4.7623 0000 74.7922 123
-4.7259 0000 74.7659 122
-4.6888 0000 74.7172 126
-4.6527 0000 74.7031 134
-4.6163 0000 74.6768 131
-4.5804 0000 74.6696 142
-4.5441 0000 74.6468 171
-4.5078 0000 74.6241 175
-4.4715 0000 74.6013 189
-4.4351 0000 74.5734 157
-4.3973 0000 74.4904 147
-4.3596 0000 74.4075 183
-4.3236 0000 74.3917 204
-4.2869 0000 74.3484 205
-4.2509 0000 74.3343 180
-4.2141 0000 74.2859 142
-4.1772 0000 74.2306 114
-4.1403 0000 74.1754 100
-4.1039 0000 74.1442 92
-4.0673 0000 74.0994 78
-4.0294 0000 73.9980 66
-3.9869 0000 73.6870 89
-3.9512 0000 73.6782 114
-3.9148 0000 73.6370 123
-3.8791 0000 73.6264 128
-3.8427 0000 73.5818 132
-3.8064 0000 73.5475 151
-3.7700 0000 73.5030 162
-3.7344 0000 73.4924 148
-3.6979 0000 73.4428 121
-3.6606 0000 73.3543 113
-3.6236 0000 73.2743 141
-3.5877 0000 73.2502 157
-3.5518 0000 73.2262 181
-3.5160 0000 73.2021 182
-3.4800 0000 73.1747 183
-3.4441 0000 73.1439 197
-3.4076 0000 73.0878 204
-3.3713 0000 73.0351 219
-3.3357 0000 73.0213 244
-3.2995 0000 72.9771 269
-3.2637 0000 72.9497 270
-3.2279 0000 72.9224 291
-3.1924 0000 72.9136 312
-3.1566 0000 72.8880 359
-3.1209 0000 72.8658 332
-3.0852 0000 72.8419 320
-3.0499 0000 72.8399 278
-3.0146 0000 72.8429 238
-2.9794 0000 72.8460 209
-2.9440 0000 72.8439 194
-2.9086 0000 72.8386 194
-2.8725 0000 72.7860 213
-2.8368 0000 72.7571 235
-2.8008 0000 72.7080 258
-2.7654 0000 72.6993 279
-2.7300 0000 72.6922 282
-2.6941 0000 72.6516 269
-2.6585 0000 72.6244 260
-2.6231 0000 72.6156 240
-2.5876 0000 72.5968 226
-2.5526 0000 72.6167 248
-2.5174 0000 72.6180 258
-2.4822 0000 72.6228 269
-2.4470 0000 72.6258 276
-2.4117 0000 72.6272 266
-2.3765 0000 72.6285 236
-2.3417 0000 72.6685 212
-2.3065 0000 72.6749 209
-2.2718 0000 72.7217 222
-2.2366 0000 72.7281 232
-2.2013 0000 72.7261 243
-2.1659 0000 72.7174 264
-2.1304 0000 72.6918 272
-2.0949 0000 72.6697 306
-2.0594 0000 72.6475 310
-2.0241 0000 72.6405 317
-1.9884 0000 72.5982 315
-1.9531 0000 72.5895 311
-1.9179 0000 72.5892 305
-1.8827 0000 72.5922 287
-1.8474 0000 72.5936 258
-1.8126 0000 72.6386 234
-1.7775 0000 72.6652 222
-1.7423 0000 72.6682 212
-1.7070 0000 72.6662 212
-1.6716 0000 72.6407 217
-1.6362 0000 72.6169 251
-1.6009 0000 72.6166 286
-1.5657 0000 72.6146 320
-1.5304 0000 72.6076 349
-1.4950 0000 72.5838 335
-1.4597 0000 72.5784 308
-1.4244 0000 72.5580 275
-1.3890 0000 72.5342 232
-1.3538 0000 72.5272 221
-1.3185 0000 72.5051 222
-1.2832 0000 72.5014 221
-1.2480 0000 72.4978 231
-1.2128 0000 72.4975 233
-1.1776 0000 72.4972 215
-1.1424 0000 72.4935 188
-1.1072 0000 72.4932 163
-1.0719 0000 72.4561 153
-1.0366 0000 72.4474 158
-1.0013 0000 72.4036 166
-0.9661 0000 72.4016 173
-0.9310 0000 72.4214 176
-0.8958 0000 72.4228 205
-0.8606 0000 72.4158 255
-0.8254 0000 72.3920 286
-0.7902 0000 72.3700 312
-0.7550 0000 72.3647 307
-0.7199 0000 72.3644 308
-0.6847 0000 72.3691 307
-0.6495 0000 72.3889 281
-0.6144 0000 72.3685 281
-0.5792 0000 72.3632 291
-0.5441 0000 72.3562 310
-0.5089 0000 72.3526 318
-0.4737 0000 72.3540 300
-0.4385 0000 72.3805 237
-0.4033 0000 72.4120 206
-0.3681 0000 72.4167 194
-0.3330 0000 72.4148 186
-0.2978 0000 72.4044 185
-0.2627 0000 72.3757 193
-0.2276 0000 72.3553 186
-0.1924 0000 72.3584 159
-0.1572 0000 72.3882 139
-0.1219 0000 72.4147 135
-0.0868 0000 72.4144 138
-0.0516 0000 72.4075 158
-0.0165 0000 72.4022 179
0.0185 0000 72.3551 197
0.0536 0000 72.3498 210
0.0885 0000 72.3060 217
0.1237 0000 72.3041 226
0.1588 0000 72.3021 236
0.1939 0000 72.3002 234
0.2291 0000 72.3016 227
0.2642 0000 72.3013 224
0.2993 0000 72.2994 232
0.3343 0000 72.2757 272
0.3694 0000 72.2688 317
0.4045 0000 72.2635 389
0.4396 0000 72.2615 424
0.4747 0000 72.2629 376
0.5099 0000 72.2660 309
0.5450 0000 72.2657 260
0.5802 0000 72.2671 227
0.6153 0000 72.2669 197
0.6500 0000 72.2182 187
0.6846 0000 72.1662 212
0.7196 0000 72.1560 247
0.7545 0000 72.1340 255
0.7895 0000 72.1288 255
0.8247 0000 72.1319 247
0.8598 0000 72.1399 240
0.8950 0000 72.1430 229
0.9303 0000 72.1677 215
0.9657 0000 72.1958 232
1.0011 0000 72.2189 275
1.0363 0000 72.2220 341
1.0714 0000 72.2201 410
1.1063 0000 72.2065 470
1.1410 0000 72.1729 478
1.1759 0000 72.1609 394
1.2109 0000 72.1507 305
1.2461 0000 72.1588 247
1.2816 0000 72.1885 208
1.3165 0000 72.1716 229
1.3516 0000 72.1714 250
1.3866 0000 72.1678 269
1.4216 0000 72.1625 288
1.4565 0000 72.1456 278
1.4918 0000 72.1603 273
1.5269 0000 72.1618 243
1.5623 0000 72.1832 238
1.5975 0000 72.1863 291
1.6325 0000 72.1827 357
1.6673 0000 72.1641 427
1.7023 0000 72.1572 442
1.7373 0000 72.1536 412
1.7725 0000 72.1584 326
1.8083 0000 72.1982 246
1.8435 0000 72.2046 218
1.8783 0000 72.1843 219
1.9132 0000 72.1758 240
1.9478 0000 72.1505 261
1.9825 0000 72.1286 244
2.0171 0000 72.1017 245
2.0517 0000 72.0748 226
2.0867 0000 72.0729 221
2.1219 0000 72.0743 224
2.1569 0000 72.0724 239
2.1916 0000 72.0539 274
2.2270 0000 72.0703 274
2.2621 0000 72.0700 266
2.2972 0000 72.0715 251
2.3322 0000 72.0712 236
2.3669 0000 72.0493 223
2.4019 0000 72.0491 210
2.4371 0000 72.0539 207
2.4732 0000 72.1003 207
2.5083 0000 72.1001 211
2.5433 0000 72.0998 223
2.5790 0000 72.1263 224
2.6142 0000 72.1294 215
2.6493 0000 72.1291 200
2.6844 0000 72.1289 205
2.7200 0000 72.1520 201
2.7556 0000 72.1751 227
2.7908 0000 72.1766 252
2.8264 0000 72.1997 257
2.8622 0000 72.2262 255
2.8975 0000 72.2326 258
2.9332 0000 72.2558 264
2.9672 0000 72.2122 250
3.0022 0000 72.2069 237
3.0373 0000 72.2067 232
3.0724 0000 72.2048 233
3.1075 0000 72.2029 242
3.1424 0000 72.1977 251
3.1776 0000 72.1992 252
3.2128 0000 72.2023 247
3.2486 0000 72.2288 252
3.2838 0000 72.2319 275
3.3202 0000 72.2768 294
3.3555 0000 72.2832 305
3.3908 0000 72.2864 312
3.4259 0000 72.2862 294
3.4615 0000 72.3027 262
3.4973 0000 72.3242 206
3.5326 0000 72.3290 182
3.5680 0000 72.3388 176
3.6048 0000 72.3938 182
3.6415 0000 72.4438 188
3.6782 0000 72.4956 186
3.7151 0000 72.5507 194
3.7517 0000 72.5958 215
3.7871 0000 72.6023 232
3.8230 0000 72.6240 236
3.8584 0000 72.6288 248
3.8934 0000 72.6236 255
3.9279 0000 72.5982 268
3.9623 0000 72.5728 246
3.9973 0000 72.5659 219
4.0312 0000 72.5254 187
4.0662 0000 72.5202 156
4.1013 0000 72.5166 125
4.1373 0000 72.5399 101
4.1735 0000 72.5699 87
4.2105 0000 72.6235 78
4.2483 0000 72.6989 77
4.2846 0000 72.7290 87
4.3200 0000 72.7338 101
4.3561 0000 72.7589 116
4.3913 0000 72.7553 128
4.4264 0000 72.7518 139
4.4609 0000 72.7297 145
4.4953 0000 72.7060 157
4.5297 0000 72.6822 160
4.5647 0000 72.6736 169
4.5990 0000 72.6482 184
4.6334 0000 72.6245 190
4.6683 0000 72.6160 207
4.7017 0000 72.5654 229
4.7366 0000 72.5585 250
4.7709 0000 72.5314 268
4.8060 0000 72.5296 262
4.8405 0000 72.5109 235
4.8757 0000 72.5108 221
4.9109 0000 72.5089 215
4.9450 0000 72.4819 225
4.9794 0000 72.4599 229
5.0145 0000 72.4580 235
5.0497 0000 72.4579 225
5.0840 0000 72.4342 214
5.1184 0000 72.4139 196
5.1544 0000 72.4355 198
5.1898 0000 72.4404 198
5.2264 0000 72.4754 207
5.2617 0000 72.4769 217
5.2956 0000 72.4466 223
5.3305 0000 72.4397 219
5.3655 0000 72.4345 197
5.3998 0000 72.4126 145
5.4359 0000 72.4342 102
5.4724 0000 72.4659 72
5.5119 0000 72.5664 65
5.5505 0000 72.6469 67
5.5869 0000 72.6736 75
5.6230 0000 72.6937 94
5.6575 0000 72.6767 104
5.6925 0000 72.6698 122
5.7273 0000 72.6612 138
5.7610 0000 72.6241 150
5.7958 0000 72.6155 159
5.8301 0000 72.5935 150
5.8649 0000 72.5849 153
5.8993 0000 72.5663 166
5.9346 0000 72.5678 157
5.9698 0000 72.5677 143
6.0049 0000 72.5659 133
6.0402 0000 72.5657 127
6.0755 0000 72.5672 119
6.1107 0000 72.5671 110
6.1469 0000 72.5888 100
6.1822 0000 72.5903 96
6.2176 0000 72.5935 94
6.2528 0000 72.5934 91
6.2879 0000 72.5915 91
6.3240 0000 72.6099 100
6.3593 0000 72.6114 114
6.3944 0000 72.6096 134
6.4296 0000 72.6078 144
6.4650 0000 72.6110 136
6.5004 0000 72.6159 122
6.5361 0000 72.6242 106
6.5734 0000 72.6661 101
6.6085 0000 72.6642 111
6.6436 0000 72.6607 122
6.6769 0000 72.6236 126
6.7119 0000 72.6184 128
6.7468 0000 72.6133 124
6.7817 0000 72.6064 118
6.8155 0000 72.5794 115
6.8494 0000 72.5541 129
6.8833 0000 72.5288 138
6.9183 0000 72.5253 153
6.9524 0000 72.5034 161
6.9861 0000 72.4764 186
7.0189 0000 72.4310 201
7.0523 0000 72.3974 214
7.0859 0000 72.3688 247
7.1206 0000 72.3603 244
7.1545 0000 72.3368 252
7.1886 0000 72.3183 236
7.2239 0000 72.3215 216
7.2601 0000 72.3415 197
7.2953 0000 72.3414 171
7.3304 0000 72.3413 152
7.3655 0000 72.3412 140
7.4005 0000 72.3394 132
7.4328 0000 72.2891 127
7.4677 0000 72.2840 127
7.5000 0000 72.2354 128
7.5350 0000 72.2336 126
7.5685 0000 72.2052 124
7.6005 0000 72.1516 124
7.6324 0000 72.0965 128
7.6659 0000 72.0698 137
7.6992 0000 72.0397 156
7.7328 0000 72.0163 177
7.7696 0000 72.0462 184
7.8079 0000 72.1011 198
7.8429 0000 72.1010 222
7.8779 0000 72.0992 244
7.9127 0000 72.0958 259
7.9477 0000 72.0958 267
7.9828 0000 72.0957 266
8.0180 0000 72.0989 260
8.0518 0000 72.0789 264
8.0868 0000 72.0788 263
8.1218 0000 72.0787 260
8.1567 0000 72.0753 254
8.1914 0000 72.0702 252
8.2252 0000 72.0518 250
8.2600 0000 72.0484 265
8.2949 0000 72.0467 268
8.3286 0000 72.0250 276
8.3633 0000 72.0216 279
8.3981 0000 72.0182 270
8.4334 0000 72.0231 235
8.4715 0000 72.0714 205
8.5071 0000 72.0813 192
8.5438 0000 72.1079 198
8.5816 0000 72.1512 215
8.6167 0000 72.1528 231
8.6517 0000 72.1527 238
8.6882 0000 72.1744 242
8.7219 0000 72.1543 255
8.7568 0000 72.1526 282
8.7919 0000 72.1542 307
8.8272 0000 72.1591 330
8.8652 0000 72.2041 336
8.9005 0000 72.2090 324
8.9385 0000 72.2540 307
8.9740 0000 72.2607 274
9.0125 0000 72.3124 238
9.0526 0000 72.3875 216
9.0898 0000 72.4193 201
9.1317 0000 72.5213 196
9.1685 0000 72.5464 211
9.2036 0000 72.5463 223
9.2406 0000 72.5748 218
9.2760 0000 72.5797 213
9.3113 0000 72.5830 204
9.3497 0000 72.6299 190
9.3885 0000 72.6836 180
9.4257 0000 72.7137 170
9.4648 0000 72.7708 177
9.5019 0000 72.7993 183
9.5387 0000 72.8228 186
9.5756 0000 72.8479 184
9.6127 0000 72.8765 181
9.6511 0000 72.9219 187
9.6880 0000 72.9471 193
9.7251 0000 72.9740 186
9.7623 0000 73.0025 190
9.7978 0000 73.0075 200
9.8344 0000 73.0260 205
9.8695 0000 73.0260 193
9.9051 0000 73.0310 177
9.9439 0000 73.0815 161
9.9814 0000 73.1135 140
10.0208 0000 73.1709 126
10.0603 0000 73.2299 117
10.0990 0000 73.2772 114
10.1364 0000 73.3059 122
10.1739 0000 73.3363 129
10.2114 0000 73.3667 154
10.2486 0000 73.3938 160
10.2855 0000 73.4158 184
10.3208 0000 73.4157 192
10.3573 0000 73.4326 176
10.3932 0000 73.4410 171
10.4305 0000 73.4681 164
10.4671 0000 73.4850 177
10.5023 0000 73.4849 168
10.5375 0000 73.4832 148
10.5712 0000 73.4628 141
10.6051 0000 73.4457 125
10.6401 0000 73.4423 127
10.6748 0000 73.4355 140
10.7069 0000 73.3948 151
10.7408 0000 73.3778 157
10.7720 0000 73.3252 157
10.8035 0000 73.2778 156
10.8367 0000 73.2524 165
10.8713 0000 73.2456 165
10.9084 0000 73.2692 162
10.9463 0000 73.3030 168
10.9841 0000 73.3351 188
11.0213 0000 73.3605 189
11.0568 0000 73.3638 194
11.0934 0000 73.3807 207
11.1289 0000 73.3840 213
11.1660 0000 73.4077 207
11.2014 0000 73.4093 206
11.2369 0000 73.4127 199
11.2724 0000 73.4160 188
11.3082 0000 73.4228 175
11.3455 0000 73.4482 173
11.3810 0000 73.4515 167
11.4166 0000 73.4548 160
11.4515 0000 73.4514 150
11.4859 0000 73.4412 150
11.5186 0000 73.4107 156
11.5516 0000 73.3835 177
11.5865 0000 73.3801 182
11.6202 0000 73.3614 171
11.6548 0000 73.3546 169
11.6877 0000 73.3275 170
11.7202 0000 73.2953 150
11.7529 0000 73.2665 143
11.7877 0000 73.2614 138
11.8230 0000 73.2631 138
11.8585 0000 73.2664 131
11.8920 0000 73.2461 128
11.9247 0000 73.2173 127
11.9555 0000 73.1666 146
11.9880 0000 73.1362 160
12.0209 0000 73.1109 187
12.0555 0000 73.1041 188
12.0892 0000 73.0872 171
12.1243 0000 73.0871 165
12.1608 0000 73.1023 162
12.1930 0000 73.0685 142
12.2277 0000 73.0634 122
12.2610 0000 73.0431 116
12.2954 0000 73.0347 108
12.3262 0000 72.9858 106
12.3591 0000 72.9605 101
12.3939 0000 72.9571 104
12.4293 0000 72.9604 115
12.4662 0000 72.9806 134
12.5033 0000 73.0024 123
12.5386 0000 73.0041 115
12.5739 0000 73.0057 110
12.6093 0000 73.0091 108
12.6489 0000 73.0579 111
12.6867 0000 73.0865 116
12.7242 0000 73.1118 135
12.7596 0000 73.1151 145
12.7949 0000 73.1168 148
12.8317 0000 73.1336 161
12.8653 0000 73.1167 162
12.9001 0000 73.1133 171
12.9349 0000 73.1099 173
12.9677 0000 73.0845 170
13.0024 0000 73.0794 179
13.0400 0000 73.1047 187
13.0759 0000 73.1131 177
13.1136 0000 73.1400 163
13.1489 0000 73.1417 164
13.1840 0000 73.1400 171
13.2166 0000 73.1129 181
13.2491 0000 73.0859 178
13.2820 0000 73.0622 195
13.3170 0000 73.0605 206
13.3520 0000 73.0588 213
13.3852 0000 73.0385 209
13.4200 0000 73.0351 215
13.4549 0000 73.0316 221
13.4897 0000 73.0282 221
13.5248 0000 73.0282 208
13.5601 0000 73.0298 181
13.5953 0000 73.0298 157
13.6283 0000 73.0078 146
13.6633 0000 73.0061 154
13.6961 0000 72.9825 172
13.7307 0000 72.9774 186
13.7657 0000 72.9757 197
13.8015 0000 72.9824 197
13.8366 0000 72.9823 191
13.8692 0000 72.9570 195
13.9037 0000 72.9502 199
13.9385 0000 72.9468 207
13.9739 0000 72.9501 213
14.0095 0000 72.9552 218
14.0467 0000 72.9753 213
14.0835 0000 72.9921 220
14.1188 0000 72.9938 211
14.1543 0000 72.9971 195
14.1896 0000 72.9988 177
14.2247 0000 72.9987 169
14.2600 0000 73.0004 168
14.2950 0000 72.9987 165
14.3327 0000 73.0239 156
14.3729 0000 73.0728 155
14.4085 0000 73.0778 161
14.4437 0000 73.0778 168
14.4790 0000 73.0794 168
14.5140 0000 73.0777 172
14.5486 0000 73.0726 175
14.5809 0000 73.0456 176
14.6157 0000 73.0422 169
14.6563 0000 73.0944 156
14.6946 0000 73.1248 147
14.7303 0000 73.1298 132
14.7689 0000 73.1619 112
14.8056 0000 73.1771 95
14.8515 0000 73.2785 97
14.8888 0000 73.2987 112
14.9242 0000 73.3004 126
14.9596 0000 73.3021 138
14.9951 0000 73.3054 146
15.0321 0000 73.3223 138
15.0673 0000 73.3223 136
15.1025 0000 73.3223 135
15.1379 0000 73.3239 129
15.1732 0000 73.3256 125
15.2080 0000 73.3222 131
15.2406 0000 73.2985 139
15.2727 0000 73.2697 162
15.3049 0000 73.2426 175
15.3373 0000 73.2172 216
15.3682 0000 73.1784 260
15.4026 0000 73.1716 302
15.4368 0000 73.1631 304
15.4693 0000 73.1395 308
15.5020 0000 73.1175 261
15.5366 0000 73.1125 224
15.5717 0000 73.1124 182
15.6049 0000 73.0956 160
15.6395 0000 73.0905 136
15.6744 0000 73.0888 117
15.7093 0000 73.0871 106
15.7444 0000 73.0871 110
15.7797 0000 73.0888 115
15.8148 0000 73.0888 111
15.8499 0000 73.0888 104
15.8850 0000 73.0888 96
15.9199 0000 73.0871 87
15.9498 0000 73.0416 86
15.9836 0000 73.0298 100
16.0157 0000 73.0045 115
16.0504 0000 73.0011 128
16.0857 0000 73.0028 135
16.1180 0000 72.9792 137
16.1500 0000 72.9523 155
16.1848 0000 72.9506 163
16.2203 0000 72.9540 165
16.2549 0000 72.9507 164
16.2890 0000 72.9423 161
16.3236 0000 72.9389 157
16.3565 0000 72.9204 147
16.3888 0000 72.8969 150
16.4228 0000 72.8885 139
16.4531 0000 72.8482 123
16.4869 0000 72.8381 116
16.5166 0000 72.7928 113
16.5422 0000 72.7139 108
16.5669 0000 72.6268 118
16.5921 0000 72.5448 131
16.6208 0000 72.4929 156
16.6525 0000 72.4662 186
16.6820 0000 72.4211 202
16.7157 0000 72.4112 213
16.7458 0000 72.3711 219
16.7797 0000 72.3628 218
16.8139 0000 72.3579 220
16.8448 0000 72.3245 221
16.8776 0000 72.3079 200
16.9068 0000 72.2613 176
16.9386 0000 72.2363 169
16.9699 0000 72.2081 154
16.9983 0000 72.1549 142
17.0227 0000 72.0701 130
17.0473 0000 71.9871 138
17.0755 0000 71.9340 162
17.1043 0000 71.8860 185
17.1378 0000 71.8761 205
17.1674 0000 71.8348 232
17.2017 0000 71.8315 268
17.2358 0000 71.8266 297
17.2677 0000 71.8035 338
17.2997 0000 71.7820 328
17.3331 0000 71.7722 325
17.3647 0000 71.7474 296
17.3961 0000 71.7210 292
17.4276 0000 71.6963 272
17.4592 0000 71.6716 264
17.4934 0000 71.6684 241
17.5308 0000 71.6899 225
17.5661 0000 71.6950 213
17.6043 0000 71.7232 202
17.6421 0000 71.7480 194
17.6801 0000 71.7746 200
17.7154 0000 71.7797 192
17.7560 0000 71.8261 187
17.7909 0000 71.8278 193
17.8251 0000 71.8246 208
17.8598 0000 71.8247 221
17.8972 0000 71.8463 228
17.9326 0000 71.8514 212
17.9704 0000 71.8763 189
18.0060 0000 71.8831 179
18.0471 0000 71.9329 180
18.0826 0000 71.9396 202
18.1201 0000 71.9613 218
18.1552 0000 71.9647 237
18.1923 0000 71.9830 268
18.2246 0000 71.9649 307
18.2588 0000 71.9616 313
18.2913 0000 71.9452 277
18.3256 0000 71.9419 262
18.3600 0000 71.9404 254
18.3973 0000 71.9604 246
18.4326 0000 71.9655 252
18.4697 0000 71.9838 256
18.5044 0000 71.9839 245
18.5364 0000 71.9641 250
18.5684 0000 71.9443 221
18.6029 0000 71.9427 194
18.6373 0000 71.9412 167
18.6717 0000 71.9396 149
18.7068 0000 71.9430 145
18.7470 0000 71.9846 152
18.7819 0000 71.9864 156
18.8168 0000 71.9881 154
18.8510 0000 71.9849 161
18.8803 0000 71.9452 168
18.9140 0000 71.9387 162
18.9482 0000 71.9355 154
18.9824 0000 71.9322 154
19.0143 0000 71.9124 165
19.0487 0000 71.9109 168
19.0802 0000 71.8878 159
19.1112 0000 71.8614 157
19.1451 0000 71.8565 152
19.1741 0000 71.8152 157
19.2078 0000 71.8087 172
19.2417 0000 71.8038 190
19.2761 0000 71.8023 199
19.3109 0000 71.8040 195
19.3432 0000 71.7876 184
19.3771 0000 71.7827 199
19.4105 0000 71.7746 214
19.4451 0000 71.7747 212
19.4797 0000 71.7748 204
19.5143 0000 71.7749 208
19.5461 0000 71.7552 211
19.5797 0000 71.7486 214
19.6138 0000 71.7454 203
19.6493 0000 71.7522 188
19.6915 0000 71.8069 176
19.7303 0000 71.8368 172
19.7683 0000 71.8618 170
19.8057 0000 71.8818 191
19.8403 0000 71.8819 217
19.8751 0000 71.8837 236
19.9097 0000 71.8838 252
19.9443 0000 71.8839 270
19.9789 0000 71.8840 279
20.0135 0000 71.8841 283
20.0480 0000 71.8842 277
20.0859 0000 71.9075 240
20.1215 0000 71.9143 205
20.1624 0000 71.9592 183
20.1909 0000 71.9162 176
20.2254 0000 71.9163 170
20.2598 0000 71.9147 166
20.2908 0000 71.8900 170
20.3215 0000 71.8636 171
20.3530 0000 71.8421 192
20.3846 0000 71.8224 196
20.4216 0000 71.8391 204
20.4552 0000 71.8325 196
20.4866 0000 71.8111 190
20.5238 0000 71.8295 162
20.5656 0000 71.8793 157
20.6021 0000 71.8926 163
20.6379 0000 71.9010 173
20.6725 0000 71.9011 185
20.7068 0000 71.8996 193
20.7413 0000 71.8997 200
20.7764 0000 71.9031 213
20.8132 0000 71.9181 228
20.8480 0000 71.9199 186
20.8833 0000 71.9250 145
20.9178 0000 71.9251 125
20.9524 0000 71.9252 121
20.9840 0000 71.9054 118
21.0181 0000 71.9022 119
21.0521 0000 71.8990 121
21.0862 0000 71.8958 128
21.1197 0000 71.8893 141
21.1510 0000 71.8679 172
21.1858 0000 71.8697 183
21.2174 0000 71.8499 174
21.2504 0000 71.8401 188
21.2809 0000 71.8138 231
21.3124 0000 71.7940 254
21.3464 0000 71.7909 279
21.3802 0000 71.7860 282
21.4117 0000 71.7663 321
21.4457 0000 71.7631 344
21.4772 0000 71.7434 294
21.5040 0000 71.6940 255
21.5362 0000 71.6793 250
21.5646 0000 71.6398 245
21.5976 0000 71.6300 225
21.6310 0000 71.6236 202
21.6596 0000 71.5858 192
21.6941 0000 71.5859 201
21.7288 0000 71.5877 200
21.7650 0000 71.5994 183
21.7987 0000 71.5946 149
21.8337 0000 71.5980 128
21.8684 0000 71.5998 114
21.9029 0000 71.5999 107
21.9376 0000 71.6017 109
21.9726 0000 71.6051 120
22.0070 0000 71.6052 130
