wt=151300564, DLLFiFo=0
-25.5770 0000 91.9828 110
-25.5376 0000 91.9822 109
-25.4982 0000 91.9815 99
-25.4591 0000 91.9830 97
-25.4271 0000 92.0336 106
-25.3911 0000 92.0565 117
-25.3578 0000 92.0985 122
-25.3240 0000 92.1364 113
-25.2861 0000 92.1464 113
-25.2510 0000 92.1757 125
-25.2127 0000 92.1837 132
-25.1745 0000 92.1916 113
-25.1369 0000 92.2038 99
-25.1057 0000 92.2610 113
-25.0681 0000 92.2732 140
-25.0314 0000 92.2918 181
-24.9904 0000 92.2805 182
-24.9503 0000 92.2756 182
-24.9093 0000 92.2643 151
-24.8659 0000 92.2359 122
-24.8261 0000 92.2331 98
-24.7897 0000 92.2539 84
-24.7508 0000 92.2576 84
-24.7122 0000 92.2634 90
-24.6758 0000 92.2843 100
-24.6354 0000 92.2772 107
-24.5953 0000 92.2724 116
-24.5558 0000 92.2718 112
-24.5142 0000 92.2562 119
-24.4786 0000 92.2834 125
-24.4442 0000 92.3193 141
-24.4092 0000 92.3508 185
-24.3706 0000 92.3567 192
-24.3284 0000 92.3368 220
-24.2883 0000 92.3319 212
-24.2470 0000 92.3185 200
-24.2025 0000 92.2815 165
-24.1568 0000 92.2359 152
-24.1129 0000 92.2032 136
-24.0690 0000 92.1705 106
-24.0345 0000 92.2063 88
-23.9983 0000 92.2293 89
-23.9608 0000 92.2437 106
-23.9222 0000 92.2496 127
-23.8853 0000 92.2683 133
-23.8461 0000 92.2699 143
-23.8066 0000 92.2693 138
-23.7706 0000 92.2945 151
-23.7331 0000 92.3090 172
-23.6970 0000 92.3342 167
-23.6604 0000 92.3551 182
-23.6231 0000 92.3717 169
-23.5830 0000 92.3669 172
-23.5426 0000 92.3599 157
-23.5005 0000 92.3401 144
-23.4610 0000 92.3395 119
-23.4217 0000 92.3412 100
-23.3830 0000 92.3471 98
-23.3446 0000 92.3551 110
-23.3048 0000 92.3525 124
-23.2649 0000 92.3498 131
-23.2257 0000 92.3515 128
-23.1895 0000 92.3767 121
-23.1528 0000 92.3977 134
-23.1084 0000 92.3607 162
-23.0646 0000 92.3280 202
-23.0251 0000 92.3275 207
-22.9861 0000 92.3313 180
-22.9462 0000 92.3287 133
-22.9014 0000 92.2874 95
-22.8473 0000 92.1755 87
-22.8003 0000 92.1171 122
-22.7566 0000 92.0846 168
-22.7177 0000 92.0884 194
-22.6804 0000 92.1050 189
-22.6417 0000 92.1110 187
-22.6035 0000 92.1213 161
-22.5697 0000 92.1658 134
-22.5318 0000 92.1782 112
-22.4947 0000 92.1970 107
-22.4524 0000 92.1752 106
-22.4118 0000 92.1662 102
-22.3714 0000 92.1593 100
-22.3321 0000 92.1610 104
-22.2950 0000 92.1799 108
-22.2555 0000 92.1794 133
-22.2132 0000 92.1576 137
-22.1707 0000 92.1336 137
-22.1295 0000 92.1203 113
-22.0873 0000 92.0985 108
-22.0437 0000 92.0659 82
-22.0004 0000 92.0355 79
-21.9638 0000 92.0587 95
-21.9277 0000 92.0861 97
-21.8887 0000 92.0900 97
-21.8560 0000 92.1453 82
-21.8249 0000 92.2135 96
-21.7856 0000 92.2152 117
-21.7455 0000 92.2105 136
-21.7054 0000 92.2058 139
-21.6647 0000 92.1969 128
-21.6222 0000 92.1729 137
-21.5800 0000 92.1510 125
-21.5383 0000 92.1335 127
-21.5011 0000 92.1524 113
-21.4662 0000 92.1906 117
-21.4209 0000 92.1431 120
-21.3774 0000 92.1105 133
-21.3352 0000 92.0887 111
-21.2933 0000 92.0690 97
-21.2563 0000 92.0901 101
-21.2162 0000 92.0854 135
-21.1738 0000 92.0615 165
-21.1332 0000 92.0525 188
-21.0929 0000 92.0457 181
-21.0535 0000 92.0474 171
-21.0170 0000 92.0728 163
-20.9779 0000 92.0767 181
-20.9373 0000 92.0677 194
-20.8975 0000 92.0652 184
-20.8544 0000 92.0348 166
-20.8145 0000 92.0323 166
-20.7744 0000 92.0276 159
-20.7339 0000 92.0187 134
-20.6852 0000 91.9413 123
-20.6401 0000 91.8938 142
-20.5983 0000 91.8742 187
-20.5633 0000 91.9123 180
-20.5277 0000 91.9461 198
-20.4881 0000 91.9457 200
-20.4473 0000 91.9347 175
-20.4033 0000 91.8958 152
-20.3692 0000 91.9424 144
-20.3309 0000 91.9528 139
-20.3002 0000 92.0294 124
-20.2692 0000 92.1041 131
-20.2308 0000 92.1144 142
-20.1905 0000 92.1076 141
-20.1428 0000 92.0364 135
-20.0885 0000 91.9076 175
-20.0424 0000 91.8495 231
-20.0019 0000 91.8405 244
-19.9599 0000 91.8188 195
-19.9177 0000 91.7949 160
-19.8776 0000 91.7902 125
-19.8362 0000 91.7727 139
-19.7964 0000 91.7702 162
-19.7564 0000 91.7655 189
-19.7166 0000 91.7629 203
-19.6773 0000 91.7647 185
-19.6375 0000 91.7621 145
-19.5992 0000 91.7724 112
-19.5686 0000 91.8532 98
-19.5362 0000 91.9170 100
-19.5009 0000 91.9551 95
-19.4646 0000 91.9846 108
-19.4227 0000 91.9628 119
-19.3854 0000 91.9838 132
-19.3449 0000 91.9749 151
-19.3044 0000 91.9659 169
-19.2589 0000 91.9120 181
-19.2151 0000 91.8730 193
-19.1744 0000 91.8619 179
-19.1262 0000 91.7824 188
-19.0832 0000 91.7500 222
-19.0441 0000 91.7539 210
-19.0101 0000 91.8047 182
-18.9712 0000 91.8107 193
-18.9339 0000 91.8317 207
-18.8898 0000 91.7885 225
-18.8498 0000 91.7838 242
-18.8127 0000 91.8069 239
-18.7738 0000 91.8129 238
-18.7345 0000 91.8146 237
-18.6965 0000 91.8292 226
-18.6633 0000 91.8886 208
-18.6271 0000 91.9203 223
-18.5875 0000 91.9199 212
-18.5465 0000 91.9066 191
-18.5031 0000 91.8698 165
-18.4637 0000 91.8716 165
-18.4279 0000 91.9075 195
-18.3897 0000 91.9199 218
-18.3503 0000 91.9217 263
-18.3109 0000 91.9234 293
-18.2717 0000 91.9272 238
-18.2321 0000 91.9268 175
-18.1912 0000 91.9136 172
-18.1487 0000 91.8853 191
-18.1074 0000 91.8678 159
-18.0667 0000 91.8567 130
-18.0244 0000 91.8306 135
-17.9853 0000 91.8345 142
-17.9459 0000 91.8362 115
-17.9106 0000 91.8785 91
-17.8747 0000 91.9145 121
-17.8351 0000 91.9141 138
-17.7953 0000 91.9115 157
-17.7552 0000 91.9068 134
-17.7154 0000 91.9043 110
-17.6792 0000 91.9381 141
-17.6389 0000 91.9313 161
-17.5982 0000 91.9202 168
-17.5594 0000 91.9283 188
-17.5224 0000 91.9536 164
-17.4853 0000 91.9789 152
-17.4513 0000 92.0363 186
-17.4123 0000 92.0423 214
-17.3729 0000 92.0441 185
-17.3332 0000 92.0436 152
-17.2931 0000 92.0390 145
-17.2528 0000 92.0321 173
-17.2117 0000 92.0167 246
-17.1718 0000 92.0141 300
-17.1313 0000 92.0052 337
-17.0902 0000 91.9898 274
-17.0507 0000 91.9915 210
-17.0133 0000 92.0147 179
-16.9749 0000 92.0271 150
-16.9371 0000 92.0460 135
-16.8974 0000 92.0456 151
-16.8557 0000 92.0237 156
-16.8156 0000 92.0190 125
-16.7765 0000 92.0251 114
-16.7386 0000 92.0440 126
-16.7050 0000 92.1079 109
-16.6775 0000 92.2364 146
-16.6460 0000 92.3242 177
-16.6135 0000 92.4013 209
-16.5742 0000 92.4052 214
-16.5352 0000 92.4134 217
-16.4958 0000 92.4173 229
-16.4560 0000 92.4169 230
-16.4184 0000 92.4402 229
-16.3812 0000 92.4679 206
-16.3416 0000 92.4696 217
-16.3006 0000 92.4563 223
-16.2567 0000 92.4106 225
-16.2210 0000 92.4555 247
-16.1832 0000 92.4767 269
-16.1445 0000 92.4892 270
-16.1049 0000 92.4910 268
-16.0651 0000 92.4906 267
-16.0274 0000 92.5139 281
-15.9901 0000 92.5416 265
-15.9514 0000 92.5541 264
-15.9143 0000 92.5840 270
-15.8756 0000 92.5965 296
-15.8363 0000 92.6026 304
-15.7982 0000 92.6217 265
-15.7592 0000 92.6321 193
-15.7215 0000 92.6555 162
-15.6822 0000 92.6616 185
-15.6425 0000 92.6634 208
-15.6024 0000 92.6608 220
-15.5644 0000 92.6820 233
-15.5287 0000 92.7292 182
-15.4946 0000 92.7959 185
-15.4550 0000 92.7999 205
-15.4155 0000 92.8038 230
-15.3759 0000 92.8078 250
-15.3358 0000 92.8052 256
-15.2942 0000 92.7854 256
-15.2545 0000 92.7871 202
-15.2164 0000 92.8084 166
-15.1755 0000 92.7972 168
-15.1349 0000 92.7881 192
-15.0950 0000 92.7877 187
-15.0554 0000 92.7917 159
-15.0151 0000 92.7870 141
-14.9751 0000 92.7866 139
-14.9377 0000 92.8165 142
-14.8987 0000 92.8270 157
-14.8616 0000 92.8613 150
-14.8238 0000 92.8869 134
-14.7828 0000 92.8735 127
-14.7428 0000 92.8731 176
-14.7012 0000 92.8532 267
-14.6607 0000 92.8463 357
-14.6210 0000 92.8481 443
-14.5812 0000 92.8499 488
-14.5414 0000 92.8516 475
-14.5019 0000 92.8578 433
-14.4635 0000 92.8769 389
-14.4253 0000 92.8982 476
-14.3860 0000 92.9065 529
-14.3464 0000 92.9104 543
-14.3069 0000 92.9165 487
-14.2683 0000 92.9335 382
-14.2285 0000 92.9353 354
-14.1881 0000 92.9306 314
-14.1467 0000 92.9128 264
-14.1074 0000 92.9211 200
-14.0702 0000 92.9554 171
-14.0317 0000 92.9746 147
-13.9952 0000 93.0198 162
-13.9596 0000 93.0759 187
-13.9214 0000 93.0995 208
-13.8817 0000 93.1034 209
-13.8428 0000 93.1183 193
-13.8031 0000 93.1222 202
-13.7632 0000 93.1240 176
-13.7227 0000 93.1171 128
-13.6828 0000 93.1189 112
-13.6446 0000 93.1424 174
-13.6033 0000 93.1268 249
-13.5628 0000 93.1199 320
-13.5234 0000 93.1282 335
-13.4838 0000 93.1343 308
-13.4436 0000 93.1318 250
-13.4047 0000 93.1466 206
-13.3662 0000 93.1680 154
-13.3271 0000 93.1806 152
-13.2895 0000 93.2129 180
-13.2502 0000 93.2234 179
-13.2098 0000 93.2187 147
-13.1691 0000 93.2096 121
-13.1303 0000 93.2266 109
-13.0916 0000 93.2458 115
-13.0506 0000 93.2323 101
-13.0125 0000 93.2603 102
-12.9740 0000 93.2817 100
-12.9345 0000 93.2900 109
-12.8941 0000 93.2852 115
-12.8534 0000 93.2761 106
-12.8109 0000 93.2430 102
-12.7698 0000 93.2274 98
-12.7283 0000 93.2074 103
-12.6908 0000 93.2440 81
-12.6533 0000 93.2807 87
-12.6115 0000 93.2563 85
-12.5726 0000 93.2734 82
-12.5330 0000 93.2795 94
-12.4933 0000 93.2856 110
-12.4535 0000 93.2896 110
-12.4134 0000 93.2892 97
-12.3732 0000 93.2866 89
-12.3283 0000 93.2165 87
-12.2795 0000 93.0898 98
-12.2357 0000 93.0350 144
-12.1954 0000 93.0303 202
-12.1543 0000 93.0147 234
-12.1147 0000 93.0208 151
-12.0849 0000 93.1727 112
-12.0530 0000 93.2943 116
-12.0146 0000 93.3201 127
-11.9754 0000 93.3328 146
-11.9339 0000 93.3127 130
-11.8918 0000 93.2818 116
-11.8505 0000 93.2640 90
-11.8084 0000 93.2330 92
-11.7685 0000 93.2348 114
-11.7284 0000 93.2344 143
-11.6865 0000 93.2079 140
-11.6445 0000 93.1770 153
-11.6041 0000 93.1722 194
-11.5636 0000 93.1653 220
-11.5231 0000 93.1583 215
-11.4829 0000 93.1557 194
-11.4430 0000 93.1597 185
-11.4028 0000 93.1571 206
-11.3624 0000 93.1524 234
-11.3225 0000 93.1541 205
-11.2840 0000 93.1798 147
-11.2449 0000 93.1947 103
-11.2055 0000 93.2052 87
-11.1686 0000 93.2571 77
-11.1303 0000 93.2850 77
-11.0896 0000 93.2759 82
-11.0455 0000 93.2101 100
-11.0051 0000 93.2053 133
-10.9653 0000 93.2093 156
-10.9249 0000 93.2045 166
-10.8832 0000 93.1780 152
-10.8413 0000 93.1471 145
-10.8012 0000 93.1467 131
-10.7617 0000 93.1572 149
-10.7229 0000 93.1785 182
-10.6823 0000 93.1694 218
-10.6418 0000 93.1625 244
-10.6002 0000 93.1360 278
-10.5588 0000 93.1138 275
-10.5186 0000 93.1112 273
-10.4787 0000 93.1130 232
-10.4387 0000 93.1148 188
-10.3999 0000 93.1361 170
-10.3594 0000 93.1292 146
-10.3189 0000 93.1223 149
-10.2779 0000 93.1045 157
-10.2364 0000 93.0801 169
-10.1954 0000 93.0624 152
-10.1525 0000 93.0120 135
-10.1122 0000 93.0072 123
-10.0722 0000 93.0090 134
-10.0318 0000 93.0021 160
-9.9913 0000 92.9930 177
-9.9507 0000 92.9839 182
-9.9103 0000 92.9770 184
-9.8702 0000 92.9766 193
-9.8303 0000 92.9784 205
-9.7894 0000 92.9628 185
-9.7491 0000 92.9580 161
-9.7089 0000 92.9533 142
-9.6689 0000 92.9551 134
-9.6285 0000 92.9482 142
-9.5869 0000 92.9174 183
-9.5465 0000 92.9105 245
-9.5064 0000 92.9101 293
-9.4665 0000 92.9119 284
-9.4256 0000 92.8941 225
-9.3851 0000 92.8850 182
-9.3445 0000 92.8738 167
-9.3033 0000 92.8517 205
-9.2637 0000 92.8600 240
-9.2239 0000 92.8640 288
-9.1837 0000 92.8592 332
-9.1432 0000 92.8502 308
-9.1021 0000 92.8281 234
-9.0617 0000 92.8212 218
-9.0214 0000 92.8143 217
-8.9789 0000 92.7641 206
-8.9384 0000 92.7529 188
-8.8980 0000 92.7460 176
-8.8581 0000 92.7478 180
-8.8182 0000 92.7496 202
-8.7783 0000 92.7513 219
-8.7387 0000 92.7596 221
-8.6987 0000 92.7592 214
-8.6573 0000 92.7285 208
-8.6163 0000 92.7065 188
-8.5739 0000 92.6563 187
-8.5321 0000 92.6170 200
-8.4901 0000 92.5712 187
-8.4496 0000 92.5600 223
-8.4096 0000 92.5596 236
-8.3702 0000 92.5722 187
-8.3336 0000 92.6454 139
-8.2953 0000 92.6840 105
-8.2542 0000 92.6576 84
-8.2127 0000 92.6226 64
-8.1736 0000 92.6439 49
0.0000 0000 0.0000 0
0.0000 0000 0.0000 0
0.0000 0000 0.0000 0
0.0000 0000 0.0000 0
0.0000 0000 0.0000 0
-7.9352 0000 92.6785 71
-7.8956 0000 92.6868 98
-7.8559 0000 92.6929 135
-7.8160 0000 92.6947 166
-7.7763 0000 92.7030 151
-7.7358 0000 92.6896 151
-7.6959 0000 92.6914 132
-7.6579 0000 92.7409 116
-7.6188 0000 92.7644 123
-7.5799 0000 92.7922 142
-7.5409 0000 92.8157 189
-7.5010 0000 92.8197 189
-7.4611 0000 92.8236 185
-7.4213 0000 92.8276 194
-7.3811 0000 92.8251 173
-7.3418 0000 92.8421 142
-7.3021 0000 92.8504 150
-7.2619 0000 92.8479 185
-7.2216 0000 92.8410 276
-7.1813 0000 92.8341 414
-7.1405 0000 92.8121 456
-7.0998 0000 92.7965 432
-7.0594 0000 92.7853 366
-7.0196 0000 92.7915 293
-6.9800 0000 92.8020 225
-6.9402 0000 92.8103 183
-6.9003 0000 92.8121 155
-6.8580 0000 92.7510 137
-6.8165 0000 92.7095 132
-6.7775 0000 92.7373 158
-6.7379 0000 92.7478 193
-6.6988 0000 92.7757 213
-6.6589 0000 92.7796 181
-6.6190 0000 92.7815 142
-6.5806 0000 92.8288 128
-6.5407 0000 92.8350 139
-6.5014 0000 92.8564 147
-6.4604 0000 92.8278 169
-6.4201 0000 92.8188 172
-6.3800 0000 92.8184 168
-6.3411 0000 92.8528 146
-6.3035 0000 92.9285 125
-6.2597 0000 92.8131 133
-6.2180 0000 92.7628 197
-6.1780 0000 92.7625 255
-6.1377 0000 92.7535 261
-6.0975 0000 92.7488 275
-6.0566 0000 92.7203 322
-6.0168 0000 92.7264 354
-5.9778 0000 92.7608 314
-5.9392 0000 92.8082 272
-5.9010 0000 92.8686 227
-5.8611 0000 92.8748 210
-5.8217 0000 92.8962 267
-5.7818 0000 92.9023 403
-5.7421 0000 92.9129 556
-5.7022 0000 92.9190 639
-5.6620 0000 92.9144 710
-5.6221 0000 92.9227 675
-5.5823 0000 92.9311 557
-5.5423 0000 92.9329 386
-5.5026 0000 92.9478 284
-5.4636 0000 92.9844 185
-5.4239 0000 92.9993 153
-5.3843 0000 93.0185 156
-5.3443 0000 93.0225 171
-5.3043 0000 93.0244 216
-5.2641 0000 93.0219 226
-5.2230 0000 92.9846 170
-5.1824 0000 92.9647 110
-5.1404 0000 92.8904 78
-5.0975 0000 92.7816 64
-5.0558 0000 92.7162 59
-5.0159 0000 92.7224 59
-4.9784 0000 92.8218 72
-4.9396 0000 92.8714 122
-4.9002 0000 92.8993 168
-4.8601 0000 92.8968 212
-4.8198 0000 92.8900 218
-4.7800 0000 92.9005 225
-4.7406 0000 92.9284 226
-4.7013 0000 92.9607 227
-4.6618 0000 92.9886 179
-4.6228 0000 93.0361 145
-4.5826 0000 93.0336 113
-4.5423 0000 93.0246 90
-4.5023 0000 93.0265 91
-4.4624 0000 93.0392 117
-4.4226 0000 93.0519 154
-4.3834 0000 93.0929 174
-4.3434 0000 93.0991 163
-4.3032 0000 93.0945 161
-4.2627 0000 93.0789 208
-4.2225 0000 93.0742 250
-4.1827 0000 93.0891 277
-4.1429 0000 93.1062 331
-4.1035 0000 93.1407 355
-4.0635 0000 93.1491 313
-4.0235 0000 93.1553 258
-3.9834 0000 93.1594 213
-3.9434 0000 93.1656 171
-3.9034 0000 93.1718 145
-3.8636 0000 93.1932 143
-3.8236 0000 93.1995 131
-3.7834 0000 93.1991 104
-3.7433 0000 93.1988 84
-3.7041 0000 93.2530 95
-3.6645 0000 93.2854 116
-3.6245 0000 93.2982 135
-3.5843 0000 93.2957 141
-3.5440 0000 93.2844 145
-3.5034 0000 93.2623 157
-3.4632 0000 93.2598 167
-3.4228 0000 93.2420 178
-3.3825 0000 93.2373 202
-3.3423 0000 93.2326 205
-3.3021 0000 93.2301 188
-3.2621 0000 93.2385 165
-3.2225 0000 93.2818 153
-3.1826 0000 93.2990 171
-3.1427 0000 93.3161 208
-3.1030 0000 93.3507 225
-3.0632 0000 93.3788 218
-3.0238 0000 93.4397 228
-2.9842 0000 93.4809 257
-2.9443 0000 93.5091 223
-2.9041 0000 93.5131 225
-2.8639 0000 93.5106 185
-2.8236 0000 93.5081 130
-2.7836 0000 93.5275 121
-2.7440 0000 93.5797 114
-2.7045 0000 93.6385 134
-2.6642 0000 93.6360 153
-2.6239 0000 93.6313 155
-2.5837 0000 93.6354 144
-2.5435 0000 93.6438 130
-2.5033 0000 93.6479 113
-2.4631 0000 93.6541 103
-2.4232 0000 93.6867 131
-2.3830 0000 93.6973 143
-2.3429 0000 93.7124 113
-2.3026 0000 93.7121 97
-2.2628 0000 93.7688 99
-2.2229 0000 93.8080 103
-2.1829 0000 93.8384 115
-2.1428 0000 93.8711 101
-2.1027 0000 93.8993 109
-2.0625 0000 93.9034 128
-2.0222 0000 93.9097 144
-1.9819 0000 93.9182 146
-1.9418 0000 93.9442 127
-1.9017 0000 93.9769 120
-1.8616 0000 94.0140 108
-1.8215 0000 94.0511 112
-1.7812 0000 94.0618 111
-1.7409 0000 94.0637 109
-1.7005 0000 94.0633 107
-1.6602 0000 94.0630 107
-1.6198 0000 94.0693 102
-1.5797 0000 94.1064 107
-1.5396 0000 94.1678 121
-1.4993 0000 94.1807 136
-1.4591 0000 94.2245 141
-1.4188 0000 94.2419 148
-1.3785 0000 94.2702 146
-1.3381 0000 94.2721 148
-1.2978 0000 94.2895 151
-1.2574 0000 94.2980 134
-1.2170 0000 94.3109 115
-1.1768 0000 94.3658 112
-1.1364 0000 94.3743 112
-1.0959 0000 94.3762 103
-1.0555 0000 94.3736 91
-1.0151 0000 94.3667 90
-0.9747 0000 94.3663 104
-0.9342 0000 94.3682 114
-0.8938 0000 94.3745 107
-0.8534 0000 94.3808 98
-0.8130 0000 94.4070 85
-0.7726 0000 94.4288 82
-0.7321 0000 94.4351 77
-0.6917 0000 94.4701 74
-0.6512 0000 94.4963 83
-0.6108 0000 94.5026 86
-0.5703 0000 94.5089 85
-0.5299 0000 94.5152 82
-0.4894 0000 94.5437 80
-0.4489 0000 94.5766 96
-0.4084 0000 94.5784 103
-0.3680 0000 94.5471 103
-0.3275 0000 94.5401 108
-0.2871 0000 94.5375 113
-0.2467 0000 94.5239 136
-0.2063 0000 94.4749 206
-0.1659 0000 94.4679 278
-0.1254 0000 94.4941 261
-0.0848 0000 94.5314 256
-0.0442 0000 94.5709 206
-0.0037 0000 94.5817 179
0.0369 0000 94.6234 171
0.0774 0000 94.6275 171
0.1179 0000 94.6250 171
0.1582 0000 94.5803 162
0.1986 0000 94.5711 154
0.2389 0000 94.5419 157
0.2793 0000 94.5372 159
0.3198 0000 94.5435 178
0.3604 0000 94.5697 194
0.4011 0000 94.5982 227
0.4416 0000 94.6023 209
0.4820 0000 94.5975 176
0.5225 0000 94.6038 175
0.5631 0000 94.6167 193
0.6036 0000 94.6208 182
0.6440 0000 94.6138 160
0.6844 0000 94.6024 155
0.7248 0000 94.5998 162
0.7653 0000 94.6017 163
0.8057 0000 94.5925 159
0.8461 0000 94.5789 164
0.8866 0000 94.5830 155
0.9271 0000 94.5937 125
0.9679 0000 94.6266 105
1.0084 0000 94.6285 103
1.0491 0000 94.6525 101
1.0890 0000 94.5990 99
1.1294 0000 94.5898 101
1.1698 0000 94.5894 108
1.2104 0000 94.5935 124
1.2508 0000 94.5887 156
1.2911 0000 94.5773 198
1.3315 0000 94.5726 220
1.3719 0000 94.5700 203
1.4122 0000 94.5586 198
1.4526 0000 94.5538 180
1.4928 0000 94.5269 158
1.5331 0000 94.5177 158
1.5735 0000 94.5129 153
1.6136 0000 94.4905 171
1.6540 0000 94.4857 168
1.6944 0000 94.4832 150
1.7345 0000 94.4585 127
1.7748 0000 94.4493 118
1.8151 0000 94.4467 105
1.8556 0000 94.4508 106
1.8961 0000 94.4549 121
1.9365 0000 94.4524 134
1.9768 0000 94.4454 138
2.0171 0000 94.4384 143
2.0575 0000 94.4359 163
2.0976 0000 94.4178 195
2.1377 0000 94.3932 180
2.1780 0000 94.3862 183
2.2186 0000 94.4014 189
2.2591 0000 94.4032 203
2.2994 0000 94.3985 174
2.3397 0000 94.3937 146
2.3800 0000 94.3890 142
2.4204 0000 94.3864 137
2.4603 0000 94.3596 138
2.5007 0000 94.3570 140
2.5407 0000 94.3368 160
2.5810 0000 94.3343 162
2.6214 0000 94.3339 165
2.6618 0000 94.3336 170
2.7022 0000 94.3310 166
2.7421 0000 94.3086 141
2.7824 0000 94.3017 141
2.8227 0000 94.2969 144
2.8630 0000 94.2966 138
2.9035 0000 94.3007 129
2.9439 0000 94.3025 125
2.9840 0000 94.2890 134
3.0234 0000 94.2401 166
3.0636 0000 94.2331 193
3.1039 0000 94.2306 182
3.1444 0000 94.2369 148
3.1849 0000 94.2409 116
3.2252 0000 94.2384 96
3.2643 0000 94.1807 87
3.3034 0000 94.1252 85
3.3432 0000 94.1006 91
3.3828 0000 94.0695 111
3.4229 0000 94.0603 117
3.4623 0000 94.0226 120
3.5010 0000 93.9518 136
3.5388 0000 93.8503 150
3.5790 0000 93.8456 134
3.6195 0000 93.8540 113
3.6606 0000 93.8867 96
3.7029 0000 93.9677 90
3.7454 0000 94.0533 89
3.7865 0000 94.0860 111
3.8268 0000 94.0813 150
3.8668 0000 94.0699 182
3.9068 0000 94.0586 172
3.9472 0000 94.0605 136
3.9879 0000 94.0711 110
4.0284 0000 94.0774 97
4.0687 0000 94.0771 87
4.1097 0000 94.1032 95
4.1503 0000 94.1117 118
4.1909 0000 94.1180 136
4.2318 0000 94.1375 122
4.2719 0000 94.1306 115
4.3105 0000 94.0685 127
4.3492 0000 94.0131 157
4.3894 0000 94.0084 184
4.4297 0000 94.0059 192
4.4702 0000 94.0144 187
4.5119 0000 94.0603 183
4.5534 0000 94.0974 157
4.5956 0000 94.1589 146
4.6374 0000 94.2071 139
4.6790 0000 94.2443 148
4.7195 0000 94.2506 153
4.7598 0000 94.2481 185
4.7995 0000 94.2257 260
4.8385 0000 94.1812 318
4.8764 0000 94.1059 459
4.9162 0000 94.0879 577
4.9565 0000 94.0876 582
4.9972 0000 94.0961 506
5.0384 0000 94.1244 425
5.0800 0000 94.1594 289
5.1210 0000 94.1812 252
5.1624 0000 94.2095 263
5.2033 0000 94.2269 224
5.2441 0000 94.2376 198
5.2854 0000 94.2660 194
5.3258 0000 94.2657 188
5.3670 0000 94.2874 178
5.4073 0000 94.2871 175
5.4476 0000 94.2824 166
5.4869 0000 94.2534 163
5.5265 0000 94.2310 143
5.5675 0000 94.2483 143
5.6069 0000 94.2215 155
5.6467 0000 94.2057 157
5.6873 0000 94.2120 176
5.7279 0000 94.2183 175
5.7691 0000 94.2401 186
5.8095 0000 94.2420 209
5.8503 0000 94.2527 224
5.8908 0000 94.2568 244
5.9316 0000 94.2676 260
5.9723 0000 94.2761 286
6.0128 0000 94.2780 315
6.0535 0000 94.2865 315
6.0948 0000 94.3105 258
6.1363 0000 94.3389 231
6.1770 0000 94.3453 192
6.2171 0000 94.3383 180
6.2576 0000 94.3424 189
6.2995 0000 94.3775 199
6.3414 0000 94.4148 244
6.3829 0000 94.4433 252
6.4236 0000 94.4496 244
6.4641 0000 94.4515 208
6.5043 0000 94.4468 158
6.5436 0000 94.4199 131
6.5839 0000 94.4174 129
6.6245 0000 94.4215 146
6.6651 0000 94.4256 178
6.7054 0000 94.4231 213
6.7454 0000 94.4140 218
6.7856 0000 94.4092 217
6.8263 0000 94.4178 230
6.8681 0000 94.4485 232
6.9108 0000 94.5013 258
6.9521 0000 94.5209 283
6.9938 0000 94.5494 317
7.0351 0000 94.5691 290
7.0756 0000 94.5710 258
7.1161 0000 94.5729 210
7.1553 0000 94.5460 185
7.1932 0000 94.4903 173
7.2330 0000 94.4768 178
7.2721 0000 94.4499 184
7.3110 0000 94.4164 144
7.3508 0000 94.4051 131
7.3913 0000 94.4070 129
7.4330 0000 94.4354 134
7.4764 0000 94.4993 123
7.5206 0000 94.5788 121
7.5642 0000 94.6450 149
7.6051 0000 94.6536 171
7.6466 0000 94.6755 192
7.6871 0000 94.6774 198
7.7275 0000 94.6771 209
7.7680 0000 94.6769 216
7.8099 0000 94.7076 194
7.8532 0000 94.7651 183
7.8947 0000 94.7848 168
7.9357 0000 94.7956 167
7.9766 0000 94.8042 193
8.0194 0000 94.8506 235
8.0602 0000 94.8570 275
8.1005 0000 94.8544 291
8.1393 0000 94.8208 319
8.1781 0000 94.7894 293
8.2182 0000 94.7825 244
8.2597 0000 94.8022 192
8.3026 0000 94.8486 146
8.3472 0000 94.9261 141
8.3896 0000 94.9637 151
8.4299 0000 94.9589 153
8.4682 0000 94.9186 155
8.5068 0000 94.8827 180
8.5455 0000 94.8491 188
8.5845 0000 94.8221 225
8.6246 0000 94.8152 253
8.6650 0000 94.8149 280
8.7063 0000 94.8301 327
8.7478 0000 94.8476 356
8.7892 0000 94.8652 280
8.8308 0000 94.8849 251
8.8719 0000 94.8957 224
8.9152 0000 94.9466 191
8.9578 0000 94.9842 156
9.0000 0000 95.0151 145
9.0404 0000 95.0126 124
9.0775 0000 94.9522 116
9.1163 0000 94.9230 150
9.1555 0000 94.9005 188
9.1957 0000 94.8957 220
9.2358 0000 94.8888 213
9.2761 0000 94.8863 183
9.3167 0000 94.8882 153
9.3574 0000 94.8924 143
9.3996 0000 94.9211 155
9.4420 0000 94.9542 209
9.4843 0000 94.9851 241
9.5254 0000 94.9937 307
9.5672 0000 95.0157 378
9.6082 0000 95.0243 359
9.6490 0000 95.0285 322
9.6878 0000 95.0015 262
9.7274 0000 94.9857 215
9.7666 0000 94.9654 188
9.8077 0000 94.9740 165
9.8509 0000 95.0183 166
9.8923 0000 95.0336 198
9.9334 0000 95.0422 233
9.9740 0000 95.0442 246
10.0146 0000 95.0461 234
10.0548 0000 95.0414 193
10.0937 0000 95.0144 157
10.1301 0000 94.9496 158
10.1691 0000 94.9271 176
10.2098 0000 94.9290 160
10.2509 0000 94.9399 165
10.2925 0000 94.9574 162
10.3334 0000 94.9639 146
10.3773 0000 95.0170 127
10.4192 0000 95.0390 140
10.4615 0000 95.0655 167
10.5018 0000 95.0630 155
10.5422 0000 95.0605 137
10.5827 0000 95.0603 141
10.6231 0000 95.0600 171
10.6623 0000 95.0397 198
10.7025 0000 95.0350 239
10.7442 0000 95.0525 323
10.7849 0000 95.0567 402
10.8256 0000 95.0587 354
10.8671 0000 95.0740 336
10.9077 0000 95.0760 255
10.9479 0000 95.0713 192
10.9884 0000 95.0710 158
11.0280 0000 95.0574 166
11.0680 0000 95.0505 156
11.1083 0000 95.0480 139
11.1487 0000 95.0455 139
11.1891 0000 95.0452 155
11.2299 0000 95.0494 182
11.2707 0000 95.0536 184
11.3115 0000 95.0578 141
11.3520 0000 95.0575 111
11.3920 0000 95.0506 101
11.4323 0000 95.0481 96
11.4724 0000 95.0434 104
11.5115 0000 95.0231 98
11.5504 0000 95.0005 106
11.5899 0000 94.9869 121
11.6282 0000 94.9577 126
11.6681 0000 94.9486 140
11.7080 0000 94.9416 151
11.7481 0000 94.9369 149
11.7857 0000 94.8966 135
11.8258 0000 94.8919 121
11.8689 0000 94.9295 120
11.9097 0000 94.9337 122
11.9485 0000 94.9111 131
11.9871 0000 94.8864 127
12.0269 0000 94.8773 143
12.0666 0000 94.8681 153
12.1069 0000 94.8656 178
12.1474 0000 94.8676 203
12.1865 0000 94.8495 221
12.2264 0000 94.8426 195
12.2657 0000 94.8268 147
12.3072 0000 94.8421 143
12.3476 0000 94.8418 132
12.3878 0000 94.8393 110
12.4279 0000 94.8346 91
12.4656 0000 94.7988 80
12.5012 0000 94.7364 76
12.5402 0000 94.7184 69
12.5746 0000 94.6405 66
12.6103 0000 94.5804 71
12.6522 0000 94.6001 89
12.6947 0000 94.6286 94
12.7364 0000 94.6461 103
12.7778 0000 94.6591 104
12.8185 0000 94.6633 99
12.8585 0000 94.6586 98
12.8985 0000 94.6539 105
12.9386 0000 94.6514 116
12.9793 0000 94.6556 127
13.0214 0000 94.6775 161
13.0624 0000 94.6861 187
13.1040 0000 94.7014 171
13.1449 0000 94.7078 164
13.1857 0000 94.7141 155
13.2260 0000 94.7139 149
13.2639 0000 94.6826 142
13.3002 0000 94.6335 146
13.3389 0000 94.6133 117
13.3760 0000 94.5732 100
13.4136 0000 94.5397 73
13.4533 0000 94.5328 81
13.4937 0000 94.5348 95
13.5335 0000 94.5279 96
13.5703 0000 94.4856 95
13.6100 0000 94.4787 93
13.6473 0000 94.4430 71
13.6837 0000 94.3963 67
13.7187 0000 94.3342 70
13.7579 0000 94.3207 72
13.7931 0000 94.2609 90
13.8327 0000 94.2540 118
13.8710 0000 94.2317 137
13.9110 0000 94.2292 166
13.9516 0000 94.2334 176
13.9916 0000 94.2309 174
14.0293 0000 94.2020 179
14.0667 0000 94.1687 151
14.1059 0000 94.1574 145
14.1455 0000 94.1505 137
14.1860 0000 94.1547 130
14.2266 0000 94.1588 129
14.2675 0000 94.1674 134
14.3117 0000 94.2134 143
14.3526 0000 94.2219 140
14.3934 0000 94.2283 133
14.4339 0000 94.2324 139
14.4743 0000 94.2344 143
14.5139 0000 94.2275 130
14.5507 0000 94.1898 108
14.5910 0000 94.1917 103
14.6335 0000 94.2179 108
14.6737 0000 94.2176 117
14.7146 0000 94.2262 144
14.7556 0000 94.2347 171
14.7953 0000 94.2301 182
14.8363 0000 94.2386 181
14.8760 0000 94.2339 190
14.9164 0000 94.2359 191
14.9567 0000 94.2378 186
14.9972 0000 94.2420 180
15.0372 0000 94.2395 172
15.0755 0000 94.2194 171
15.1160 0000 94.2235 159
15.1564 0000 94.2255 139
15.1957 0000 94.2164 116
15.2348 0000 94.2051 115
15.2751 0000 94.2070 143
15.3161 0000 94.2156 179
15.3568 0000 94.2219 196
15.3967 0000 94.2194 179
15.4358 0000 94.2082 144
15.4736 0000 94.1837 119
15.5135 0000 94.1812 93
15.5532 0000 94.1765 79
15.5962 0000 94.2071 78
15.6428 0000 94.2751 87
15.6863 0000 94.3101 107
15.7243 0000 94.2878 127
15.7667 0000 94.3118 145
15.8071 0000 94.3137 180
15.8472 0000 94.3135 207
15.8877 0000 94.3176 197
15.9300 0000 94.3394 179
15.9699 0000 94.3369 150
16.0074 0000 94.3102 115
16.0443 0000 94.2768 109
16.0840 0000 94.2721 112
16.1241 0000 94.2718 118
16.1644 0000 94.2738 127
16.2047 0000 94.2757 134
16.2446 0000 94.2732 134
16.2847 0000 94.2729 126
16.3246 0000 94.2705 119
16.3642 0000 94.2658 135
16.4015 0000 94.2368 160
16.4411 0000 94.2322 186
16.4812 0000 94.2319 204
16.5217 0000 94.2360 212
16.5646 0000 94.2644 237
16.6063 0000 94.2795 239
16.6514 0000 94.3300 225
16.6946 0000 94.3606 207
16.7367 0000 94.3802 225
16.7779 0000 94.3909 211
16.8216 0000 94.4259 185
16.8631 0000 94.4389 188
16.9054 0000 94.4607 210
16.9464 0000 94.4693 212
16.9904 0000 94.5066 195
17.0362 0000 94.5615 198
17.0774 0000 94.5723 192
17.1232 0000 94.6273 165
17.1657 0000 94.6492 144
17.2083 0000 94.6733 152
17.2480 0000 94.6685 153
17.2836 0000 94.6240 158
17.3237 0000 94.6237 163
17.3643 0000 94.6278 156
17.4093 0000 94.6740 155
17.4501 0000 94.6804 172
17.4919 0000 94.6956 194
17.5339 0000 94.7130 232
17.5766 0000 94.7371 286
17.6149 0000 94.7191 253
17.6541 0000 94.7099 239
17.6933 0000 94.7008 238
17.7325 0000 94.6916 248
17.7705 0000 94.6714 234
17.8154 0000 94.7154 230
17.8557 0000 94.7173 221
17.8966 0000 94.7237 188
17.9408 0000 94.7610 157
17.9821 0000 94.7718 137
18.0244 0000 94.7915 140
18.0648 0000 94.7934 133
18.1052 0000 94.7953 126
18.1456 0000 94.7972 116
18.1889 0000 94.8258 104
18.2353 0000 94.8832 101
18.2774 0000 94.9006 107
18.3210 0000 94.9314 113
18.3644 0000 94.9600 139
18.4050 0000 94.9642 163
18.4479 0000 94.9883 173
18.4891 0000 94.9969 193
18.5307 0000 95.0099 202
18.5739 0000 95.0363 215
18.6173 0000 95.0650 207
18.6582 0000 95.0713 227
18.6989 0000 95.0755 236
18.7396 0000 95.0796 233
18.7843 0000 95.1194 242
18.8250 0000 95.1236 249
18.8665 0000 95.1344 235
18.9099 0000 95.1631 224
18.9504 0000 95.1650 198
18.9873 0000 95.1357 177
19.0237 0000 95.1021 194
19.0639 0000 95.1018 202
19.1049 0000 95.1081 223
19.1471 0000 95.1257 224
19.1901 0000 95.1499 251
19.2346 0000 95.1874 232
19.2774 0000 95.2094 217
19.3238 0000 95.2626 215
19.3656 0000 95.2757 216
19.4091 0000 95.3044 230
19.4507 0000 95.3153 212
19.4919 0000 95.3239 178
19.5387 0000 95.3795 162
19.5833 0000 95.4171 162
19.6270 0000 95.4459 193
19.6709 0000 95.4769 179
19.7127 0000 95.4900 166
19.7533 0000 95.4920 164
19.7961 0000 95.5140 177
19.8401 0000 95.5451 172
19.8812 0000 95.5515 185
19.9225 0000 95.5602 209
19.9657 0000 95.5845 233
20.0097 0000 95.6155 205
20.0516 0000 95.6287 189
20.0956 0000 95.6598 190
20.1373 0000 95.6707 179
20.1792 0000 95.6838 166
20.2248 0000 95.7284 156
20.2665 0000 95.7393 144
20.3076 0000 95.7457 128
20.3487 0000 95.7522 122
20.3925 0000 95.7810 130
20.4342 0000 95.7920 124
20.4753 0000 95.7984 116
20.5184 0000 95.8206 112
20.5589 0000 95.8225 95
20.6034 0000 95.8559 86
20.6440 0000 95.8579 89
20.6843 0000 95.8576 87
20.7249 0000 95.8595 89
20.7688 0000 95.8884 91
20.8127 0000 95.9174 99
20.8577 0000 95.9553 93
20.9030 0000 95.9954 104
20.9501 0000 96.0491 117
20.9910 0000 96.0533 132
21.0355 0000 96.0868 135
21.0781 0000 96.1045 147
21.1235 0000 96.1447 161
21.1619 0000 96.1287 166
21.2053 0000 96.1531 188
21.2474 0000 96.1663 187
21.2892 0000 96.1773 174
21.3355 0000 96.2243 164
21.3770 0000 96.2330 175
21.4173 0000 96.2327 177
21.4574 0000 96.2302 158
21.4986 0000 96.2367 143
21.5398 0000 96.2431 138
21.5799 0000 96.2406 131
21.6197 0000 96.2358 129
21.6560 0000 96.2040 147
21.6926 0000 96.1744 140
21.7329 0000 96.1741 138
21.7738 0000 96.1784 146
21.8150 0000 96.1848 149
21.8579 0000 96.2048 156
21.9018 0000 96.2315 143
21.9450 0000 96.2538 145
21.9888 0000 96.2805 149
22.0292 0000 96.2802 124
22.0683 0000 96.2709 112
22.1078 0000 96.2639 116
22.1490 0000 96.2704 118
22.1905 0000 96.2791 118
22.2305 0000 96.2766 122
22.2708 0000 96.2763 123
22.3117 0000 96.2805 114
22.3515 0000 96.2757 101
22.3909 0000 96.2687 97
22.4306 0000 96.2639 100
22.4706 0000 96.2614 104
22.5079 0000 96.2386 108
22.5485 0000 96.2405 128
22.5891 0000 96.2425 143
22.6294 0000 96.2422 148
22.6685 0000 96.2330 156
22.7078 0000 96.2259 148
22.7469 0000 96.2167 127
22.7805 0000 96.1669 113
22.8199 0000 96.1599 102
22.8586 0000 96.1484 92
22.8952 0000 96.1211 97
22.9358 0000 96.1231 101
22.9754 0000 96.1184 104
23.0114 0000 96.0867 97
23.0482 0000 96.0617 106
23.0875 0000 96.0547 105
23.1225 0000 96.0163 100
23.1612 0000 96.0048 108
23.1949 0000 95.9574 119
23.2339 0000 95.9482 139
23.2694 0000 95.9143 165
23.3078 0000 95.9006 194
23.3430 0000 95.8645 219
23.3809 0000 95.8486 243
23.4204 0000 95.8438 273
23.4587 0000 95.8302 250
23.4960 0000 95.8098 256
23.5343 0000 95.7961 226
23.5725 0000 95.7824 186
23.6089 0000 95.7553 158
23.6462 0000 95.7349 181
23.6862 0000 95.7347 204
23.7260 0000 95.7322 222
23.7651 0000 95.7252 224
23.8052 0000 95.7250 225
23.8490 0000 95.7516 218
23.8907 0000 95.7625 230
23.9311 0000 95.7645 227
23.9699 0000 95.7553 189
24.0039 0000 95.7126 136
24.0294 0000 95.6096 118
24.0637 0000 95.5691 126
24.0999 0000 95.5421 124
24.1389 0000 95.5352 124
24.1764 0000 95.5171 141
24.2160 0000 95.5146 155
24.2554 0000 95.5099 152
24.2951 0000 95.5074 134
24.3357 0000 95.5117 130
24.3757 0000 95.5114 142
24.4147 0000 95.5045 149
24.4540 0000 95.4998 154
24.4937 0000 95.4973 158
24.5336 0000 95.4971 158
24.5742 0000 95.5013 155
24.6178 0000 95.5256 139
24.6577 0000 95.5254 123
24.6899 0000 95.4716 104
24.7240 0000 95.4313 106
24.7584 0000 95.3931 102
24.7928 0000 95.3551 114
24.8320 0000 95.3504 135
24.8729 0000 95.3568 163
24.9161 0000 95.3788 174
24.9564 0000 95.3808 197
24.9960 0000 95.3784 212
25.0359 0000 95.3781 211
25.0765 0000 95.3824 202
25.1167 0000 95.3844 202
25.1560 0000 95.3797 198
25.1929 0000 95.3594 191
25.2325 0000 95.3569 160
25.2651 0000 95.3077 136
25.2974 0000 95.2563 114
25.3306 0000 95.2117 119
25.3661 0000 95.1825 131
25.4047 0000 95.1734 161
25.4405 0000 95.1465 192
25.4764 0000 95.1197 178
25.5145 0000 95.1084 172
25.5527 0000 95.0970 171
25.5899 0000 95.0791 171
25.6294 0000 95.0766 148
