wt=151548952, DLLFiFo=0
-26.3082 0000 96.9786 100
-26.2680 0000 96.9804 101
-26.2284 0000 96.9868 106
-26.1924 0000 97.0181 117
-26.1515 0000 97.0154 110
-26.1083 0000 96.9969 110
-26.0632 0000 96.9648 101
-26.0200 0000 96.9464 117
-25.9762 0000 96.9234 131
-25.9392 0000 96.9478 140
-25.9035 0000 96.9813 156
-25.8639 0000 96.9877 139
-25.8210 0000 96.9715 122
-25.7795 0000 96.9643 95
-25.7486 0000 97.0317 78
-25.7317 0000 97.1989 106
-25.6981 0000 97.2484 154
-25.6623 0000 97.2821 199
-25.6249 0000 97.3044 212
-25.5817 0000 97.2858 256
-25.5394 0000 97.2741 272
-25.4988 0000 97.2737 277
-25.4585 0000 97.2756 252
-25.4178 0000 97.2752 208
-25.3737 0000 97.2498 171
-25.3369 0000 97.2767 148
-25.2921 0000 97.2468 128
-25.2597 0000 97.3054 134
-25.2152 0000 97.2778 162
-25.1708 0000 97.2501 189
-25.1255 0000 97.2157 187
-25.0839 0000 97.2085 206
-25.0433 0000 97.2081 190
-25.0086 0000 97.2508 208
-24.9732 0000 97.2890 213
-24.9376 0000 97.3250 237
-24.8963 0000 97.3200 233
-24.8538 0000 97.3060 219
-24.8137 0000 97.3102 225
-24.7780 0000 97.3461 259
-24.7383 0000 97.3526 266
-24.6976 0000 97.3522 246
-24.6563 0000 97.3472 213
-24.6141 0000 97.3355 182
-24.5700 0000 97.3101 150
-24.5327 0000 97.3347 159
-24.4924 0000 97.3366 162
-24.4505 0000 97.3271 149
-24.4077 0000 97.3108 137
-24.3624 0000 97.2763 151
-24.3211 0000 97.2714 146
-24.2783 0000 97.2551 144
-24.2340 0000 97.2275 137
-24.1931 0000 97.2248 155
-24.1633 0000 97.3062 147
-24.1341 0000 97.3922 145
-24.0952 0000 97.4054 161
-24.0551 0000 97.4096 174
-24.0150 0000 97.4138 178
-23.9818 0000 97.4703 178
-23.9417 0000 97.4744 173
-23.9018 0000 97.4809 169
-23.8608 0000 97.4782 177
-23.8159 0000 97.4459 211
-23.7755 0000 97.4478 257
-23.7395 0000 97.4839 334
-23.7005 0000 97.4972 355
-23.6595 0000 97.4945 322
-23.6179 0000 97.4873 297
-23.5765 0000 97.4823 286
-23.5358 0000 97.4819 270
-23.4980 0000 97.5043 236
-23.4619 0000 97.5404 209
-23.4232 0000 97.5560 209
-23.3860 0000 97.5829 210
-23.3458 0000 97.5871 218
-23.3088 0000 97.6164 230
-23.2683 0000 97.6183 227
-23.2278 0000 97.6202 217
-23.1873 0000 97.6220 205
-23.1459 0000 97.6171 186
-23.1014 0000 97.5870 173
-23.0568 0000 97.5570 154
-23.0149 0000 97.5475 128
-22.9747 0000 97.5517 114
-22.9353 0000 97.5627 115
-22.8974 0000 97.5851 123
-22.8529 0000 97.5550 96
-22.8081 0000 97.5227 92
-22.7701 0000 97.5451 89
-22.7345 0000 97.5858 91
-22.7002 0000 97.6379 95
-22.6480 0000 97.5463 105
-22.5876 0000 97.3886 133
-22.5401 0000 97.3336 160
-22.4976 0000 97.3196 172
-22.4558 0000 97.3101 145
-22.4164 0000 97.3211 131
-22.3804 0000 97.3594 137
-22.3472 0000 97.4205 140
-22.3076 0000 97.4292 150
-22.2668 0000 97.4288 160
-22.2254 0000 97.4239 157
-22.1841 0000 97.4189 133
-22.1469 0000 97.4482 94
-22.1211 0000 97.5709 78
-22.0855 0000 97.6139 87
-22.0464 0000 97.6272 96
-22.0039 0000 97.6131 106
-21.9636 0000 97.6173 110
-21.9225 0000 97.6147 119
-21.8808 0000 97.6074 113
-21.8400 0000 97.6071 88
-21.8158 0000 97.7461 93
-21.7820 0000 97.8052 143
-21.7422 0000 97.8139 229
-21.7033 0000 97.8296 316
-21.6632 0000 97.8361 394
-21.6239 0000 97.8495 356
-21.5863 0000 97.8766 325
-21.5486 0000 97.9037 295
-21.5050 0000 97.8804 309
-21.4616 0000 97.8594 257
-21.4210 0000 97.8614 219
-21.3844 0000 97.8977 216
-21.3445 0000 97.9065 230
-21.3033 0000 97.9038 243
-21.2618 0000 97.8989 253
-21.2204 0000 97.8939 262
-21.1824 0000 97.9188 241
-21.1454 0000 97.9528 267
-21.1061 0000 97.9662 260
-21.0651 0000 97.9659 212
-21.0263 0000 97.9839 157
-20.9851 0000 97.9812 122
-20.9192 0000 97.7632 115
-20.8689 0000 97.6806 174
-20.8235 0000 97.6414 244
-20.7819 0000 97.6342 279
-20.7405 0000 97.6292 257
-20.6991 0000 97.6243 208
-20.6587 0000 97.6285 175
-20.6191 0000 97.6396 142
-20.5793 0000 97.6484 118
-20.5394 0000 97.6572 114
-20.5032 0000 97.6980 117
-20.4630 0000 97.7046 143
-20.4216 0000 97.6996 174
-20.3800 0000 97.6925 212
-20.3380 0000 97.6830 283
-20.2969 0000 97.6803 311
-20.2626 0000 97.7395 224
-20.2412 0000 97.9155 197
-20.2124 0000 98.0253 227
-20.1739 0000 98.0479 268
-20.1299 0000 98.0201 255
-20.0856 0000 97.9899 248
-20.0442 0000 97.9850 220
-20.0034 0000 97.9870 194
-19.9742 0000 98.0945 199
-19.9389 0000 98.1471 259
-19.9012 0000 98.1767 326
-19.8596 0000 98.1717 340
-19.8179 0000 98.1645 323
-19.7739 0000 98.1366 266
-19.7272 0000 98.0834 227
-19.6844 0000 98.0670 205
-19.6427 0000 98.0598 202
-19.6019 0000 98.0618 208
-19.5668 0000 98.1166 198
-19.5263 0000 98.1209 208
-19.4840 0000 98.1091 263
-19.4428 0000 98.1065 303
-19.4027 0000 98.1154 304
-19.3629 0000 98.1266 285
-19.3226 0000 98.1332 276
-19.2816 0000 98.1328 275
-19.2408 0000 98.1348 307
-19.2017 0000 98.1529 249
-19.1616 0000 98.1618 240
-19.1206 0000 98.1615 212
-19.0798 0000 98.1635 173
-19.0406 0000 98.1816 171
-19.0043 0000 98.2273 182
-18.9607 0000 98.2017 183
-18.9168 0000 98.1737 163
-18.8752 0000 98.1688 166
-18.8337 0000 98.1639 161
-18.7924 0000 98.1613 150
-18.7540 0000 98.1863 140
-18.7162 0000 98.2182 157
-18.6761 0000 98.2271 158
-18.6345 0000 98.2222 162
-18.5930 0000 98.2173 175
-18.5526 0000 98.2239 187
-18.5115 0000 98.2236 209
-18.4670 0000 98.1887 214
-18.4250 0000 98.1792 179
-18.3847 0000 98.1858 171
-18.3484 0000 98.2338 194
-18.3080 0000 98.2404 194
-18.2665 0000 98.2355 173
-18.2247 0000 98.2283 148
-18.1834 0000 98.2257 137
-18.1412 0000 98.2139 171
-18.1017 0000 98.2297 171
-18.0593 0000 98.2155 177
-18.0179 0000 98.2129 149
-17.9787 0000 98.2310 118
-17.9398 0000 98.2537 115
-17.8983 0000 98.2488 107
-17.8554 0000 98.2301 100
-17.8205 0000 98.2943 104
-17.7808 0000 98.3078 111
-17.7423 0000 98.3351 129
-17.7016 0000 98.3394 130
-17.6610 0000 98.3437 121
-17.6196 0000 98.3411 133
-17.5798 0000 98.3546 161
-17.5365 0000 98.3312 183
-17.4949 0000 98.3263 198
-17.4521 0000 98.3075 209
-17.4109 0000 98.3072 195
-17.3705 0000 98.3138 184
-17.3317 0000 98.3388 200
-17.2925 0000 98.3593 187
-17.2518 0000 98.3636 181
-17.2111 0000 98.3679 158
-17.1694 0000 98.3606 130
-17.1250 0000 98.3257 127
-17.0817 0000 98.3023 106
-17.0404 0000 98.2997 96
-17.0035 0000 98.3455 93
-16.9636 0000 98.3590 91
-16.9235 0000 98.3702 98
-16.8826 0000 98.3722 127
-16.8408 0000 98.3649 176
-16.7993 0000 98.3600 216
-16.7566 0000 98.3435 254
-16.7151 0000 98.3386 227
-16.6721 0000 98.3175 158
-16.6324 0000 98.3333 148
-16.5925 0000 98.3468 151
-16.5517 0000 98.3511 152
-16.5106 0000 98.3508 148
-16.4690 0000 98.3458 127
-16.4270 0000 98.3363 101
-16.3875 0000 98.3544 105
-16.3496 0000 98.3910 135
-16.3119 0000 98.4299 165
-16.2741 0000 98.4688 169
-16.2354 0000 98.4962 206
-16.1950 0000 98.5051 220
-16.1534 0000 98.5001 259
-16.1100 0000 98.4744 281
-16.0696 0000 98.4833 274
-16.0318 0000 98.5222 259
-15.9931 0000 98.5519 229
-15.9537 0000 98.5724 249
-15.9129 0000 98.5767 231
-15.8714 0000 98.5740 229
-15.8288 0000 98.5575 321
-15.7843 0000 98.5179 495
-15.7420 0000 98.5060 624
-15.7002 0000 98.4987 667
-15.6590 0000 98.4984 668
-15.6186 0000 98.5073 621
-15.5795 0000 98.5323 492
-15.5386 0000 98.5366 411
-15.4974 0000 98.5363 326
-15.4566 0000 98.5406 249
-15.4161 0000 98.5495 228
-15.3746 0000 98.5468 228
-15.3324 0000 98.5349 235
-15.2933 0000 98.5600 238
-15.2507 0000 98.5434 268
-15.2091 0000 98.5385 219
-15.1654 0000 98.5080 147
-15.1224 0000 98.4869 117
-15.0825 0000 98.5027 94
-15.0413 0000 98.5024 107
-14.9982 0000 98.4789 146
-14.9575 0000 98.4855 164
-14.9168 0000 98.4920 176
-14.8740 0000 98.4732 188
-14.8295 0000 98.4313 156
-14.7855 0000 98.3963 188
-14.7444 0000 98.3982 201
-14.7036 0000 98.4025 181
-14.6636 0000 98.4183 150
-14.6218 0000 98.4110 139
-14.5802 0000 98.4060 113
-14.5388 0000 98.4033 102
-14.4974 0000 98.4007 111
-14.4541 0000 98.3749 121
-14.4122 0000 98.3653 109
-14.3692 0000 98.3418 92
-14.3263 0000 98.3207 105
-14.2865 0000 98.3388 106
-14.2478 0000 98.3708 120
-14.2083 0000 98.3935 117
-14.1669 0000 98.3908 105
-14.1240 0000 98.3697 124
-14.0814 0000 98.3508 142
-14.0421 0000 98.3759 166
-14.0034 0000 98.4102 185
-13.9632 0000 98.4237 246
-13.9258 0000 98.4741 241
-13.8897 0000 98.5432 246
-13.8491 0000 98.5521 246
-13.8052 0000 98.5170 247
-13.7605 0000 98.4704 261
-13.7165 0000 98.4330 251
-13.6718 0000 98.3864 218
-13.6307 0000 98.3884 194
-13.5901 0000 98.3973 183
-13.5505 0000 98.4200 180
-13.5091 0000 98.4173 170
-13.4683 0000 98.4239 177
-13.4277 0000 98.4328 192
-13.3884 0000 98.4602 199
-13.3469 0000 98.4575 216
-13.3050 0000 98.4479 225
-13.2632 0000 98.4406 233
-13.2196 0000 98.4078 287
-13.1772 0000 98.3913 341
-13.1341 0000 98.3655 411
-13.0910 0000 98.3398 354
-13.0493 0000 98.3325 290
-13.0079 0000 98.3298 225
-12.9669 0000 98.3341 177
-12.9261 0000 98.3406 136
-12.8844 0000 98.3333 116
-12.8410 0000 98.3029 115
-12.7985 0000 98.2841 113
-12.7555 0000 98.2584 152
-12.7126 0000 98.2349 162
-12.6720 0000 98.2438 154
-12.6311 0000 98.2481 140
-12.5920 0000 98.2800 120
-12.5514 0000 98.2889 123
-12.5104 0000 98.2931 153
-12.4687 0000 98.2859 172
-12.4274 0000 98.2855 194
-12.3901 0000 98.3452 190
-12.3502 0000 98.3656 209
-12.3095 0000 98.3745 216
-12.2676 0000 98.3649 202
-12.2256 0000 98.3530 189
-12.1838 0000 98.3457 184
-12.1415 0000 98.3292 175
-12.0999 0000 98.3242 173
-12.0638 0000 98.4047 179
-12.0231 0000 98.4136 192
-11.9776 0000 98.3486 216
-11.9324 0000 98.2858 257
-11.8917 0000 98.2947 288
-11.8527 0000 98.3313 281
-11.8116 0000 98.3333 223
-11.7692 0000 98.3168 172
-11.7230 0000 98.2379 150
-11.6796 0000 98.2029 148
-11.6355 0000 98.1565 152
-11.5938 0000 98.1492 152
-11.5505 0000 98.1166 158
-11.5091 0000 98.1139 182
-11.4682 0000 98.1182 218
-11.4266 0000 98.1132 244
-11.3852 0000 98.1106 266
-11.3438 0000 98.1079 258
-11.3018 0000 98.0937 204
-11.2588 0000 98.0657 150
-11.2193 0000 98.0930 150
-11.1784 0000 98.0996 144
-11.1389 0000 98.1292 131
-11.0981 0000 98.1357 144
-11.0545 0000 98.0962 146
-11.0064 0000 97.9784 146
-10.9611 0000 97.9090 144
-10.9187 0000 97.8880 150
-10.8775 0000 97.8876 147
-10.8389 0000 97.9333 163
-10.7985 0000 97.9467 176
-10.7574 0000 97.9487 165
-10.7156 0000 97.9391 145
-10.6745 0000 97.9411 138
-10.6355 0000 97.9798 154
-10.5956 0000 98.0025 213
-10.5530 0000 97.9791 247
-10.5105 0000 97.9557 285
-10.4691 0000 97.9531 277
-10.4274 0000 97.9435 252
-10.3834 0000 97.8926 203
-10.3398 0000 97.8485 137
-10.2965 0000 97.8114 106
-10.2567 0000 97.8363 105
-10.2190 0000 97.9003 123
-10.1828 0000 97.9943 125
-10.1438 0000 98.0354 135
-10.1047 0000 98.0765 132
-10.0633 0000 98.0738 146
-10.0214 0000 98.0620 171
-9.9802 0000 98.0616 191
-9.9379 0000 98.0428 205
-9.8968 0000 98.0447 201
-9.8549 0000 98.0329 210
-9.8118 0000 97.9980 259
-9.7702 0000 97.9907 298
-9.7290 0000 97.9903 338
-9.6869 0000 97.9738 362
-9.6460 0000 97.9804 402
-9.6047 0000 97.9800 420
-9.5634 0000 97.9797 395
-9.5219 0000 97.9747 347
-9.4803 0000 97.9674 325
-9.4364 0000 97.9141 313
-9.3938 0000 97.8862 280
-9.3490 0000 97.8122 241
-9.3063 0000 97.7820 233
-9.2657 0000 97.7954 205
-9.2260 0000 97.8272 197
-9.1851 0000 97.8337 192
-9.1451 0000 97.8586 194
-9.1039 0000 97.8583 222
-9.0623 0000 97.8510 244
-9.0198 0000 97.8254 294
-8.9774 0000 97.7997 312
-8.9356 0000 97.7878 361
-8.8933 0000 97.7645 320
-8.8503 0000 97.7251 284
-8.8056 0000 97.6490 252
-8.7624 0000 97.6050 229
-8.7186 0000 97.5473 212
-8.6776 0000 97.5516 212
-8.6392 0000 97.6131 235
-8.5995 0000 97.6448 288
-8.5589 0000 97.6582 278
-8.5166 0000 97.6349 283
-8.4754 0000 97.6345 239
-8.4353 0000 97.6594 237
-8.3943 0000 97.6636 214
-8.3544 0000 97.6931 207
-8.3145 0000 97.7226 187
-8.2732 0000 97.7199 180
-8.2326 0000 97.7356 189
-8.1931 0000 97.7743 195
-8.1525 0000 97.7900 224
-8.1118 0000 97.8011 257
-8.0707 0000 97.8054 268
-8.0293 0000 97.8004 250
-7.9857 0000 97.7449 240
-7.9444 0000 97.7422 264
-7.9045 0000 97.7740 298
-7.8645 0000 97.8035 347
-7.8247 0000 97.8400 336
-7.7840 0000 97.8534 330
-7.7437 0000 97.8760 334
-7.7018 0000 97.8596 345
-7.6610 0000 97.8707 360
-7.6217 0000 97.9210 378
-7.5807 0000 97.9275 381
-7.5402 0000 97.9456 366
-7.4988 0000 97.9429 383
-7.4577 0000 97.9471 392
-7.4163 0000 97.9445 401
-7.3750 0000 97.9418 390
-7.3339 0000 97.9483 361
-7.2928 0000 97.9526 333
-7.2511 0000 97.9407 305
-7.2095 0000 97.9312 275
-7.1665 0000 97.8848 253
-7.1246 0000 97.8660 234
-7.0822 0000 97.8358 228
-7.0408 0000 97.8308 206
-7.0009 0000 97.8672 197
-6.9623 0000 97.9428 229
-6.9216 0000 97.9586 242
-6.8822 0000 98.0112 233
-6.8422 0000 98.0477 271
-6.8024 0000 98.0889 303
-6.7623 0000 98.1231 358
-6.7221 0000 98.1574 329
-6.6815 0000 98.1778 330
-6.6414 0000 98.2121 384
-6.5999 0000 98.2071 399
-6.5574 0000 98.1721 353
-6.5150 0000 98.1395 336
-6.4735 0000 98.1345 279
-6.4332 0000 98.1642 235
-6.3939 0000 98.2285 243
-6.3532 0000 98.2466 262
-6.3128 0000 98.2763 301
-6.2724 0000 98.3037 320
-6.2313 0000 98.3126 360
-6.1902 0000 98.3215 377
-6.1491 0000 98.3304 381
-6.1086 0000 98.3555 408
-6.0681 0000 98.3852 383
-6.0271 0000 98.3964 395
-5.9859 0000 98.4007 400
-5.9441 0000 98.3888 384
-5.9024 0000 98.3769 379
-5.8609 0000 98.3719 391
-5.8188 0000 98.3461 377
-5.7774 0000 98.3434 382
-5.7354 0000 98.3223 400
-5.6949 0000 98.3520 407
-5.6537 0000 98.3563 380
-5.6122 0000 98.3513 358
-5.5707 0000 98.3487 339
-5.5303 0000 98.3830 318
-5.4902 0000 98.4266 324
-5.4491 0000 98.4379 335
-5.4087 0000 98.4746 343
-5.3683 0000 98.5090 329
-5.3278 0000 98.5434 352
-5.2870 0000 98.5662 376
-5.2462 0000 98.5890 356
-5.2048 0000 98.5910 367
-5.1634 0000 98.5883 366
-5.1219 0000 98.5857 348
-5.0806 0000 98.5900 303
-5.0394 0000 98.6012 240
-4.9983 0000 98.6125 198
-4.9583 0000 98.6678 181
-4.9169 0000 98.6721 175
-4.8750 0000 98.6509 172
-4.8335 0000 98.6459 139
-4.7918 0000 98.6362 107
-4.7497 0000 98.6057 99
-4.7082 0000 98.6008 97
-4.6658 0000 98.5610 100
-4.6237 0000 98.5282 123
-4.5823 0000 98.5256 128
-4.5408 0000 98.5206 164
-4.4989 0000 98.4971 216
-4.4573 0000 98.4875 272
-4.4159 0000 98.4871 272
-4.3751 0000 98.5146 205
-4.3348 0000 98.5698 200
-4.2946 0000 98.6274 210
-4.2535 0000 98.6410 189
-4.2126 0000 98.6662 153
-4.1713 0000 98.6705 111
-4.1298 0000 98.6701 91
-4.0883 0000 98.6675 93
-4.0470 0000 98.6694 108
-4.0057 0000 98.6761 113
-3.9652 0000 98.7268 106
-3.9256 0000 98.8263 99
-3.8851 0000 98.8795 106
-3.8438 0000 98.8884 116
-3.8027 0000 98.9090 139
-3.7610 0000 98.8947 169
-3.7196 0000 98.8990 167
-3.6781 0000 98.8987 158
-3.6366 0000 98.9006 146
-3.5952 0000 98.9050 127
-3.5540 0000 98.9209 103
-3.5119 0000 98.8833 133
-3.4703 0000 98.8713 191
-3.4286 0000 98.8594 187
-3.3874 0000 98.8776 164
-3.3465 0000 98.9122 115
-3.3058 0000 98.9630 99
-3.2654 0000 99.0419 112
-3.2244 0000 99.0742 122
-3.1829 0000 99.0738 150
-3.1411 0000 99.0572 198
-3.0990 0000 99.0149 232
-3.0573 0000 98.9959 206
-3.0151 0000 98.9467 174
-2.9731 0000 98.9067 125
-2.9314 0000 98.8901 113
-2.8904 0000 98.9293 108
-2.8495 0000 98.9732 134
-2.8086 0000 99.0241 149
-2.7672 0000 99.0308 169
-2.7266 0000 99.1143 188
-2.6860 0000 99.1957 214
-2.6449 0000 99.2397 269
-2.6038 0000 99.2791 304
-2.5623 0000 99.2834 341
-2.5207 0000 99.2807 341
-2.4788 0000 99.2477 306
-2.4368 0000 99.2076 256
-2.3951 0000 99.1839 244
-2.3538 0000 99.2186 224
-2.3126 0000 99.2556 183
-2.2713 0000 99.2857 172
-2.2292 0000 99.2222 166
-2.1877 0000 99.2196 185
-2.1462 0000 99.2286 219
-2.1048 0000 99.2562 240
-2.0633 0000 99.2629 257
-2.0219 0000 99.2859 281
-1.9804 0000 99.2926 298
-1.9390 0000 99.3180 319
-1.8975 0000 99.3223 358
-1.8559 0000 99.3267 366
-1.8144 0000 99.3427 365
-1.7728 0000 99.3377 303
-1.7313 0000 99.3373 246
-1.6897 0000 99.3370 224
-1.6480 0000 99.3109 241
-1.6064 0000 99.3129 226
-1.5649 0000 99.3196 191
-1.5235 0000 99.3777 170
-1.4820 0000 99.3821 174
-1.4405 0000 99.4168 173
-1.3990 0000 99.4258 172
-1.3574 0000 99.4302 172
-1.3158 0000 99.4345 186
-1.2742 0000 99.4389 195
-1.2326 0000 99.4362 179
-1.1909 0000 99.3960 146
-1.1492 0000 99.3653 140
-1.1075 0000 99.2691 168
-1.0659 0000 99.2594 199
-1.0243 0000 99.2450 233
-0.9827 0000 99.2190 224
-0.9412 0000 99.2046 246
-0.8996 0000 99.1996 250
-0.8581 0000 99.2320 229
-0.8166 0000 99.2784 233
-0.7750 0000 99.3271 260
-0.7334 0000 99.3549 253
-0.6919 0000 99.3241 270
-0.6503 0000 99.3027 247
-0.6088 0000 99.2743 222
-0.5672 0000 99.2670 196
-0.5257 0000 99.2666 202
-0.4841 0000 99.2733 201
-0.4425 0000 99.2847 187
-0.4009 0000 99.3054 201
-0.3593 0000 99.3120 210
-0.3177 0000 99.3281 220
-0.2762 0000 99.3277 254
-0.2346 0000 99.3321 243
-0.1928 0000 99.4113 190
-0.1506 0000 99.5702 170
-0.1087 0000 99.6567 215
-0.0669 0000 99.6845 233
-0.0252 0000 99.7100 271
0.0165 0000 99.7167 270
0.0582 0000 99.7187 250
0.0998 0000 99.7137 215
0.1415 0000 99.7087 180
0.1831 0000 99.7060 148
0.2248 0000 99.7080 123
0.2665 0000 99.7170 128
0.3081 0000 99.7167 156
0.3496 0000 99.6811 160
0.3910 0000 99.6479 166
0.4326 0000 99.6429 168
0.4742 0000 99.6378 192
0.5158 0000 99.6281 182
0.5573 0000 99.6043 145
0.5989 0000 99.5993 111
0.6407 0000 99.6247 108
0.6824 0000 99.6314 131
0.7242 0000 99.6546 131
0.7663 0000 99.7035 122
0.8085 0000 99.7643 117
0.8495 0000 99.6864 127
0.8912 0000 99.6908 135
0.9329 0000 99.7045 143
0.9747 0000 99.7089 160
1.0163 0000 99.7085 184
1.0580 0000 99.7129 180
1.0998 0000 99.7219 144
1.1418 0000 99.7568 122
1.1836 0000 99.7730 114
1.2258 0000 99.8173 129
1.2675 0000 99.8216 136
1.3092 0000 99.8190 124
1.3506 0000 99.7927 114
1.3946 0000 99.9877 100
1.4366 0000 100.0110 137
1.4787 0000 100.0413 195
1.5204 0000 100.0362 227
1.5619 0000 100.0217 236
1.6032 0000 99.9884 256
1.6450 0000 99.9904 262
1.6869 0000 100.0019 259
1.7287 0000 100.0086 238
1.7704 0000 100.0035 211
1.8120 0000 99.9961 182
1.8536 0000 99.9864 151
1.8952 0000 99.9813 132
1.9370 0000 99.9833 137
1.9788 0000 99.9901 156
2.0206 0000 99.9944 166
2.0619 0000 99.9682 157
2.1033 0000 99.9466 165
2.1440 0000 99.8780 178
2.1854 0000 99.8612 175
2.2278 0000 99.9032 154
2.2704 0000 99.9547 162
2.3121 0000 99.9591 190
2.3537 0000 99.9493 207
2.3951 0000 99.9278 193
2.4367 0000 99.9251 145
2.4781 0000 99.9036 120
2.5197 0000 99.9009 118
2.5625 0000 99.9618 117
2.6052 0000 100.0109 131
2.6482 0000 100.0813 143
2.6899 0000 100.0762 143
2.7309 0000 100.0382 152
2.7731 0000 100.0591 146
2.8152 0000 100.0800 156
2.8580 0000 100.1315 178
2.8999 0000 100.1383 194
2.9419 0000 100.1474 192
2.9837 0000 100.1518 193
3.0255 0000 100.1514 200
3.0672 0000 100.1511 191
3.1090 0000 100.1508 178
3.1507 0000 100.1481 180
3.1925 0000 100.1477 182
3.2341 0000 100.1403 163
3.2745 0000 100.0786 133
3.3146 0000 100.0052 106
3.3545 0000 99.9271 85
3.3964 0000 99.9338 80
3.4390 0000 99.9712 78
3.4807 0000 99.9709 89
3.5229 0000 99.9917 105
3.5650 0000 100.0055 143
3.6080 0000 100.0571 192
3.6501 0000 100.0732 226
3.6921 0000 100.0823 226
3.7338 0000 100.0820 199
3.7753 0000 100.0722 162
3.8167 0000 100.0578 139
3.8584 0000 100.0574 136
3.9010 0000 100.0878 152
3.9438 0000 100.1275 152
3.9866 0000 100.1697 162
4.0300 0000 100.2308 188
4.0719 0000 100.2352 215
4.1136 0000 100.2325 228
4.1553 0000 100.2274 216
4.1963 0000 100.1987 211
4.2371 0000 100.1653 193
4.2780 0000 100.1320 197
4.3194 0000 100.1222 190
4.3602 0000 100.0888 216
4.4012 0000 100.0602 207
4.4426 0000 100.0481 198
4.4842 0000 100.0430 175
4.5259 0000 100.0427 146
4.5675 0000 100.0376 131
4.6090 0000 100.0302 140
4.6519 0000 100.0700 163
4.6952 0000 100.1192 207
4.7384 0000 100.1685 212
4.7805 0000 100.1799 204
4.8221 0000 100.1749 171
4.8626 0000 100.1344 147
4.9017 0000 100.0491 141
4.9418 0000 99.9970 168
4.9834 0000 99.9943 187
5.0251 0000 99.9939 168
5.0669 0000 99.9960 139
5.1105 0000 100.0522 125
5.1549 0000 100.1321 128
5.1988 0000 100.1979 148
5.2407 0000 100.2023 177
5.2817 0000 100.1807 181
5.3233 0000 100.1756 176
5.3653 0000 100.1824 167
5.4077 0000 100.2010 179
5.4493 0000 100.1959 169
5.4908 0000 100.1885 143
5.5323 0000 100.1811 129
5.5744 0000 100.1902 148
5.6179 0000 100.2395 185
5.6604 0000 100.2580 230
5.7026 0000 100.2695 237
5.7442 0000 100.2668 200
5.7840 0000 100.2122 144
5.8233 0000 100.1434 126
5.8640 0000 100.1147 127
5.9061 0000 100.1238 111
5.9436 0000 100.0103 92
5.9831 0000 99.9511 123
6.0248 0000 99.9507 190
6.0666 0000 99.9551 229
6.1093 0000 99.9807 184
6.1542 0000 100.0629 159
6.1984 0000 100.1286 153
6.2418 0000 100.1708 162
6.2843 0000 100.1893 179
6.3260 0000 100.1866 192
6.3676 0000 100.1839 184
6.4080 0000 100.1506 159
6.4495 0000 100.1432 165
6.4915 0000 100.1499 168
6.5354 0000 100.2039 160
6.5784 0000 100.2343 164
6.6220 0000 100.2788 202
6.6646 0000 100.2974 211
6.7063 0000 100.2971 218
6.7473 0000 100.2778 237
6.7888 0000 100.2704 252
6.8301 0000 100.2606 278
6.8718 0000 100.2579 304
6.9136 0000 100.2600 319
6.9554 0000 100.2597 326
6.9970 0000 100.2570 321
7.0385 0000 100.2495 269
7.0802 0000 100.2492 199
7.1236 0000 100.2867 168
7.1672 0000 100.3289 206
7.2097 0000 100.3451 223
7.2526 0000 100.3708 185
7.2945 0000 100.3729 145
7.3352 0000 100.3489 128
7.3766 0000 100.3391 123
7.4180 0000 100.3317 129
7.4595 0000 100.3243 129
7.5007 0000 100.3121 122
7.5410 0000 100.2810 133
7.5827 0000 100.2784 129
7.6248 0000 100.2875 114
7.6671 0000 100.2990 104
7.7102 0000 100.3270 107
7.7525 0000 100.3385 129
7.7966 0000 100.3878 146
7.8392 0000 100.4041 158
7.8813 0000 100.4108 173
7.9230 0000 100.4081 185
7.9634 0000 100.3794 168
8.0028 0000 100.3318 155
8.0411 0000 100.2606 134
8.0822 0000 100.2461 121
8.1226 0000 100.2198 131
8.1627 0000 100.1864 130
8.2028 0000 100.1530 153
8.2439 0000 100.1409 150
8.2867 0000 100.1618 128
8.3297 0000 100.1874 133
8.3743 0000 100.2438 155
8.4191 0000 100.3049 177
8.4649 0000 100.3849 206
8.5102 0000 100.4532 228
8.5539 0000 100.4908 252
8.5934 0000 100.4454 212
8.6310 0000 100.3647 196
8.6700 0000 100.3123 208
8.7110 0000 100.2978 207
8.7513 0000 100.2691 195
8.7925 0000 100.2594 216
8.8337 0000 100.2496 261
8.8757 0000 100.2540 284
8.9177 0000 100.2584 287
8.9594 0000 100.2580 276
9.0010 0000 100.2553 229
9.0428 0000 100.2574 171
9.0846 0000 100.2570 141
9.1277 0000 100.2827 139
9.1715 0000 100.3202 128
9.2176 0000 100.4002 148
9.2628 0000 100.4614 185
9.3048 0000 100.4658 216
9.3479 0000 100.4892 230
9.3898 0000 100.4912 264
9.4316 0000 100.4909 288
9.4717 0000 100.4621 269
9.5112 0000 100.4216 250
9.5491 0000 100.3526 206
9.5880 0000 100.3027 190
9.6260 0000 100.2385 169
9.6637 0000 100.1674 156
9.7018 0000 100.1057 148
9.7424 0000 100.0865 131
9.7809 0000 100.0320 115
9.8215 0000 100.0128 102
9.8620 0000 99.9936 92
9.8999 0000 99.9297 85
9.9434 0000 99.9600 84
9.9870 0000 99.9926 96
10.0290 0000 99.9994 101
10.0708 0000 100.0014 105
10.1129 0000 100.0081 116
10.1554 0000 100.0219 136
10.1974 0000 100.0287 163
10.2400 0000 100.0425 181
10.2813 0000 100.0374 210
10.3222 0000 100.0253 225
10.3601 0000 99.9637 215
10.3994 0000 99.9258 218
10.4399 0000 99.9066 229
10.4818 0000 99.9110 213
10.5246 0000 99.9295 176
10.5663 0000 99.9315 162
10.6106 0000 99.9735 164
10.6548 0000 100.0132 175
10.6975 0000 100.0294 195
10.7397 0000 100.0384 203
10.7815 0000 100.0405 200
10.8228 0000 100.0354 197
10.8622 0000 99.9998 199
10.9032 0000 99.9900 220
10.9431 0000 99.9638 252
10.9851 0000 99.9682 271
11.0271 0000 99.9749 297
11.0704 0000 100.0004 318
11.1104 0000 99.9742 367
11.1517 0000 99.9692 384
11.1930 0000 99.9641 391
11.2341 0000 99.9567 377
11.2751 0000 99.9470 337
11.3161 0000 99.9372 285
11.3520 0000 99.8522 248
11.3916 0000 99.8237 231
11.4331 0000 99.8210 217
11.4745 0000 99.8184 208
11.5144 0000 99.7945 197
11.5563 0000 99.7989 212
11.5995 0000 99.8221 221
11.6415 0000 99.8288 241
11.6872 0000 99.8872 255
11.7312 0000 99.9222 276
11.7752 0000 99.9571 250
11.8195 0000 99.9945 242
11.8632 0000 100.0248 207
11.9048 0000 100.0244 206
11.9423 0000 99.9652 229
11.9827 0000 99.9484 259
12.0203 0000 99.8917 293
12.0612 0000 99.8819 351
12.1020 0000 99.8722 424
12.1424 0000 99.8554 539
12.1843 0000 99.8598 578
12.2261 0000 99.8618 518
12.2674 0000 99.8591 387
12.3063 0000 99.8212 246
12.3449 0000 99.7809 206
12.3864 0000 99.7806 208
12.4297 0000 99.8038 206
12.4733 0000 99.8317 223
12.5157 0000 99.8431 218
12.5593 0000 99.8710 203
12.6012 0000 99.8754 206
12.6428 0000 99.8750 196
12.6847 0000 99.8794 172
12.7261 0000 99.8767 179
12.7660 0000 99.8553 158
12.8074 0000 99.8526 181
12.8507 0000 99.8758 209
12.8924 0000 99.8778 243
12.9341 0000 99.8798 262
12.9771 0000 99.8983 289
13.0206 0000 99.9239 255
13.0629 0000 99.9330 228
13.1050 0000 99.9397 201
13.1462 0000 99.9347 173
13.1823 0000 99.8638 156
13.2201 0000 99.8165 172
13.2585 0000 99.7763 177
13.2993 0000 99.7666 175
13.3408 0000 99.7662 156
13.3827 0000 99.7706 118
13.4242 0000 99.7703 89
13.4673 0000 99.7911 89
13.5085 0000 99.7861 104
13.5503 0000 99.7905 131
13.5969 0000 99.8536 127
13.6445 0000 99.9285 130
13.6907 0000 99.9871 140
13.7384 0000 100.0621 163
13.7812 0000 100.0783 194
13.8228 0000 100.0779 197
13.8638 0000 100.0706 177
13.9040 0000 100.0538 147
13.9405 0000 99.9922 115
13.9786 0000 99.9495 100
14.0172 0000 99.9139 84
14.0564 0000 99.8854 94
14.0975 0000 99.8804 97
14.1378 0000 99.8660 96
14.1762 0000 99.8280 107
14.2175 0000 99.8254 145
14.2602 0000 99.8391 184
14.3024 0000 99.8482 208
14.3441 0000 99.8503 205
14.3848 0000 99.8405 211
14.4259 0000 99.8355 239
14.4676 0000 99.8376 252
14.5097 0000 99.8443 239
14.5518 0000 99.8510 219
14.5952 0000 99.8742 222
14.6386 0000 99.8950 156
14.6804 0000 99.8994 111
14.7213 0000 99.8921 96
14.7577 0000 99.8330 101
14.7984 0000 99.8232 107
14.8439 0000 99.8699 103
14.8973 0000 100.0060 88
14.9660 0000 100.3170 97
15.0157 0000 100.4088 103
15.0619 0000 100.4605 116
15.1070 0000 100.5004 166
15.1509 0000 100.5262 215
15.1926 0000 100.5258 263
15.2323 0000 100.5042 292
15.2718 0000 100.4802 248
15.3123 0000 100.4680 209
15.3525 0000 100.4511 171
15.3887 0000 100.3917 144
15.4305 0000 100.3937 144
15.4747 0000 100.4218 116
15.5182 0000 100.4427 122
15.5649 0000 100.4991 144
15.6100 0000 100.5367 172
15.6550 0000 100.5742 165
15.6979 0000 100.5881 172
15.7419 0000 100.6138 189
15.7864 0000 100.6443 170
15.8293 0000 100.6582 163
15.8718 0000 100.6673 153
15.9174 0000 100.7097 150
15.9610 0000 100.7307 174
16.0072 0000 100.7802 210
16.0502 0000 100.7941 234
16.0943 0000 100.8198 210
16.1373 0000 100.8337 174
16.1821 0000 100.8666 143
16.2268 0000 100.8996 126
16.2714 0000 100.9301 112
16.2775 0000 100.5525 68
16.2857 0000 100.2000 86
16.3267 0000 100.1950 78
16.3673 0000 100.1852 75
16.4088 0000 100.1849 80
16.4512 0000 100.1939 84
16.4938 0000 100.2054 76
16.5374 0000 100.2263 64
16.5823 0000 100.2613 49
16.6277 0000 100.3011 42
16.6758 0000 100.3693 42
16.7251 0000 100.4493 48
16.7729 0000 100.5128 60
16.8151 0000 100.5196 65
16.8636 0000 100.5902 57
16.9100 0000 100.6396 67
16.9560 0000 100.6843 75
16.9990 0000 100.6982 85
17.0406 0000 100.6978 79
17.0871 0000 100.7473 72
17.1322 0000 100.7825 80
17.1771 0000 100.8154 78
17.2232 0000 100.8601 77
17.2667 0000 100.8788 86
17.3114 0000 100.9093 100
17.3528 0000 100.9066 98
17.3915 0000 100.8777 85
17.4327 0000 100.8726 83
17.4764 0000 100.8936 90
17.5195 0000 100.9075 91
17.5649 0000 100.9451 88
17.6123 0000 101.0018 90
17.6554 0000 101.0157 88
17.6970 0000 101.0154 99
17.7335 0000 100.9650 119
17.7739 0000 100.9528 136
17.8158 0000 100.9548 154
17.8600 0000 100.9806 174
17.9051 0000 101.0135 137
17.9538 0000 101.0821 112
17.9969 0000 101.0960 99
18.0417 0000 101.1266 86
18.0804 0000 101.0977 82
18.1195 0000 101.0735 84
18.1500 0000 100.9661 91
18.1896 0000 100.9467 101
18.2349 0000 100.9819 107
18.2782 0000 100.9982 105
18.3245 0000 101.0430 96
18.3669 0000 101.0498 74
18.4203 0000 101.1613 63
18.4713 0000 101.2491 86
18.5164 0000 101.2821 125
18.5591 0000 101.2913 133
18.6027 0000 101.3100 111
18.6378 0000 101.2475 103
18.6707 0000 101.1661 100
18.7079 0000 101.1252 106
18.7495 0000 101.1248 122
18.7914 0000 101.1268 136
18.8337 0000 101.1336 135
18.8784 0000 101.1618 115
18.9208 0000 101.1685 101
18.9652 0000 101.1943 95
19.0112 0000 101.2345 91
19.0593 0000 101.2937 110
19.1027 0000 101.3100 125
19.1477 0000 101.3406 134
19.1893 0000 101.3402 122
19.2302 0000 101.3327 117
19.2741 0000 101.3537 119
19.3163 0000 101.3581 138
19.3581 0000 101.3601 153
19.4005 0000 101.3669 160
19.4432 0000 101.3760 157
19.4854 0000 101.3804 141
19.5270 0000 101.3800 126
19.5686 0000 101.3796 119
19.6070 0000 101.3506 104
19.6472 0000 101.3382 99
19.6861 0000 101.3140 108
19.7280 0000 101.3160 114
19.7744 0000 101.3585 112
19.8165 0000 101.3629 111
19.8592 0000 101.3720 114
19.9030 0000 101.3907 122
19.9495 0000 101.4333 164
19.9916 0000 101.4377 174
20.0299 0000 101.4087 127
20.0742 0000 101.4321 119
20.1161 0000 101.4341 129
20.1591 0000 101.4457 122
20.2010 0000 101.4477 117
20.2459 0000 101.4759 98
20.2969 0000 101.5568 86
20.3482 0000 101.6401 87
20.3979 0000 101.7092 92
20.4443 0000 101.7495 90
20.4957 0000 101.8330 72
20.5542 0000 101.9766 65
20.6043 0000 102.0483 61
20.6511 0000 102.0912 71
20.6963 0000 102.1197 74
20.7377 0000 102.1169 79
20.6646 0000 101.1427 77
20.7036 0000 101.1209 100
20.7465 0000 101.1324 124
20.7905 0000 101.1535 128
20.8315 0000 101.1483 136
20.8735 0000 101.1527 141
20.9187 0000 101.1833 158
20.9622 0000 101.1996 139
21.0066 0000 101.2230 112
21.0931 0000 101.5973 74
21.1667 0000 101.8628 101
21.2083 0000 101.8624 109
21.2529 0000 101.8860 106
21.2957 0000 101.8952 117
21.3377 0000 101.8973 117
21.3788 0000 101.8921 105
21.4172 0000 101.8653 97
21.4577 0000 101.8554 85
21.4997 0000 101.8574 78
21.5422 0000 101.8642 71
21.5912 0000 101.9238 60
21.6417 0000 101.9955 59
21.6852 0000 102.0095 69
21.7316 0000 102.0476 75
21.7778 0000 102.0833 94
21.8230 0000 102.1118 102
21.8653 0000 102.1162 116
21.9076 0000 102.1206 126
21.9532 0000 102.1515 116
21.9958 0000 102.1584 120
22.0387 0000 102.1676 126
22.0874 0000 102.2226 124
22.1345 0000 102.2656 136
22.1775 0000 102.2749 145
22.2201 0000 102.2817 130
22.2685 0000 102.3344 107
22.3111 0000 102.3412 101
22.3520 0000 102.3336 99
22.3937 0000 102.3333 98
22.4330 0000 102.3136 112
22.4707 0000 102.2820 111
22.5109 0000 102.2695 116
22.5459 0000 102.2162 133
22.5851 0000 102.1966 153
22.6246 0000 102.1794 156
22.6657 0000 102.1742 155
22.7036 0000 102.1450 195
22.7419 0000 102.1182 200
22.7833 0000 102.1155 169
22.8286 0000 102.1439 134
22.8728 0000 102.1628 123
22.9179 0000 102.1889 115
22.9633 0000 102.2174 121
23.0119 0000 102.2700 100
23.0645 0000 102.3540 81
23.1267 0000 102.5104 83
23.1744 0000 102.5559 109
23.2203 0000 102.5869 143
23.2630 0000 102.5938 175
23.3060 0000 102.6031 208
23.3487 0000 102.6100 230
23.3901 0000 102.6072 218
23.4302 0000 102.5947 172
23.4595 0000 102.5002 148
23.4932 0000 102.4395 142
23.5346 0000 102.4367 140
23.5804 0000 102.4677 151
23.6256 0000 102.4939 135
23.6686 0000 102.5032 127
23.7113 0000 102.5100 118
23.7562 0000 102.5338 124
23.8021 0000 102.5648 116
23.8451 0000 102.5741 120
23.8861 0000 102.5689 121
23.9216 0000 102.5226 111
23.9613 0000 102.5078 95
24.0010 0000 102.4929 85
24.0423 0000 102.4901 90
24.0873 0000 102.5139 113
24.1335 0000 102.5473 104
24.1910 0000 102.6629 93
24.2472 0000 102.7689 100
24.2945 0000 102.8097 129
24.3392 0000 102.8311 143
24.3803 0000 102.8258 149
24.4206 0000 102.8158 143
24.4617 0000 102.8105 128
24.5037 0000 102.8126 107
24.5457 0000 102.8146 88
24.5774 0000 102.7416 80
24.6103 0000 102.6784 72
24.6523 0000 102.6804 69
24.6993 0000 102.7187 71
24.7416 0000 102.7231 78
24.7819 0000 102.7131 80
24.8141 0000 102.6450 80
24.8544 0000 102.6349 87
24.8923 0000 102.6080 95
24.9377 0000 102.6341 87
24.9844 0000 102.6700 98
25.0233 0000 102.6503 91
25.0577 0000 102.5991 84
25.1004 0000 102.6060 88
25.1467 0000 102.6394 91
25.1818 0000 102.5931 91
25.2125 0000 102.5155 130
25.2547 0000 102.5199 168
25.2956 0000 102.5147 154
25.3372 0000 102.5143 100
25.3836 0000 102.5477 64
25.4307 0000 102.5859 61
25.4681 0000 102.5566 68
25.5104 0000 102.5610 82
25.5523 0000 102.5630 87
25.5928 0000 102.5554 83
25.6347 0000 102.5574 77
25.6864 0000 102.6270 75
25.7434 0000 102.7330 86
25.7906 0000 102.7713 107
25.8375 0000 102.8072 139
25.8851 0000 102.8480 156
25.9278 0000 102.8549 171
25.9687 0000 102.8496 186
26.0089 0000 102.8395 202
26.0498 0000 102.8343 203
26.0876 0000 102.8073 191
26.1292 0000 102.8069 171
26.1672 0000 102.7823 163
26.2085 0000 102.7794 143
26.2501 0000 102.7790 124
26.2920 0000 102.7811 117
26.3343 0000 102.7855 122
26.3759 0000 102.7851 123
26.4125 0000 102.7508 105
26.4537 0000 102.7480 107
26.4971 0000 102.7597 116
26.5384 0000 102.7569 108
26.5785 0000 102.7468 102
26.6306 0000 102.8166 112
26.6831 0000 102.8889 132
26.7309 0000 102.9297 177
26.7780 0000 102.9657 221
26.8207 0000 102.9725 255
