wt=153214847, DLLFiFo=0
-22.6725 0000 72.4770 308
-22.6371 0000 72.4731 298
-22.6022 0000 72.4725 280
-22.5676 0000 72.4736 268
-22.5330 0000 72.4746 247
-22.4953 0000 72.4558 209
-22.4597 0000 72.4502 195
-22.4248 0000 72.4496 187
-22.3899 0000 72.4491 180
-22.3538 0000 72.4402 202
-22.3159 0000 72.4197 266
-22.2806 0000 72.4157 314
-22.2459 0000 72.4168 346
-22.2135 0000 72.4329 320
-22.1801 0000 72.4423 295
-22.1487 0000 72.4650 293
-22.1150 0000 72.4727 260
-22.0802 0000 72.4721 218
-22.0450 0000 72.4699 186
-22.0099 0000 72.4676 155
-21.9745 0000 72.4637 125
-21.9396 0000 72.4631 109
-21.9086 0000 72.4892 109
-21.8766 0000 72.5086 119
-21.8354 0000 72.4647 147
-21.7974 0000 72.4425 164
-21.7622 0000 72.4403 173
-21.7274 0000 72.4397 178
-21.6915 0000 72.4325 196
-21.6525 0000 72.4036 206
-21.6136 0000 72.3748 225
-21.5727 0000 72.3326 239
-21.5360 0000 72.3188 266
-21.4952 0000 72.2767 328
-21.4603 0000 72.2761 414
-21.4273 0000 72.2888 492
-21.3927 0000 72.2898 476
-21.3581 0000 72.2909 430
-21.3237 0000 72.2936 365
-21.2921 0000 72.3163 283
-21.2641 0000 72.3639 242
-21.2297 0000 72.3667 230
-21.1918 0000 72.3445 266
-21.1557 0000 72.3356 291
-21.1201 0000 72.3300 306
-21.0832 0000 72.3144 298
-21.0457 0000 72.2956 324
-21.0106 0000 72.2933 329
-20.9783 0000 72.3110 298
-20.9467 0000 72.3337 301
-20.9146 0000 72.3530 283
-20.8769 0000 72.3325 256
-20.8388 0000 72.3086 236
-20.8039 0000 72.3080 210
-20.7693 0000 72.3091 195
-20.7319 0000 72.2902 189
-20.6968 0000 72.2879 188
-20.6612 0000 72.2823 207
-20.6259 0000 72.2784 235
-20.5910 0000 72.2778 243
-20.5566 0000 72.2805 229
-20.5246 0000 72.3016 208
-20.4904 0000 72.3059 239
-20.4580 0000 72.3236 288
-20.4234 0000 72.3247 307
-20.3885 0000 72.3241 295
-20.3511 0000 72.3052 300
-20.3164 0000 72.3062 280
-20.2840 0000 72.3239 279
-20.2493 0000 72.3250 272
-20.2146 0000 72.3261 268
-20.1802 0000 72.3288 257
-20.1453 0000 72.3282 232
-20.1101 0000 72.3259 206
-20.0752 0000 72.3253 177
-20.0374 0000 72.3030 149
-20.0189 0000 72.4257 119
-19.9886 0000 72.4600 114
-19.9571 0000 72.4861 118
-19.9187 0000 72.4588 123
-19.8831 0000 72.4532 128
-19.8398 0000 72.3893 149
-19.7948 0000 72.3121 225
-19.7590 0000 72.3048 311
-19.7215 0000 72.2842 345
-19.6842 0000 72.2653 389
-19.6497 0000 72.2680 366
-19.6172 0000 72.2857 297
-19.5808 0000 72.2734 264
-19.5454 0000 72.2695 233
-19.5094 0000 72.2606 223
-19.4687 0000 72.2151 218
-19.4302 0000 72.1862 203
-19.3919 0000 72.1590 210
-19.3561 0000 72.1517 208
-19.3214 0000 72.1528 207
-19.2872 0000 72.1571 199
-19.2555 0000 72.1814 195
-19.2239 0000 72.2074 175
-19.1922 0000 72.2317 171
-19.1609 0000 72.2594 162
-19.1270 0000 72.2671 177
-19.0971 0000 72.3064 205
-19.0592 0000 72.2825 210
-19.0211 0000 72.2569 222
-18.9854 0000 72.2497 218
-18.9475 0000 72.2258 219
-18.9119 0000 72.2202 242
-18.8745 0000 72.1996 268
-18.8392 0000 72.1957 259
-18.8045 0000 72.1967 235
-18.7693 0000 72.1944 223
-18.7344 0000 72.1938 226
-18.6995 0000 72.1932 234
-18.6643 0000 72.1910 242
-18.6271 0000 72.1721 241
-18.5924 0000 72.1731 271
-18.5599 0000 72.1924 359
-18.5256 0000 72.1968 459
-18.4931 0000 72.2162 469
-18.4586 0000 72.2189 437
-18.4246 0000 72.2266 386
-18.3953 0000 72.2726 365
-18.3640 0000 72.3019 405
-18.3315 0000 72.3213 365
-18.2985 0000 72.3374 349
-18.2645 0000 72.3451 323
-18.2302 0000 72.3495 300
-18.1952 0000 72.3489 239
-18.1604 0000 72.3500 169
-18.1254 0000 72.3494 119
-18.0890 0000 72.3371 95
-18.0442 0000 72.2549 126
-18.0061 0000 72.2277 182
-17.9703 0000 72.2205 237
-17.9314 0000 72.1866 258
-17.8931 0000 72.1577 231
-17.8534 0000 72.1173 220
-17.8186 0000 72.1184 228
-17.7862 0000 72.1394 263
-17.7532 0000 72.1554 267
-17.7181 0000 72.1531 281
-17.6829 0000 72.1509 272
-17.6479 0000 72.1503 242
-17.6102 0000 72.1265 205
-17.5743 0000 72.1176 181
-17.5393 0000 72.1170 159
-17.5082 0000 72.1496 142
-17.4773 0000 72.1840 148
-17.4458 0000 72.2133 169
-17.4106 0000 72.2111 184
-17.3752 0000 72.2072 181
-17.3393 0000 72.1983 167
-17.2989 0000 72.1511 159
-17.2607 0000 72.1223 164
-17.2240 0000 72.1068 162
-17.1857 0000 72.0763 167
-17.1484 0000 72.0558 151
-17.1140 0000 72.0602 154
-17.0798 0000 72.0663 178
-17.0450 0000 72.0674 225
-17.0099 0000 72.0652 259
-16.9749 0000 72.0646 266
-16.9373 0000 72.0408 260
-16.9009 0000 72.0270 266
-16.8618 0000 71.9899 266
-16.8267 0000 71.9877 264
-16.7936 0000 72.0037 248
-16.7614 0000 72.0280 196
-16.7371 0000 72.1238 189
-16.7103 0000 72.1981 228
-16.6748 0000 72.1925 254
-16.6392 0000 72.1870 279
-16.6035 0000 72.1798 302
-16.5681 0000 72.1759 291
-16.5333 0000 72.1770 258
-16.4979 0000 72.1731 240
-16.4587 0000 72.1343 238
-16.4235 0000 72.1321 229
-16.3910 0000 72.1548 207
-16.3585 0000 72.1776 180
-16.3185 0000 72.1305 195
-16.2819 0000 72.1150 220
-16.2422 0000 72.0712 242
-16.2092 0000 72.0890 262
-16.1744 0000 72.0901 289
-16.1397 0000 72.0929 294
-16.1049 0000 72.0940 281
-16.0693 0000 72.0885 258
-16.0338 0000 72.0829 229
-15.9967 0000 72.0625 206
-15.9573 0000 72.0204 201
-15.9167 0000 71.9668 212
-15.8783 0000 71.9331 234
-15.8405 0000 71.9060 229
-15.8033 0000 71.8840 222
-15.7676 0000 71.8768 214
-15.7325 0000 71.8746 202
-15.6984 0000 71.8824 186
-15.6719 0000 71.9631 170
-15.6480 0000 72.0704 177
-15.6146 0000 72.0849 226
-15.5772 0000 72.0611 261
-15.5411 0000 72.0506 320
-15.5056 0000 72.0451 361
-15.4689 0000 72.0280 388
-15.4325 0000 72.0142 349
-15.3999 0000 72.0369 308
-15.3681 0000 72.0679 286
-15.3380 0000 72.1156 260
-15.3036 0000 72.1218 244
-15.2708 0000 72.1429 238
-15.2359 0000 72.1440 224
-15.2009 0000 72.1435 219
-15.1682 0000 72.1663 207
-15.1336 0000 72.1708 204
-15.0911 0000 72.0954 203
-15.0528 0000 72.0617 222
-15.0153 0000 72.0362 212
-14.9775 0000 72.0075 212
-14.9400 0000 71.9821 221
-14.9049 0000 71.9799 220
-14.8718 0000 71.9993 231
-14.8370 0000 72.0005 235
-14.8046 0000 72.0266 218
-14.7725 0000 72.0559 197
-14.7423 0000 72.1053 189
-14.7078 0000 72.1098 194
-14.6726 0000 72.1076 215
-14.6370 0000 72.1021 236
-14.6020 0000 72.1016 233
-14.5676 0000 72.1078 226
-14.5345 0000 72.1272 276
-14.4995 0000 72.1267 325
-14.4624 0000 72.1046 319
-14.4269 0000 72.0991 321
-14.3918 0000 72.0986 312
-14.3563 0000 72.0931 268
-14.3197 0000 72.0760 229
-14.2864 0000 72.0938 179
-14.2490 0000 72.0683 181
-14.2089 0000 72.0130 236
-14.1720 0000 71.9926 312
-14.1371 0000 71.9937 388
-14.1027 0000 71.9999 437
-14.0685 0000 72.0077 449
-14.0336 0000 72.0088 409
-13.9980 0000 72.0017 366
-13.9638 0000 72.0095 374
-13.9287 0000 72.0090 364
-13.8942 0000 72.0135 342
-13.8608 0000 72.0312 292
-13.8242 0000 72.0125 255
-13.7869 0000 71.9871 254
-13.7516 0000 71.9832 258
-13.7167 0000 71.9844 254
-13.6820 0000 71.9872 240
-13.6470 0000 71.9867 235
-13.6112 0000 71.9779 248
-13.5737 0000 71.9492 295
-13.5362 0000 71.9205 318
-13.4991 0000 71.8967 368
-13.4625 0000 71.8780 334
-13.4274 0000 71.8758 300
-13.3939 0000 71.8919 282
-13.3593 0000 71.8963 245
-13.3226 0000 71.8759 205
-13.2870 0000 71.8688 202
-13.2499 0000 71.8434 213
-13.2149 0000 71.8429 231
-13.1803 0000 71.8474 245
-13.1457 0000 71.8502 248
-13.1107 0000 71.8496 230
-13.0757 0000 71.8491 205
-13.0423 0000 71.8668 188
-13.0069 0000 71.8613 167
-12.9680 0000 71.8144 153
-12.9286 0000 71.7626 169
-12.8917 0000 71.7389 187
-12.8565 0000 71.7351 197
-12.8214 0000 71.7329 183
-12.7863 0000 71.7307 174
-12.7532 0000 71.7517 177
-12.7203 0000 71.7760 190
-12.6837 0000 71.7556 206
-12.6487 0000 71.7551 191
-12.6117 0000 71.7297 165
-12.5743 0000 71.6994 177
-12.5373 0000 71.6741 208
-12.5010 0000 71.6570 267
-12.4660 0000 71.6549 289
-12.4305 0000 71.6477 275
-12.3952 0000 71.6422 246
-12.3589 0000 71.6252 220
-12.3236 0000 71.6197 187
-12.2879 0000 71.6093 210
-12.2500 0000 71.5724 283
-12.2130 0000 71.5454 331
-12.1773 0000 71.5350 367
-12.1421 0000 71.5312 365
-12.1070 0000 71.5274 359
-12.0719 0000 71.5252 369
-12.0368 0000 71.5213 385
-11.9990 0000 71.4845 403
-11.9622 0000 71.4593 392
-11.9256 0000 71.4373 408
-11.8906 0000 71.4351 380
-11.8555 0000 71.4313 341
-11.8204 0000 71.4275 322
-11.7855 0000 71.4269 321
-11.7506 0000 71.4264 329
-11.7155 0000 71.4226 342
-11.6805 0000 71.4204 350
-11.6458 0000 71.4215 354
-11.6111 0000 71.4226 349
-11.5764 0000 71.4254 335
-11.5431 0000 71.4447 350
-11.5086 0000 71.4491 349
-11.4723 0000 71.4304 335
-11.4370 0000 71.4233 348
-11.4017 0000 71.4178 343
-11.3688 0000 71.4437 314
-11.3358 0000 71.4679 322
-11.3013 0000 71.4723 327
-11.2664 0000 71.4718 341
-11.2314 0000 71.4696 369
-11.1978 0000 71.4856 390
-11.1630 0000 71.4867 418
-11.1284 0000 71.4895 431
-11.0933 0000 71.4873 439
-11.0585 0000 71.4868 432
-11.0226 0000 71.4731 414
-10.9882 0000 71.4792 354
-10.9564 0000 71.5216 297
-10.9238 0000 71.5524 296
-10.8894 0000 71.5601 319
-10.8570 0000 71.5943 327
-10.8224 0000 71.5988 316
-10.7893 0000 71.6230 296
-10.7550 0000 71.6325 295
-10.7201 0000 71.6319 290
-10.6847 0000 71.6248 302
-10.6497 0000 71.6227 301
-10.6150 0000 71.6255 255
-10.5829 0000 71.6663 195
-10.5491 0000 71.6823 156
-10.5194 0000 71.7580 144
-10.4862 0000 71.7840 148
-10.4526 0000 71.8034 145
-10.4179 0000 71.8062 143
-10.3817 0000 71.7875 125
-10.3451 0000 71.7638 123
-10.3083 0000 71.7351 128
-10.2728 0000 71.7264 142
-10.2361 0000 71.6994 149
-10.1998 0000 71.6790 172
-10.1664 0000 71.7017 213
-10.1315 0000 71.7029 247
-10.0963 0000 71.6974 256
-10.0599 0000 71.6754 240
-10.0243 0000 71.6650 235
-9.9883 0000 71.6480 220
-9.9545 0000 71.6657 183
-9.9214 0000 71.6933 200
-9.8869 0000 71.6995 193
-9.8518 0000 71.6973 170
-9.8153 0000 71.6720 154
-9.7801 0000 71.6683 157
-9.7449 0000 71.6628 157
-9.7087 0000 71.6425 162
-9.6737 0000 71.6420 150
-9.6398 0000 71.6581 132
-9.6049 0000 71.6576 105
-9.5783 0000 71.7929 105
-9.5433 0000 71.7925 142
-9.5081 0000 71.7887 178
-9.4719 0000 71.7683 181
-9.4366 0000 71.7629 181
-9.4004 0000 71.7409 198
-9.3652 0000 71.7371 217
-9.3301 0000 71.7350 226
-9.2951 0000 71.7329 230
-9.2585 0000 71.7059 241
-9.2229 0000 71.6938 277
-9.1858 0000 71.6570 293
-9.1507 0000 71.6532 278
-9.1144 0000 71.6296 247
-9.0795 0000 71.6308 241
-9.0471 0000 71.6750 250
-9.0125 0000 71.6795 266
-8.9776 0000 71.6807 291
-8.9426 0000 71.6786 323
-8.9076 0000 71.6782 339
-8.8717 0000 71.6612 328
-8.8378 0000 71.6789 342
-8.8028 0000 71.6785 348
-8.7681 0000 71.6813 349
-8.7343 0000 71.7024 365
-8.6995 0000 71.7053 370
-8.6657 0000 71.7264 358
-8.6309 0000 71.7292 357
-8.5971 0000 71.7503 377
-8.5626 0000 71.7582 362
-8.5291 0000 71.7843 310
-8.4957 0000 71.8137 308
-8.4608 0000 71.8165 299
-8.4259 0000 71.8178 278
-8.3919 0000 71.8356 277
-8.3580 0000 71.8567 240
-8.3234 0000 71.8629 210
-8.2897 0000 71.8874 195
-8.2549 0000 71.8919 185
-8.2209 0000 71.9114 173
-8.1870 0000 71.9326 173
-8.1520 0000 71.9322 166
-8.1172 0000 71.9351 164
-8.0821 0000 71.9347 154
-8.0469 0000 71.9309 138
-8.0106 0000 71.9039 134
-7.9755 0000 71.9018 142
-7.9420 0000 71.9330 162
-7.9073 0000 71.9375 187
-7.8724 0000 71.9404 199
-7.8393 0000 71.9799 203
-7.8045 0000 71.9845 197
-7.7696 0000 71.9857 196
-7.7345 0000 71.9853 206
-7.6994 0000 71.9832 199
-7.6655 0000 72.0061 177
-7.6328 0000 72.0556 175
-7.5990 0000 72.0818 179
-7.5642 0000 72.0864 178
-7.5303 0000 72.1109 183
-7.4955 0000 72.1172 184
-7.4616 0000 72.1418 180
-7.4265 0000 72.1414 170
-7.3925 0000 72.1643 168
-7.3587 0000 72.1922 213
-7.3245 0000 72.2118 277
-7.2886 0000 72.1931 363
-7.2527 0000 72.1743 339
-7.2174 0000 72.1689 299
-7.1821 0000 72.1635 257
-7.1468 0000 72.1598 227
-7.1117 0000 72.1594 215
-7.0768 0000 72.1623 212
-7.0418 0000 72.1652 214
-7.0077 0000 72.1865 195
-6.9735 0000 72.2078 178
-6.9397 0000 72.2374 154
-6.9079 0000 72.3138 160
-6.8751 0000 72.3685 166
-6.8419 0000 72.4150 169
-6.8071 0000 72.4229 167
-6.7729 0000 72.4459 162
-6.7359 0000 72.4004 176
-6.7004 0000 72.3916 199
-6.6649 0000 72.3829 226
-6.6280 0000 72.3407 261
-6.5928 0000 72.3370 292
-6.5575 0000 72.3349 303
-6.5209 0000 72.2961 318
-6.4856 0000 72.2924 341
-6.4503 0000 72.2870 353
-6.4144 0000 72.2666 384
-6.3790 0000 72.2612 393
-6.3438 0000 72.2574 357
-6.3087 0000 72.2587 287
-6.2738 0000 72.2633 221
-6.2402 0000 72.3047 183
-6.2062 0000 72.3327 166
-6.1720 0000 72.3574 179
-6.1369 0000 72.3587 190
-6.1010 0000 72.3399 192
-6.0658 0000 72.3379 196
-6.0306 0000 72.3358 198
-5.9956 0000 72.3388 205
-5.9613 0000 72.3618 233
-5.9262 0000 72.3648 288
-5.8911 0000 72.3644 350
-5.8559 0000 72.3640 376
-5.8207 0000 72.3637 380
-5.7855 0000 72.3599 378
-5.7502 0000 72.3562 385
-5.7148 0000 72.3492 396
-5.6794 0000 72.3438 405
-5.6438 0000 72.3284 407
-5.6095 0000 72.3531 436
-5.5751 0000 72.3761 416
-5.5400 0000 72.3791 428
-5.5050 0000 72.3821 424
-5.4698 0000 72.3817 384
-5.4352 0000 72.3981 365
-5.4010 0000 72.4295 347
-5.3668 0000 72.4609 389
-5.3317 0000 72.4606 436
-5.2961 0000 72.4485 492
-5.2600 0000 72.4214 568
-5.2243 0000 72.4043 521
-5.1890 0000 72.3989 445
-5.1539 0000 72.4019 333
-5.1190 0000 72.4116 244
-5.0853 0000 72.4581 200
-5.0501 0000 72.4577 183
-5.0147 0000 72.4523 178
-4.9796 0000 72.4537 179
-4.9451 0000 72.4767 178
-4.9100 0000 72.4814 198
-4.8749 0000 72.4861 227
-4.8397 0000 72.4857 240
-4.8044 0000 72.4820 237
-4.7687 0000 72.4633 237
-4.7335 0000 72.4629 221
-4.6988 0000 72.4793 209
-4.6635 0000 72.4756 233
-4.6282 0000 72.4753 276
-4.5932 0000 72.4799 321
-4.5580 0000 72.4829 338
-4.5239 0000 72.5228 316
-4.4889 0000 72.5292 295
-4.4537 0000 72.5305 285
-4.4182 0000 72.5218 261
-4.3817 0000 72.4695 247
-4.3451 0000 72.4156 306
-4.3094 0000 72.3951 290
-4.2743 0000 72.3981 247
-4.2392 0000 72.4028 201
-4.2040 0000 72.4008 169
-4.1687 0000 72.3971 139
-4.1335 0000 72.3968 113
-4.0978 0000 72.3747 91
-4.0629 0000 72.3894 70
-4.0272 0000 72.3656 59
-3.9914 0000 72.3402 53
0.0000 0000 0.0000 0
-3.9065 0000 71.7017 47
-3.8697 0000 71.6235 55
-3.8339 0000 71.5917 75
-3.7983 0000 71.5649 94
-3.7632 0000 71.5596 117
-3.7282 0000 71.5609 141
-3.6933 0000 71.5638 164
-3.6583 0000 71.5635 179
-3.6232 0000 71.5582 186
-3.5877 0000 71.5331 188
-3.5518 0000 71.4881 205
-3.5165 0000 71.4745 217
-3.4810 0000 71.4494 234
-3.4457 0000 71.4292 214
-3.4106 0000 71.4256 193
-3.3757 0000 71.4253 177
-3.3403 0000 71.4018 175
-3.3043 0000 71.3487 192
-3.2697 0000 71.3682 208
-3.2348 0000 71.3711 216
-3.1999 0000 71.3708 226
-3.1644 0000 71.3391 235
-3.1289 0000 71.3091 245
-3.0931 0000 71.2594 247
-3.0577 0000 71.2343 257
-3.0225 0000 71.2159 272
-2.9875 0000 71.2123 278
-2.9526 0000 71.2103 269
-2.9178 0000 71.2149 245
-2.8829 0000 71.2179 228
-2.8480 0000 71.2160 214
-2.8127 0000 71.1926 198
-2.7778 0000 71.1923 180
-2.7433 0000 71.2167 171
-2.7087 0000 71.2427 167
-2.6741 0000 71.2655 168
-2.6399 0000 71.3162 168
-2.6054 0000 71.3440 167
-2.5708 0000 71.3668 179
-2.5359 0000 71.3697 188
-2.5010 0000 71.3727 191
-2.4663 0000 71.3972 187
-2.4317 0000 71.4233 194
-2.3967 0000 71.4197 200
-2.3614 0000 71.3930 205
-2.3264 0000 71.3894 209
-2.2915 0000 71.3874 207
-2.2562 0000 71.3623 215
-2.2213 0000 71.3604 223
-2.1861 0000 71.3370 210
-2.1508 0000 71.2988 215
-2.1155 0000 71.2705 232
-2.0807 0000 71.2768 211
-2.0459 0000 71.2863 177
-2.0110 0000 71.2910 161
-1.9763 0000 71.3105 164
-1.9413 0000 71.3069 151
-1.9060 0000 71.2621 134
-1.8708 0000 71.2338 130
-1.8357 0000 71.2022 151
-1.8006 0000 71.1773 145
-1.7657 0000 71.1786 129
-1.7310 0000 71.2046 124
-1.6961 0000 71.2044 127
-1.6612 0000 71.2008 134
-1.6263 0000 71.1988 141
-1.5914 0000 71.1969 142
-1.5562 0000 71.1571 144
-1.5213 0000 71.1503 159
-1.4863 0000 71.1237 181
-1.4513 0000 71.0955 212
-1.4163 0000 71.0722 266
-1.3813 0000 71.0489 278
-1.3464 0000 71.0339 294
-1.3113 0000 70.9876 297
-1.2764 0000 70.9595 287
-1.2415 0000 70.9395 311
-1.2067 0000 70.9425 320
-1.1719 0000 70.9603 305
-1.1371 0000 70.9764 293
-1.1023 0000 70.9843 244
-1.0676 0000 71.0152 200
-1.0328 0000 71.0445 185
-0.9980 0000 71.0508 164
-0.9632 0000 71.0900 157
-0.9284 0000 71.0930 164
-0.8935 0000 71.0943 176
-0.8587 0000 71.0957 176
-0.8238 0000 71.1004 170
-0.7890 0000 71.1182 170
-0.7542 0000 71.1163 144
-0.7193 0000 71.0897 115
-0.6844 0000 71.0681 94
-0.6496 0000 71.0695 83
-0.6147 0000 71.0675 87
-0.5799 0000 71.1116 95
-0.5450 0000 71.1196 122
-0.5101 0000 71.1390 144
-0.4753 0000 71.1388 169
-0.4404 0000 71.1171 204
-0.4056 0000 71.0939 212
-0.3709 0000 71.0493 217
-0.3361 0000 71.0375 214
-0.3013 0000 71.0143 205
-0.2665 0000 70.9894 165
-0.2318 0000 70.9629 145
-0.1972 0000 70.9102 135
-0.1625 0000 70.8723 142
-0.1279 0000 70.8197 148
-0.0932 0000 70.7949 153
-0.0585 0000 70.7913 156
-0.0238 0000 70.7682 162
0.0108 0000 70.7418 182
0.0454 0000 70.7154 195
0.0799 0000 70.6694 232
0.1147 0000 70.6642 277
0.1494 0000 70.6623 294
0.1840 0000 70.6392 307
0.2186 0000 70.6194 294
0.2533 0000 70.6175 282
0.2880 0000 70.6140 266
0.3227 0000 70.6105 258
0.3575 0000 70.6102 248
0.3922 0000 70.6067 238
0.4267 0000 70.5820 227
0.4612 0000 70.5540 244
0.4957 0000 70.5277 270
0.5302 0000 70.4997 325
0.5648 0000 70.4978 347
0.5996 0000 70.5025 341
0.6343 0000 70.5038 336
0.6690 0000 70.5036 336
0.7037 0000 70.5066 318
0.7385 0000 70.5112 280
0.7736 0000 70.5533 249
0.8086 0000 70.5775 261
0.8433 0000 70.5805 289
0.8780 0000 70.5786 317
0.9126 0000 70.5637 334
0.9473 0000 70.5634 370
0.9822 0000 70.5762 415
1.0169 0000 70.5760 421
1.0517 0000 70.5790 409
1.0867 0000 70.6015 375
1.1215 0000 70.6111 370
1.1562 0000 70.6108 337
1.1910 0000 70.6105 279
1.2259 0000 70.6266 244
1.2606 0000 70.6263 228
1.2954 0000 70.6245 241
1.3299 0000 70.6079 249
1.3645 0000 70.6027 274
1.3991 0000 70.5959 287
1.4335 0000 70.5728 275
1.4682 0000 70.5693 266
1.5027 0000 70.5527 262
1.5377 0000 70.5737 236
1.5728 0000 70.5946 226
1.6075 0000 70.5960 215
1.6423 0000 70.5957 211
1.6770 0000 70.5971 199
1.7117 0000 70.5968 187
1.7461 0000 70.5754 201
1.7804 0000 70.5523 209
1.8151 0000 70.5471 223
1.8497 0000 70.5436 234
1.8841 0000 70.5205 229
1.9183 0000 70.4909 234
1.9524 0000 70.4613 228
1.9862 0000 70.4073 247
2.0204 0000 70.3859 239
2.0552 0000 70.3873 252
2.0898 0000 70.3870 280
2.1245 0000 70.3835 306
2.1584 0000 70.3442 310
2.1930 0000 70.3407 301
2.2277 0000 70.3404 308
2.2623 0000 70.3402 323
2.2970 0000 70.3415 315
2.3317 0000 70.3413 292
2.3663 0000 70.3378 278
2.4009 0000 70.3343 269
2.4351 0000 70.3112 248
2.4697 0000 70.3077 231
2.5033 0000 70.2571 219
2.5373 0000 70.2292 215
2.5719 0000 70.2257 212
2.6066 0000 70.2271 217
2.6417 0000 70.2512 221
2.6758 0000 70.2266 250
2.7099 0000 70.2019 271
2.7444 0000 70.1968 283
2.7790 0000 70.1949 272
2.8132 0000 70.1752 257
2.8478 0000 70.1733 268
2.8824 0000 70.1731 273
2.9171 0000 70.1744 263
2.9523 0000 70.1969 259
2.9869 0000 70.1967 254
3.0209 0000 70.1688 271
3.0548 0000 70.1426 296
3.0895 0000 70.1423 307
3.1241 0000 70.1437 318
3.1588 0000 70.1467 330
3.1935 0000 70.1465 333
3.2281 0000 70.1478 325
3.2628 0000 70.1508 307
3.2986 0000 70.1944 289
3.3334 0000 70.1974 283
3.3680 0000 70.1972 306
3.4020 0000 70.1726 333
3.4364 0000 70.1658 367
3.4704 0000 70.1445 369
3.5044 0000 70.1199 382
3.5388 0000 70.1148 381
3.5735 0000 70.1146 370
3.6081 0000 70.1160 339
3.6429 0000 70.1206 301
3.6783 0000 70.1463 277
3.7130 0000 70.1509 256
3.7483 0000 70.1734 240
3.7830 0000 70.1748 232
3.8169 0000 70.1502 231
3.8507 0000 70.1240 227
3.8853 0000 70.1238 241
3.9205 0000 70.1430 282
3.9551 0000 70.1412 303
3.9896 0000 70.1361 294
4.0242 0000 70.1375 266
4.0592 0000 70.1470 239
4.0952 0000 70.1890 236
4.1299 0000 70.1920 240
4.1645 0000 70.1918 241
4.1992 0000 70.1916 238
4.2337 0000 70.1897 237
4.2682 0000 70.1846 233
4.3021 0000 70.1649 207
4.3367 0000 70.1615 192
4.3706 0000 70.1418 189
4.4053 0000 70.1432 177
4.4399 0000 70.1446 167
4.4745 0000 70.1428 167
4.5090 0000 70.1393 173
4.5436 0000 70.1391 179
4.5781 0000 70.1357 180
4.6120 0000 70.1160 166
4.6467 0000 70.1190 167
4.6814 0000 70.1205 183
4.7158 0000 70.1154 206
4.7502 0000 70.1103 220
4.7846 0000 70.1053 212
4.8184 0000 70.0840 203
4.8530 0000 70.0822 197
4.8877 0000 70.0852 196
4.9233 0000 70.1110 187
4.9579 0000 70.1124 188
4.9926 0000 70.1139 198
5.0274 0000 70.1185 216
5.0627 0000 70.1362 254
5.0972 0000 70.1344 285
5.1318 0000 70.1342 308
5.1664 0000 70.1340 306
5.2010 0000 70.1339 274
5.2357 0000 70.1353 233
5.2702 0000 70.1335 205
5.3046 0000 70.1285 190
5.3374 0000 70.0845 186
5.3720 0000 70.0844 192
5.4077 0000 70.1102 200
5.4442 0000 70.1554 220
5.4792 0000 70.1650 238
5.5157 0000 70.2087 243
5.5506 0000 70.2150 238
5.5854 0000 70.2181 229
5.6199 0000 70.2163 220
5.6543 0000 70.2113 215
5.6887 0000 70.2063 224
5.7224 0000 70.1850 245
5.7569 0000 70.1833 234
5.7916 0000 70.1848 213
5.8272 0000 70.2073 191
5.8629 0000 70.2300 192
5.8988 0000 70.2574 184
5.9334 0000 70.2589 178
5.9669 0000 70.2328 178
6.0002 0000 70.2067 195
6.0348 0000 70.2049 231
6.0683 0000 70.1821 271
6.1028 0000 70.1803 319
6.1374 0000 70.1802 364
6.1722 0000 70.1833 390
6.2070 0000 70.1881 391
6.2438 0000 70.2335 385
6.2788 0000 70.2415 377
6.3137 0000 70.2479 358
6.3495 0000 70.2705 350
6.3843 0000 70.2736 317
6.4197 0000 70.2898 275
6.4543 0000 70.2897 216
6.4929 0000 70.3677 175
6.5355 0000 70.5240 170
6.5726 0000 70.5712 178
6.6085 0000 70.5940 187
6.6421 0000 70.5743 208
6.6756 0000 70.5513 250
6.7091 0000 70.5284 263
6.7435 0000 70.5218 292
6.7780 0000 70.5184 302
6.8116 0000 70.4988 266
6.8451 0000 70.4775 235
6.8796 0000 70.4741 199
6.9154 0000 70.4953 166
6.9487 0000 70.4691 150
6.9816 0000 70.4380 164
7.0148 0000 70.4119 199
7.0493 0000 70.4086 244
7.0839 0000 70.4069 280
7.1185 0000 70.4068 295
7.1532 0000 70.4083 277
7.1897 0000 70.4408 232
7.2302 0000 70.5451 212
7.2692 0000 70.6218 227
7.3052 0000 70.6462 243
7.3412 0000 70.6690 279
7.3762 0000 70.6739 298
7.4107 0000 70.6705 308
7.4442 0000 70.6492 282
7.4787 0000 70.6459 256
7.5133 0000 70.6442 221
7.5480 0000 70.6458 182
7.5857 0000 70.6964 148
7.6227 0000 70.7355 140
7.6598 0000 70.7764 145
7.6945 0000 70.7763 158
7.7293 0000 70.7763 174
7.7639 0000 70.7746 192
7.7984 0000 70.7713 213
7.8327 0000 70.7647 229
7.8664 0000 70.7482 258
7.9001 0000 70.7318 240
7.9343 0000 70.7236 221
7.9685 0000 70.7154 189
8.0020 0000 70.6957 176
8.0350 0000 70.6695 145
8.0666 0000 70.6205 126
8.0955 0000 70.5274 118
8.1248 0000 70.4426 119
8.1553 0000 70.3774 125
8.1856 0000 70.3091 139
8.2189 0000 70.2879 143
8.2531 0000 70.2830 147
8.2862 0000 70.2586 149
8.3202 0000 70.2504 146
8.3521 0000 70.2082 147
8.3837 0000 70.1627 152
8.4162 0000 70.1318 159
8.4486 0000 70.0994 187
8.4801 0000 70.0524 201
8.5137 0000 70.0377 207
8.5455 0000 69.9972 215
8.5795 0000 69.9891 234
8.6115 0000 69.9519 247
8.6455 0000 69.9437 255
8.6783 0000 69.9195 247
8.7109 0000 69.8903 267
8.7420 0000 69.8402 283
8.7744 0000 69.8095 295
8.8072 0000 69.7853 331
8.8414 0000 69.7820 332
8.8774 0000 69.8046 305
8.9124 0000 69.8127 294
8.9472 0000 69.8175 291
8.9815 0000 69.8159 295
9.0158 0000 69.8126 307
9.0501 0000 69.8110 315
9.0848 0000 69.8142 309
9.1194 0000 69.8174 291
9.1553 0000 69.8384 291
9.1913 0000 69.8594 277
9.2262 0000 69.8658 277
9.2617 0000 69.8804 289
9.2961 0000 69.8803 269
9.3305 0000 69.8787 246
9.3650 0000 69.8803 217
9.4018 0000 69.9126 165
9.4466 0000 70.0567 135
9.4890 0000 70.1669 135
9.5264 0000 70.2075 130
9.5640 0000 70.2497 119
9.5989 0000 70.2546 112
9.6336 0000 70.2562 102
9.6682 0000 70.2578 79
9.7025 0000 70.2545 60
9.7355 0000 70.2334 55
9.7700 0000 70.2334 57
9.8046 0000 70.2334 64
9.8391 0000 70.2334 75
9.8739 0000 70.2366 84
9.9098 0000 70.2561 85
9.9430 0000 70.2382 97
9.9770 0000 70.2301 110
10.0109 0000 70.2220 114
10.0423 0000 70.1814 110
10.0747 0000 70.1538 106
10.1052 0000 70.1003 125
10.1389 0000 70.0906 158
10.1705 0000 70.0517 191
10.2049 0000 70.0517 229
10.2393 0000 70.0501 252
10.2737 0000 70.0484 258
10.3083 0000 70.0501 251
10.3426 0000 70.0484 220
10.3767 0000 70.0436 177
10.4112 0000 70.0436 145
10.4441 0000 70.0241 143
10.4785 0000 70.0225 150
10.5112 0000 69.9999 157
10.5434 0000 69.9724 173
10.5759 0000 69.9465 206
10.6081 0000 69.9190 209
10.6384 0000 69.8673 219
10.6689 0000 69.8173 233
10.7011 0000 69.7898 244
10.7351 0000 69.7850 225
10.7681 0000 69.7673 197
10.8024 0000 69.7657 186
10.8366 0000 69.7641 178
10.8692 0000 69.7415 170
10.9012 0000 69.7125 163
10.9332 0000 69.6835 171
10.9635 0000 69.6336 176
10.9959 0000 69.6095 178
11.0306 0000 69.6143 172
11.0674 0000 69.6433 170
11.1050 0000 69.6819 182
11.1395 0000 69.6835 195
11.1741 0000 69.6868 195
11.2090 0000 69.6932 191
11.2470 0000 69.7367 186
11.2836 0000 69.7625 176
11.3204 0000 69.7915 180
11.3554 0000 69.7980 186
11.3911 0000 69.8141 213
11.4239 0000 69.7948 216
11.4577 0000 69.7883 222
11.4902 0000 69.7657 236
11.5240 0000 69.7593 224
11.5569 0000 69.7416 199
11.5911 0000 69.7400 187
11.6217 0000 69.6965 179
11.6533 0000 69.6643 176
11.6806 0000 69.5839 184
11.7109 0000 69.5373 209
11.7449 0000 69.5341 237
11.7770 0000 69.5084 262
11.8093 0000 69.4859 298
11.8432 0000 69.4811 311
11.8775 0000 69.4811 316
11.9118 0000 69.4811 294
11.9463 0000 69.4827 276
11.9824 0000 69.5036 281
12.0170 0000 69.5068 316
12.0513 0000 69.5068 358
12.0855 0000 69.5052 393
12.1200 0000 69.5068 411
12.1545 0000 69.5100 396
12.1870 0000 69.4891 362
12.2207 0000 69.4827 301
12.2545 0000 69.4779 267
12.2843 0000 69.4282 249
12.3144 0000 69.3833 230
12.3484 0000 69.3801 227
12.3821 0000 69.3737 245
12.4124 0000 69.3304 278
12.4465 0000 69.3288 306
12.4828 0000 69.3512 309
12.5174 0000 69.3544 314
12.5516 0000 69.3544 295
12.5859 0000 69.3544 266
12.6200 0000 69.3528 239
12.6539 0000 69.3496 203
12.6862 0000 69.3288 172
12.7205 0000 69.3287 151
12.7543 0000 69.3239 144
12.7882 0000 69.3207 142
12.8226 0000 69.3223 135
12.8568 0000 69.3223 131
12.8892 0000 69.3031 141
12.9238 0000 69.3062 144
12.9600 0000 69.3270 134
12.9941 0000 69.3254 122
13.0263 0000 69.3046 109
13.0604 0000 69.3029 93
13.0942 0000 69.2981 79
13.1261 0000 69.2741 70
13.1629 0000 69.3013 63
13.2020 0000 69.3508 55
13.2314 0000 69.3012 54
13.2606 0000 69.2500 58
13.2921 0000 69.2229 72
13.3237 0000 69.1957 88
13.3552 0000 69.1685 115
13.3849 0000 69.1238 153
13.4183 0000 69.1158 187
13.4501 0000 69.0919 216
13.4840 0000 69.0886 253
13.5180 0000 69.0870 279
13.5522 0000 69.0870 287
13.5865 0000 69.0886 271
13.6189 0000 69.0710 257
13.6531 0000 69.0710 223
13.6872 0000 69.0709 182
13.7212 0000 69.0693 148
13.7530 0000 69.0454 137
13.7821 0000 68.9960 134
13.8130 0000 68.9641 136
13.8442 0000 68.9355 142
13.8741 0000 68.8941 129
13.9075 0000 68.8877 113
13.9376 0000 68.8479 100
13.9715 0000 68.8463 100
14.0058 0000 68.8479 110
14.0419 0000 68.8669 114
14.0758 0000 68.8653 137
14.1094 0000 68.8605 169
14.1402 0000 68.8287 198
14.1738 0000 68.8239 222
14.2076 0000 68.8207 241
14.2392 0000 68.7969 248
14.2721 0000 68.7857 266
14.3037 0000 68.7619 292
14.3373 0000 68.7571 293
14.3696 0000 68.7412 269
14.4037 0000 68.7412 267
14.4380 0000 68.7428 267
14.4722 0000 68.7443 268
14.5059 0000 68.7411 267
14.5398 0000 68.7395 259
14.5739 0000 68.7395 252
14.6082 0000 68.7411 245
14.6424 0000 68.7426 241
14.6766 0000 68.7442 252
14.7104 0000 68.7410 271
14.7418 0000 68.7172 294
14.7752 0000 68.7108 310
14.8091 0000 68.7092 335
14.8430 0000 68.7076 341
14.8769 0000 68.7060 326
14.9107 0000 68.7044 309
14.9450 0000 68.7059 290
14.9792 0000 68.7075 277
15.0136 0000 68.7107 270
15.0457 0000 68.6932 244
15.0796 0000 68.6916 224
15.1136 0000 68.6916 203
15.1475 0000 68.6900 188
15.1815 0000 68.6900 183
15.2179 0000 68.7106 194
15.2519 0000 68.7106 212
15.2881 0000 68.7296 229
15.3221 0000 68.7296 259
15.3537 0000 68.7074 299
15.3856 0000 68.6883 300
15.4194 0000 68.6867 304
15.4533 0000 68.6851 310
15.4848 0000 68.6629 329
15.5183 0000 68.6582 344
15.5521 0000 68.6566 352
15.5869 0000 68.6629 354
15.6236 0000 68.6867 349
15.6605 0000 68.7121 341
15.6977 0000 68.7391 348
15.7328 0000 68.7486 338
15.7716 0000 68.7899 336
15.8082 0000 68.8121 373
15.8428 0000 68.8169 389
15.8774 0000 68.8217 381
15.9118 0000 68.8248 373
15.9492 0000 68.8535 382
15.9838 0000 68.8582 376
16.0186 0000 68.8646 359
16.0532 0000 68.8694 325
16.0871 0000 68.8678 269
16.1183 0000 68.8440 220
16.1518 0000 68.8393 213
16.1860 0000 68.8409 228
16.2199 0000 68.8393 248
16.2513 0000 68.8171 280
16.2849 0000 68.8139 300
16.3192 0000 68.8155 318
16.3536 0000 68.8188 333
16.3880 0000 68.8220 329
16.4268 0000 68.8617 323
16.4616 0000 68.8681 335
16.4962 0000 68.8729 363
16.5304 0000 68.8746 410
16.5640 0000 68.8714 464
16.5979 0000 68.8699 503
16.6319 0000 68.8699 522
16.6659 0000 68.8700 533
16.6998 0000 68.8684 535
16.7332 0000 68.8637 524
16.7664 0000 68.8574 520
16.7981 0000 68.8384 488
16.8319 0000 68.8368 462
16.8655 0000 68.8337 419
16.8970 0000 68.8131 390
16.9306 0000 68.8100 340
16.9652 0000 68.8148 287
17.0039 0000 68.8530 238
17.0387 0000 68.8595 204
17.0733 0000 68.8643 182
17.1079 0000 68.8691 159
17.1419 0000 68.8692 137
17.1755 0000 68.8661 126
17.2091 0000 68.8630 122
17.2429 0000 68.8615 113
17.2771 0000 68.8632 100
17.3115 0000 68.8664 95
17.3457 0000 68.8681 80
17.3801 0000 68.8714 67
0.0000 0000 0.0000 0
0.0000 0000 0.0000 0
0.0000 0000 0.0000 0
17.5059 0000 68.7923 54
17.5429 0000 68.8162 61
17.5769 0000 68.8163 64
17.6106 0000 68.8148 72
17.6446 0000 68.8149 84
17.6759 0000 68.7943 88
17.7090 0000 68.7881 95
17.7431 0000 68.7898 104
17.7804 0000 68.8153 104
17.8181 0000 68.8440 111
17.8547 0000 68.8648 115
17.8864 0000 68.8474 137
17.9203 0000 68.8476 156
17.9568 0000 68.8667 160
17.9918 0000 68.8748 163
18.0308 0000 68.9131 173
18.0652 0000 68.9164 198
18.0997 0000 68.9213 227
18.1318 0000 68.9071 243
18.1679 0000 68.9232 280
18.2016 0000 68.9217 331
18.2349 0000 68.9170 390
18.2685 0000 68.9140 419
18.3026 0000 68.9157 430
18.3364 0000 68.9143 443
18.3699 0000 68.9112 467
18.4017 0000 68.8954 530
18.4352 0000 68.8924 527
18.4674 0000 68.8798 479
18.5009 0000 68.8768 479
18.5344 0000 68.8737 452
18.5681 0000 68.8723 404
18.6020 0000 68.8724 363
18.6362 0000 68.8742 330
18.6699 0000 68.8727 309
18.7031 0000 68.8681 286
18.7366 0000 68.8651 264
18.7705 0000 68.8652 266
18.8046 0000 68.8669 286
18.8344 0000 68.8369 326
18.8678 0000 68.8339 362
18.9013 0000 68.8309 382
18.9349 0000 68.8294 414
18.9677 0000 68.8216 429
18.9965 0000 68.7853 412
19.0297 0000 68.7807 381
19.0634 0000 68.7792 345
19.0937 0000 68.7540 309
19.1262 0000 68.7447 305
19.1541 0000 68.7020 302
19.1868 0000 68.6942 297
19.2180 0000 68.6754 307
19.2491 0000 68.6565 275
19.2798 0000 68.6345 245
19.3123 0000 68.6252 203
19.3454 0000 68.6206 175
19.3763 0000 68.6002 159
19.4092 0000 68.5941 141
19.4425 0000 68.5911 137
19.4763 0000 68.5913 138
19.5098 0000 68.5899 140
19.5441 0000 68.5932 144
19.5815 0000 68.6187 143
19.6196 0000 68.6490 161
19.6566 0000 68.6713 182
19.6906 0000 68.6731 203
19.7242 0000 68.6717 217
19.7570 0000 68.6656 240
19.7906 0000 68.6642 267
19.8244 0000 68.6644 285
19.8582 0000 68.6645 281
19.8924 0000 68.6679 261
19.9239 0000 68.6522 241
19.9570 0000 68.6477 242
19.9898 0000 68.6415 249
20.0199 0000 68.6164 263
20.0485 0000 68.5818 270
20.0820 0000 68.5804 285
20.1153 0000 68.5775 280
20.1493 0000 68.5792 262
20.1832 0000 68.5810 250
20.2163 0000 68.5765 241
20.2531 0000 68.5972 227
20.2906 0000 68.6227 223
20.3286 0000 68.6514 216
20.3659 0000 68.6754 217
20.4039 0000 68.7041 198
20.4496 0000 68.7835 175
20.4988 0000 68.8868 165
20.5393 0000 68.9315 161
20.5770 0000 68.9571 155
20.6144 0000 68.9811 155
20.6484 0000 68.9829 154
20.6825 0000 68.9847 155
20.7171 0000 68.9897 148
20.7574 0000 69.0328 137
20.7953 0000 69.0601 128
20.8362 0000 69.1064 104
20.8826 0000 69.1895 83
20.9514 0000 69.4198 77
20.9970 0000 69.4969 84
21.0307 0000 69.4954 96
21.0649 0000 69.4972 108
21.0993 0000 69.5006 115
21.1335 0000 69.5024 120
21.1706 0000 69.5235 119
21.2075 0000 69.5429 126
21.2412 0000 69.5415 123
21.2751 0000 69.5417 108
21.3179 0000 69.5996 90
21.3590 0000 69.6464 81
21.4175 0000 69.8057 74
21.4478 0000 69.7818 54
21.5179 0000 70.0156 49
21.5520 0000 70.0158 53
21.5863 0000 70.0176 58
21.6274 0000 70.0630 59
21.6617 0000 70.0648 58
21.6962 0000 70.0682 57
21.7305 0000 70.0700 61
21.7643 0000 70.0686 66
