wt=153400884, DLLFiFo=0
-23.1056 0000 75.3319 236
-23.0700 0000 75.3313 211
-23.0375 0000 75.3515 165
-23.0037 0000 75.3630 132
-22.9681 0000 75.3624 104
-22.9278 0000 75.3306 85
-22.8832 0000 75.2695 72
-22.8386 0000 75.2083 69
-22.7994 0000 75.1835 74
-22.7682 0000 75.2123 74
-22.7359 0000 75.2342 82
-22.6906 0000 75.1679 83
-22.6453 0000 75.1017 82
-22.5925 0000 74.9838 74
-22.5478 0000 74.9211 78
-22.5067 0000 74.8826 74
-22.4682 0000 74.8614 64
-22.4241 0000 74.8022 61
-22.3792 0000 74.7380 61
-22.3427 0000 74.7305 61
-22.3032 0000 74.7024 59
-22.2602 0000 74.6503 56
-22.2183 0000 74.6051 64
-22.1783 0000 74.5736 73
-22.1384 0000 74.5421 90
-22.1012 0000 74.5295 86
-22.0633 0000 74.5118 66
-22.0253 0000 74.4941 56
-21.9924 0000 74.5106 46
-21.9540 0000 74.4894 36
0.0000 0000 0.0000 0
0.0000 0000 0.0000 0
-21.7455 0000 73.7764 32
-21.7059 0000 73.7453 41
-21.6624 0000 73.6871 54
-21.6226 0000 73.6543 69
-21.5869 0000 73.6503 83
-21.5492 0000 73.6328 85
-21.5133 0000 73.6271 86
-21.4757 0000 73.6096 83
-21.4400 0000 73.6056 68
-21.4043 0000 73.6017 54
-21.3624 0000 73.5537 45
-21.3232 0000 73.5244 43
-21.2842 0000 73.4967 42
-21.2490 0000 73.4961 42
-21.2138 0000 73.4956 42
-21.1786 0000 73.4950 40
-21.1397 0000 73.4674 39
-21.1083 0000 73.4938 37
-21.0771 0000 73.5220 38
-21.0299 0000 73.4352 42
-20.9898 0000 73.3992 58
-20.9542 0000 73.3952 73
-20.9172 0000 73.3811 73
-20.8820 0000 73.3805 75
-20.8464 0000 73.3766 74
-20.8032 0000 73.3169 65
-20.7563 0000 73.2304 66
-20.7039 0000 73.1036 84
-20.6601 0000 73.0392 111
-20.6177 0000 72.9849 129
-20.5742 0000 72.9222 150
-20.5385 0000 72.9166 162
-20.5034 0000 72.9160 164
-20.4679 0000 72.9120 156
-20.4295 0000 72.8863 134
-20.3936 0000 72.8790 106
-20.3576 0000 72.8717 82
-20.3226 0000 72.8711 69
-20.2909 0000 72.8956 74
-20.2530 0000 72.8732 79
-20.2148 0000 72.8492 84
-20.1791 0000 72.8435 80
-20.1441 0000 72.8429 84
-20.1097 0000 72.8474 102
-20.0753 0000 72.8518 120
-20.0483 0000 72.9115 129
-20.0207 0000 72.9680 167
-19.9888 0000 72.9909 242
-19.9548 0000 72.9987 266
-19.9160 0000 72.9695 282
-19.8809 0000 72.9689 281
-19.8456 0000 72.9666 295
-19.8099 0000 72.9610 318
-19.7728 0000 72.9453 291
-19.7397 0000 72.9598 245
-19.7049 0000 72.9608 221
-19.6735 0000 72.9888 227
-19.6426 0000 73.0201 252
-19.6105 0000 73.0430 238
-19.5773 0000 73.0575 230
-19.5418 0000 73.0535 202
-19.5022 0000 73.0177 179
-19.4662 0000 73.0103 155
-19.4277 0000 72.9828 145
-19.3894 0000 72.9570 130
-19.3543 0000 72.9564 129
-19.3194 0000 72.9575 134
-19.2841 0000 72.9552 144
-19.2484 0000 72.9496 161
-19.2095 0000 72.9187 177
-19.1681 0000 72.8678 200
-19.1266 0000 72.8169 214
-19.0859 0000 72.7711 216
-19.0498 0000 72.7621 198
-19.0120 0000 72.7397 173
-18.9740 0000 72.7157 134
-18.9430 0000 72.7469 125
-18.9137 0000 72.7931 115
-18.8820 0000 72.8193 113
-18.8497 0000 72.8405 100
-18.8167 0000 72.8567 111
-18.7787 0000 72.8326 118
-18.7419 0000 72.8186 134
-18.7015 0000 72.7744 150
-18.6637 0000 72.7520 150
-18.6258 0000 72.7280 159
-18.5899 0000 72.7207 157
-18.5526 0000 72.7017 138
-18.5069 0000 72.6141 137
-18.4578 0000 72.4982 188
-18.4185 0000 72.4625 257
-18.3835 0000 72.4619 357
-18.3499 0000 72.4730 456
-18.3151 0000 72.4741 518
-18.2803 0000 72.4752 488
-18.2463 0000 72.4829 430
-18.2141 0000 72.5057 370
-18.1800 0000 72.5134 262
-18.1470 0000 72.5295 182
-18.1128 0000 72.5356 153
-18.0807 0000 72.5601 147
-18.0431 0000 72.5378 157
-18.0071 0000 72.5288 182
-17.9694 0000 72.5065 194
-17.9342 0000 72.5042 197
-17.8992 0000 72.5037 183
-17.8669 0000 72.5264 160
-17.8346 0000 72.5492 158
-17.8025 0000 72.5737 155
-17.7678 0000 72.5765 157
-17.7355 0000 72.5993 171
-17.6983 0000 72.5803 173
-17.6630 0000 72.5781 177
-17.6281 0000 72.5792 179
-17.5932 0000 72.5803 180
-17.5578 0000 72.5763 175
-17.5221 0000 72.5708 173
-17.4840 0000 72.5434 174
-17.4458 0000 72.5161 185
-17.4104 0000 72.5122 196
-17.3732 0000 72.4933 232
-17.3379 0000 72.4910 255
-17.3052 0000 72.5105 245
-17.2707 0000 72.5149 236
-17.2360 0000 72.5177 221
-17.2058 0000 72.5606 209
-17.1742 0000 72.5901 202
-17.1396 0000 72.5946 204
-17.1042 0000 72.5907 203
-17.0721 0000 72.6169 180
-17.0404 0000 72.6464 173
-17.0054 0000 72.6476 166
-16.9701 0000 72.6453 164
-16.9350 0000 72.6448 171
-16.8995 0000 72.6409 188
-16.8640 0000 72.6370 213
-16.8265 0000 72.6146 227
-16.7908 0000 72.6091 243
-16.7561 0000 72.6119 240
-16.7267 0000 72.6632 218
-16.6951 0000 72.6945 211
-16.6601 0000 72.6956 222
-16.6250 0000 72.6951 236
-16.5921 0000 72.7146 230
-16.5577 0000 72.7208 227
-16.5278 0000 72.7689 210
-16.4983 0000 72.8203 191
-16.4639 0000 72.8265 181
-16.4292 0000 72.8310 171
-16.3993 0000 72.8792 162
-16.3697 0000 72.9307 160
-16.3376 0000 72.9588 164
-16.3053 0000 72.9852 158
-16.2757 0000 73.0368 157
-16.2458 0000 73.0868 166
-16.2108 0000 73.0880 193
-16.1753 0000 73.0857 234
-16.1397 0000 73.0818 278
-16.1047 0000 73.0830 296
-16.0698 0000 73.0858 277
-16.0345 0000 73.0853 267
-15.9981 0000 73.0730 293
-15.9584 0000 73.0303 305
-15.9251 0000 73.0483 272
-15.8957 0000 73.1034 250
-15.8673 0000 73.1687 237
-15.8378 0000 73.2238 221
-15.8078 0000 73.2740 204
-15.7779 0000 73.3258 199
-15.7479 0000 73.3761 199
-15.7162 0000 73.4111 186
-15.6851 0000 73.4512 188
-15.6553 0000 73.5049 172
-15.6206 0000 73.5111 131
-15.5974 0000 73.6294 114
-15.5664 0000 73.6713 99
-15.5315 0000 73.6759 87
-15.5006 0000 73.7195 84
-15.4705 0000 73.7717 89
-15.4409 0000 73.8291 137
-15.4069 0000 73.8422 225
-15.3718 0000 73.8450 290
-15.3365 0000 73.8462 305
-15.3025 0000 73.8593 299
-15.2672 0000 73.8605 241
-15.2297 0000 73.8396 198
-15.1938 0000 73.8339 202
-15.1583 0000 73.8334 203
-15.1224 0000 73.8278 193
-15.0892 0000 73.8494 170
-15.0598 0000 73.9102 155
-15.0317 0000 73.9847 139
-15.0030 0000 74.0542 157
-14.9681 0000 74.0588 155
-14.9362 0000 74.0958 144
-14.9006 0000 74.0936 129
-14.8651 0000 74.0931 133
-14.8299 0000 74.0960 155
-14.7961 0000 74.1125 177
-14.7592 0000 74.0983 206
-14.7264 0000 74.1252 226
-14.6930 0000 74.1469 240
-14.6558 0000 74.1292 220
-14.6223 0000 74.1492 160
-14.5923 0000 74.2069 118
-14.5650 0000 74.2937 100
-14.5392 0000 74.3960 99
-14.5090 0000 74.4521 102
-14.4781 0000 74.5014 102
-14.4429 0000 74.5061 101
-14.4081 0000 74.5141 101
-14.3765 0000 74.5566 102
-14.3412 0000 74.5595 105
-14.3056 0000 74.5590 110
-14.2700 0000 74.5585 111
-14.2320 0000 74.5322 108
-14.1934 0000 74.4990 113
-14.1551 0000 74.4693 122
-14.1170 0000 74.4413 133
-14.0816 0000 74.4425 137
-14.0464 0000 74.4471 112
-14.0137 0000 74.4775 91
-13.9807 0000 74.5062 91
-13.9494 0000 74.5539 95
-13.9158 0000 74.5757 100
-13.8781 0000 74.5511 115
-13.8423 0000 74.5489 128
-13.8068 0000 74.5501 130
-13.7692 0000 74.5272 145
-13.7343 0000 74.5353 179
-13.6972 0000 74.5176 234
-13.6611 0000 74.5119 283
-13.6249 0000 74.5045 299
-13.5876 0000 74.4851 278
-13.5522 0000 74.4863 252
-13.5212 0000 74.5391 209
-13.4922 0000 74.6143 165
-13.4680 0000 74.7447 145
-13.4347 0000 74.7718 121
-13.4014 0000 74.7989 121
-13.3699 0000 74.8468 136
-13.3352 0000 74.8584 153
-13.3029 0000 74.8976 165
-13.2656 0000 74.8781 176
-13.2277 0000 74.8517 166
-13.1902 0000 74.8304 165
-13.1570 0000 74.8593 180
-13.1211 0000 74.8571 192
-13.0851 0000 74.8531 201
-13.0492 0000 74.8492 207
-13.0132 0000 74.8452 212
-12.9757 0000 74.8240 206
-12.9397 0000 74.8200 205
-12.9053 0000 74.8351 194
-12.8742 0000 74.8899 141
-12.8498 0000 75.0260 128
-12.8221 0000 75.1243 140
-12.7879 0000 75.1429 160
-12.7536 0000 75.1597 168
-12.7184 0000 75.1662 186
-12.6827 0000 75.1674 187
-12.6451 0000 75.1444 176
-12.6091 0000 75.1404 157
-12.5776 0000 75.1937 148
-12.5484 0000 75.2748 144
-12.5130 0000 75.2795 144
-12.4790 0000 75.3016 143
-12.4436 0000 75.3064 130
-12.4096 0000 75.3285 111
-12.3752 0000 75.3471 116
-12.3382 0000 75.3310 139
-12.3040 0000 75.3513 139
-12.2691 0000 75.3630 135
-12.2357 0000 75.3939 140
-12.2021 0000 75.4212 138
-12.1692 0000 75.4591 158
-12.1335 0000 75.4603 182
-12.0975 0000 75.4581 184
-12.0616 0000 75.4576 180
-12.0260 0000 75.4606 187
-11.9902 0000 75.4601 203
-11.9521 0000 75.4300 223
-11.9156 0000 75.4208 269
-11.8789 0000 75.4098 284
-11.8435 0000 75.4146 287
-11.8078 0000 75.4158 276
-11.7731 0000 75.4310 273
-11.7375 0000 75.4340 241
-11.7024 0000 75.4440 199
-11.6689 0000 75.4748 172
-11.6360 0000 75.5144 160
-11.5999 0000 75.5105 178
-11.5631 0000 75.4978 211
-11.5278 0000 75.5043 263
-11.4918 0000 75.5020 287
-11.4551 0000 75.4911 272
-11.4159 0000 75.4435 223
-11.3776 0000 75.4100 165
-11.3413 0000 75.4025 122
-11.3050 0000 75.3968 84
-11.2293 0000 74.8396 109
-11.1937 0000 74.8408 140
-11.1591 0000 74.8559 153
-11.1235 0000 74.8571 161
-11.0882 0000 74.8618 157
-11.0539 0000 74.8821 154
-11.0209 0000 74.9197 137
-10.9891 0000 74.9763 162
-10.9540 0000 74.9845 190
-10.9193 0000 74.9996 191
-10.8823 0000 74.9800 212
-10.8457 0000 74.9674 228
-10.8067 0000 74.9202 239
-10.7702 0000 74.9076 234
-10.7343 0000 74.9054 195
-10.6977 0000 74.8911 164
-10.6617 0000 74.8871 139
-10.6241 0000 74.8590 121
-10.5864 0000 74.8291 122
-10.5473 0000 74.7786 114
-10.5096 0000 74.7470 98
-10.4655 0000 74.6206 89
-10.4227 0000 74.5134 117
-10.3839 0000 74.4647 157
-10.3468 0000 74.4419 204
-10.3101 0000 74.4242 219
-10.2733 0000 74.4066 247
-10.2360 0000 74.3803 197
-10.1952 0000 74.2991 148
-10.1538 0000 74.2095 145
-10.1120 0000 74.1114 190
-10.0765 0000 74.1126 231
-10.0401 0000 74.0984 234
-10.0042 0000 74.0928 215
-9.9680 0000 74.0821 183
-9.9323 0000 74.0782 158
-9.8939 0000 74.0332 133
-9.8600 0000 74.0584 119
-9.8246 0000 74.0596 111
-9.7890 0000 74.0574 115
-9.7532 0000 74.0535 119
-9.7176 0000 74.0514 119
-9.6817 0000 74.0458 121
-9.6446 0000 74.0196 124
-9.6078 0000 73.9986 112
-9.5722 0000 73.9965 109
-9.5352 0000 73.9721 123
-9.4983 0000 73.9477 148
-9.4597 0000 73.8960 182
-9.4235 0000 73.8836 218
-9.3865 0000 73.8592 228
-9.3513 0000 73.8622 235
-9.3170 0000 73.8822 250
-9.2800 0000 73.8561 267
-9.2446 0000 73.8573 269
-9.2091 0000 73.8569 263
-9.1736 0000 73.8564 257
-9.1392 0000 73.8747 259
-9.1052 0000 73.8999 233
-9.0703 0000 73.9096 211
-9.0374 0000 73.9553 182
-9.0024 0000 73.9634 151
-8.9672 0000 73.9697 129
-8.9327 0000 73.9864 125
-8.8957 0000 73.9603 117
-8.8577 0000 73.9154 98
-8.8249 0000 73.9628 93
-8.7894 0000 73.9640 101
-8.7538 0000 73.9619 109
-8.7184 0000 73.9631 110
-8.6830 0000 73.9644 104
-8.6487 0000 73.9861 105
-8.6133 0000 73.9891 103
-8.5790 0000 74.0109 101
-8.5434 0000 74.0087 106
-8.5069 0000 73.9912 107
-8.4714 0000 73.9907 110
-8.4357 0000 73.9869 107
-8.4002 0000 73.9881 103
-8.3649 0000 73.9911 110
-8.3292 0000 73.9889 123
-8.2925 0000 73.9646 124
-8.2557 0000 73.9402 126
-8.2188 0000 73.9124 119
-8.1831 0000 73.9086 125
-8.1475 0000 73.9064 135
-8.1119 0000 73.9043 146
-8.0765 0000 73.9073 154
-8.0413 0000 73.9119 150
-8.0065 0000 73.9269 149
-7.9708 0000 73.9230 143
-7.9352 0000 73.9209 143
-7.8998 0000 73.9222 136
-7.8644 0000 73.9234 118
-7.8290 0000 73.9264 98
-7.7937 0000 73.9294 84
-7.7592 0000 73.9512 84
-7.7248 0000 73.9729 91
-7.6893 0000 73.9742 88
-7.6571 0000 74.0439 86
-7.6230 0000 74.0726 98
-7.5876 0000 74.0755 114
-7.5521 0000 74.0768 131
-7.5166 0000 74.0781 138
-7.4810 0000 74.0760 129
-7.4455 0000 74.0773 115
-7.4102 0000 74.0837 111
-7.3748 0000 74.0867 113
-7.3390 0000 74.0812 120
-7.3022 0000 74.0534 131
-7.2663 0000 74.0461 135
-7.2297 0000 74.0217 128
-7.1939 0000 74.0145 109
-7.1583 0000 74.0141 89
-7.1217 0000 73.9897 73
-7.0850 0000 73.9620 77
-7.0494 0000 73.9616 86
-7.0151 0000 73.9885 95
-6.9800 0000 73.9984 102
-6.9455 0000 74.0219 108
-6.9091 0000 74.0027 95
-6.8723 0000 73.9715 95
-6.8354 0000 73.9387 93
-6.7977 0000 73.8870 94
-6.7605 0000 73.8474 94
-6.7228 0000 73.7941 87
-6.6853 0000 73.7426 82
-6.6476 0000 73.6894 78
-6.6088 0000 73.6057 83
-6.5699 0000 73.5203 117
-6.5331 0000 73.4860 156
-6.4967 0000 73.4601 165
-6.4612 0000 73.4581 143
-6.4245 0000 73.4237 121
-6.3871 0000 73.3725 106
-6.3492 0000 73.3077 116
-6.3124 0000 73.2701 133
-6.2754 0000 73.2274 145
-6.2390 0000 73.1983 140
-6.2023 0000 73.1641 150
-6.1657 0000 73.1300 155
-6.1284 0000 73.0772 172
-6.0921 0000 73.0499 201
-6.0553 0000 73.0090 226
-6.0196 0000 72.9985 238
-5.9841 0000 72.9931 225
-5.9477 0000 72.9624 206
-5.9125 0000 72.9637 187
-5.8770 0000 72.9582 164
-5.8414 0000 72.9494 143
-5.8053 0000 72.9255 124
-5.7684 0000 72.8797 99
-5.7318 0000 72.8423 87
-5.6955 0000 72.8116 95
-5.6594 0000 72.7860 104
-5.6233 0000 72.7621 121
-5.5877 0000 72.7517 131
-5.5522 0000 72.7429 138
-5.5157 0000 72.7072 138
-5.4803 0000 72.7002 136
-5.4438 0000 72.6629 127
-5.4075 0000 72.6306 121
-5.3715 0000 72.6051 135
-5.3363 0000 72.6047 156
-5.3011 0000 72.6060 165
-5.2659 0000 72.6057 166
-5.2305 0000 72.6020 202
-5.1949 0000 72.5882 268
-5.1589 0000 72.5643 305
-5.1230 0000 72.5405 348
-5.0876 0000 72.5335 331
-5.0519 0000 72.5180 280
-5.0179 0000 72.5596 252
-4.9832 0000 72.5743 235
-4.9485 0000 72.5941 248
-4.9132 0000 72.5904 243
-4.8780 0000 72.5917 249
-4.8427 0000 72.5897 301
-4.8069 0000 72.5692 344
-4.7716 0000 72.5655 375
-4.7363 0000 72.5635 381
-4.7010 0000 72.5614 369
-4.6658 0000 72.5611 359
-4.6305 0000 72.5591 366
-4.5948 0000 72.5386 348
-4.5594 0000 72.5332 341
-4.5246 0000 72.5480 346
-4.4895 0000 72.5527 315
-4.4543 0000 72.5557 284
-4.4190 0000 72.5520 271
-4.3828 0000 72.5131 268
-4.3475 0000 72.5094 275
-4.3129 0000 72.5325 266
-4.2782 0000 72.5556 263
-4.2431 0000 72.5603 243
-4.2085 0000 72.5868 221
-4.1739 0000 72.6117 223
-4.1388 0000 72.6164 215
-4.1041 0000 72.6412 200
-4.0701 0000 72.6913 209
-4.0355 0000 72.7212 246
-4.0009 0000 72.7512 274
-3.9662 0000 72.7744 309
-3.9314 0000 72.7959 297
-3.8960 0000 72.7922 284
-3.8602 0000 72.7666 274
-3.8243 0000 72.7411 232
-3.7886 0000 72.7206 219
-3.7536 0000 72.7337 203
-3.7185 0000 72.7418 158
-3.6843 0000 72.7902 127
-3.6492 0000 72.8000 117
-3.6147 0000 72.8401 118
-3.5796 0000 72.8465 119
-3.5448 0000 72.8748 117
-3.5101 0000 72.9031 131
-3.4754 0000 72.9348 130
-3.4406 0000 72.9632 125
-3.4057 0000 72.9865 121
-3.3707 0000 73.0064 113
-3.3359 0000 73.0331 122
-3.3011 0000 73.0632 125
-3.2662 0000 73.0899 139
-3.2313 0000 73.1166 149
-3.1964 0000 73.1416 170
-3.1613 0000 73.1599 195
-3.1257 0000 73.1427 187
-3.0902 0000 73.1390 191
-3.0548 0000 73.1386 186
-3.0199 0000 73.1620 169
-2.9845 0000 73.1651 133
-2.9496 0000 73.1935 102
-2.9159 0000 73.3016 97
-2.8817 0000 73.3793 94
-2.8472 0000 73.4418 107
-2.8125 0000 73.4958 121
-2.7774 0000 73.5210 129
-2.7420 0000 73.5258 147
-2.7068 0000 73.5441 165
-2.6710 0000 73.5166 208
-2.6350 0000 73.4823 256
-2.5991 0000 73.4480 320
-2.5634 0000 73.4273 322
-2.5280 0000 73.4304 307
-2.4929 0000 73.4555 298
-2.4578 0000 73.4841 281
-2.4226 0000 73.5075 303
-2.3871 0000 73.5072 328
-2.3514 0000 73.4865 334
-2.3159 0000 73.4811 351
-2.2804 0000 73.4757 379
-2.2447 0000 73.4532 417
-2.2092 0000 73.4529 438
-2.1736 0000 73.4322 458
-2.1380 0000 73.4251 489
-2.1026 0000 73.4214 475
-2.0671 0000 73.4211 451
-2.0317 0000 73.4224 439
-1.9965 0000 73.4527 403
-1.9614 0000 73.4863 384
-1.9265 0000 73.5438 343
-1.8914 0000 73.5945 284
-1.8568 0000 73.6964 239
-1.8223 0000 73.8087 232
-1.7869 0000 73.8356 242
-1.7514 0000 73.8387 242
-1.7159 0000 73.8384 239
-1.6805 0000 73.8586 240
-1.6450 0000 73.8617 225
-1.6094 0000 73.8614 212
-1.5739 0000 73.8610 210
-1.5382 0000 73.8419 209
-1.5027 0000 73.8399 232
-1.4672 0000 73.8379 265
-1.4316 0000 73.8324 295
-1.3960 0000 73.8287 289
-1.3605 0000 73.8284 246
-1.3250 0000 73.8366 198
-1.2896 0000 73.8619 174
-1.2544 0000 73.9334 158
-1.2191 0000 73.9895 184
-1.1835 0000 73.9926 224
-1.1479 0000 73.9854 258
-1.1123 0000 73.9612 264
-1.0767 0000 73.9455 295
-1.0411 0000 73.9452 309
-1.0056 0000 73.9636 284
-0.9701 0000 73.9873 273
-0.9346 0000 73.9938 246
-0.8990 0000 73.9969 231
-0.8635 0000 74.0172 241
-0.8280 0000 74.0357 223
-0.7924 0000 74.0371 217
-0.7568 0000 74.0214 214
-0.7213 0000 74.0399 182
-0.6857 0000 74.0430 166
-0.6501 0000 74.0427 172
-0.6145 0000 74.0407 209
-0.5790 0000 74.0421 251
-0.5434 0000 74.0435 281
-0.5078 0000 74.0414 311
-0.4723 0000 74.0240 326
-0.4367 0000 74.0271 352
-0.4011 0000 74.0268 368
-0.3656 0000 74.0248 369
-0.3300 0000 74.0006 346
-0.2945 0000 73.9900 326
-0.2590 0000 73.9606 331
-0.2235 0000 73.9500 334
-0.1880 0000 73.9104 334
-0.1525 0000 73.9050 306
-0.1171 0000 73.8791 274
-0.0816 0000 73.8668 243
-0.0462 0000 73.8221 246
-0.0107 0000 73.8065 284
0.0246 0000 73.7789 302
0.0601 0000 73.7717 316
0.0955 0000 73.7493 310
0.1310 0000 73.7490 279
0.1667 0000 73.7760 222
0.2021 0000 73.7620 180
0.2376 0000 73.7583 146
0.2729 0000 73.7393 129
0.3083 0000 73.7134 110
0.3434 0000 73.6552 105
0.3779 0000 73.5137 106
0.4128 0000 73.4336 123
0.4479 0000 73.3858 136
0.4832 0000 73.3753 142
0.5184 0000 73.3479 137
0.5534 0000 73.2934 150
0.5884 0000 73.2559 175
0.6234 0000 73.2133 182
0.6588 0000 73.2096 186
0.6942 0000 73.2127 197
0.7296 0000 73.2226 205
0.7653 0000 73.2596 202
0.8007 0000 73.2593 187
0.8360 0000 73.2540 157
0.8712 0000 73.2351 125
0.9066 0000 73.2348 95
0.9414 0000 73.1888 83
0.9762 0000 73.1328 93
1.0112 0000 73.1088 111
1.0464 0000 73.0900 126
1.0816 0000 73.0830 112
1.1166 0000 73.0540 92
1.1512 0000 72.9997 85
1.1851 0000 72.8848 86
1.2190 0000 72.7786 105
1.2538 0000 72.7447 133
1.2887 0000 72.7175 135
1.3235 0000 72.6904 140
1.3585 0000 72.6683 125
1.3934 0000 72.6462 122
1.4286 0000 72.6443 104
1.4638 0000 72.6441 84
1.4993 0000 72.6623 74
1.5338 0000 72.6167 66
1.5686 0000 72.5879 67
1.6030 0000 72.5391 63
1.6381 0000 72.5355 60
1.6725 0000 72.4833 57
1.7076 0000 72.4814 54
0.0000 0000 0.0000 0
1.7757 0000 72.3454 58
1.8095 0000 72.2683 68
1.8441 0000 72.2363 80
1.8782 0000 72.1827 94
1.9128 0000 72.1541 102
1.9475 0000 72.1305 119
1.9825 0000 72.1286 123
2.0173 0000 72.1084 114
2.0522 0000 72.1031 106
2.0873 0000 72.1029 95
2.1224 0000 72.1026 88
2.1574 0000 72.1007 89
2.1921 0000 72.0772 93
2.2260 0000 72.0220 110
2.2594 0000 71.9353 141
2.2933 0000 71.8802 185
2.3277 0000 71.8484 244
2.3623 0000 71.8299 279
2.3973 0000 71.8313 245
2.4323 0000 71.8261 189
2.4664 0000 71.7844 149
2.5008 0000 71.7576 121
2.5345 0000 71.6993 120
2.5687 0000 71.6643 145
2.6028 0000 71.6227 176
2.6377 0000 71.6208 210
2.6727 0000 71.6189 220
2.7076 0000 71.6170 198
2.7421 0000 71.5952 157
2.7763 0000 71.5652 140
2.8101 0000 71.5170 126
2.8439 0000 71.4688 120
2.8782 0000 71.4389 121
2.9130 0000 71.4337 131
2.9474 0000 71.4120 149
2.9817 0000 71.3870 162
3.0163 0000 71.3768 183
3.0500 0000 71.3255 196
3.0841 0000 71.2955 200
3.1178 0000 71.2475 209
3.1518 0000 71.2160 227
3.1853 0000 71.1598 248
3.2188 0000 71.1085 272
3.2518 0000 71.0393 322
3.2859 0000 71.0111 347
3.3201 0000 70.9862 423
3.3548 0000 70.9843 468
3.3895 0000 70.9792 435
3.4238 0000 70.9592 343
3.4586 0000 70.9574 298
3.4939 0000 70.9752 274
3.5282 0000 70.9552 261
3.5630 0000 70.9550 254
3.5979 0000 70.9581 245
3.6334 0000 70.9808 242
3.6682 0000 70.9806 252
3.7031 0000 70.9820 255
3.7379 0000 70.9818 258
3.7720 0000 70.9569 253
3.8060 0000 70.9288 253
3.8399 0000 70.9007 250
3.8739 0000 70.8742 257
3.9087 0000 70.8723 248
3.9434 0000 70.8688 234
3.9767 0000 70.8211 222
4.0114 0000 70.8192 213
4.0461 0000 70.8173 206
4.0801 0000 70.7925 210
4.1141 0000 70.7678 212
4.1487 0000 70.7626 229
4.1835 0000 70.7640 258
4.2184 0000 70.7655 295
4.2526 0000 70.7489 320
4.2886 0000 70.7863 355
4.3236 0000 70.7910 380
4.3586 0000 70.7973 390
4.3940 0000 70.8152 424
4.4281 0000 70.7953 400
4.4626 0000 70.7885 365
4.4967 0000 70.7687 323
4.5314 0000 70.7668 265
4.5653 0000 70.7421 224
4.6001 0000 70.7418 217
4.6356 0000 70.7613 219
4.6703 0000 70.7611 207
4.7043 0000 70.7396 205
4.7391 0000 70.7394 205
4.7747 0000 70.7621 209
4.8096 0000 70.7652 224
4.8446 0000 70.7716 232
4.8795 0000 70.7746 242
4.9150 0000 70.7941 247
4.9498 0000 70.7923 253
4.9836 0000 70.7692 266
5.0182 0000 70.7641 284
5.0521 0000 70.7410 295
5.0866 0000 70.7359 303
5.1205 0000 70.7144 315
5.1560 0000 70.7322 298
5.1910 0000 70.7370 304
5.2267 0000 70.7597 327
5.2615 0000 70.7612 367
5.2963 0000 70.7626 390
5.3310 0000 70.7608 402
5.3656 0000 70.7574 404
5.4004 0000 70.7572 396
5.4354 0000 70.7620 379
5.4703 0000 70.7667 346
5.5060 0000 70.7862 315
5.5409 0000 70.7893 268
5.5758 0000 70.7924 232
5.6105 0000 70.7906 218
5.6451 0000 70.7872 219
5.6799 0000 70.7871 222
5.7156 0000 70.8098 233
5.7504 0000 70.8097 251
5.7852 0000 70.8096 275
5.8199 0000 70.8094 278
5.8558 0000 70.8322 251
5.8908 0000 70.8386 239
5.9258 0000 70.8418 234
5.9614 0000 70.8597 243
5.9962 0000 70.8595 243
6.0310 0000 70.8610 235
6.0649 0000 70.8412 217
6.0995 0000 70.8395 222
6.1342 0000 70.8377 236
6.1680 0000 70.8163 234
6.2027 0000 70.8145 228
6.2385 0000 70.8357 224
6.2734 0000 70.8388 212
6.3107 0000 70.8896 194
6.3481 0000 70.9436 183
6.3842 0000 70.9697 187
6.4200 0000 70.9893 179
6.4549 0000 70.9909 174
6.4887 0000 70.9710 180
6.5234 0000 70.9693 180
6.5580 0000 70.9659 168
6.5926 0000 70.9625 149
6.6274 0000 70.9624 139
6.6625 0000 70.9672 144
6.6997 0000 71.0148 158
6.7346 0000 71.0163 174
6.7683 0000 70.9948 183
6.8031 0000 70.9947 192
6.8378 0000 70.9930 194
6.8726 0000 70.9929 189
6.9075 0000 70.9945 177
6.9434 0000 71.0157 169
6.9795 0000 71.0386 153
7.0144 0000 71.0418 144
7.0493 0000 71.0434 140
7.0839 0000 71.0400 149
7.1172 0000 71.0120 170
7.1507 0000 70.9889 180
7.1851 0000 70.9806 201
7.2173 0000 70.9346 229
7.2516 0000 70.9263 262
7.2850 0000 70.9033 305
7.3197 0000 70.9016 303
7.3555 0000 70.9195 265
7.3905 0000 70.9244 233
7.4258 0000 70.9325 198
7.4619 0000 70.9571 175
7.4983 0000 70.9849 150
7.5336 0000 70.9930 134
7.5714 0000 71.0455 123
7.6076 0000 71.0701 117
7.6423 0000 71.0684 110
7.6770 0000 71.0667 117
7.7103 0000 71.0420 133
7.7449 0000 71.0386 150
7.7797 0000 71.0386 164
7.8121 0000 70.9991 169
7.8465 0000 70.9941 161
7.8797 0000 70.9678 150
7.9143 0000 70.9645 148
7.9492 0000 70.9677 148
7.9858 0000 70.9972 157
8.0238 0000 71.0497 180
8.0613 0000 71.0940 219
8.0961 0000 71.0939 246
8.1308 0000 71.0939 259
8.1657 0000 71.0955 268
8.2007 0000 71.0987 266
8.2368 0000 71.1201 247
8.2729 0000 71.1414 240
8.3079 0000 71.1446 220
8.3428 0000 71.1462 209
8.3775 0000 71.1446 207
8.4136 0000 71.1659 205
8.4503 0000 71.1955 235
8.4855 0000 71.2020 267
8.5205 0000 71.2053 312
8.5552 0000 71.2036 369
8.5898 0000 71.2002 432
8.6244 0000 71.1986 449
8.6579 0000 71.1788 384
8.6925 0000 71.1755 338
8.7273 0000 71.1771 307
8.7621 0000 71.1770 282
8.7981 0000 71.1951 262
8.8330 0000 71.1967 226
8.8680 0000 71.2000 200
8.9029 0000 71.2016 170
8.9389 0000 71.2197 152
8.9725 0000 71.2032 143
9.0071 0000 71.1998 155
9.0416 0000 71.1965 167
9.0762 0000 71.1949 170
9.1112 0000 71.1981 168
9.1463 0000 71.2030 171
9.1824 0000 71.2211 165
9.2172 0000 71.2227 162
9.2523 0000 71.2276 156
9.2890 0000 71.2539 152
9.3258 0000 71.2836 126
9.3625 0000 71.3115 114
9.4007 0000 71.3593 99
9.4408 0000 71.4335 93
9.4791 0000 71.4830 89
9.5144 0000 71.4896 86
9.5521 0000 71.5309 85
9.5892 0000 71.5622 83
9.6249 0000 71.5738 95
9.6613 0000 71.5952 113
9.6961 0000 71.5952 137
9.7309 0000 71.5952 150
9.7658 0000 71.5951 163
9.8006 0000 71.5951 171
9.8353 0000 71.5934 161
9.8692 0000 71.5802 153
9.9070 0000 71.6215 149
9.9419 0000 71.6215 150
9.9767 0000 71.6214 153
10.0113 0000 71.6181 149
10.0460 0000 71.6164 134
10.0776 0000 71.5734 123
10.1122 0000 71.5701 116
10.1490 0000 71.5965 114
10.1858 0000 71.6229 133
10.2208 0000 71.6246 160
10.2550 0000 71.6163 194
10.2892 0000 71.6080 232
10.3225 0000 71.5881 282
10.3559 0000 71.5699 274
10.3903 0000 71.5649 263
10.4253 0000 71.5665 227
10.4602 0000 71.5681 190
10.4961 0000 71.5813 168
10.5310 0000 71.5830 135
10.5663 0000 71.5895 109
10.6017 0000 71.5961 92
10.6363 0000 71.5944 90
10.6674 0000 71.5465 115
10.6997 0000 71.5151 150
10.7335 0000 71.5018 189
10.7668 0000 71.4837 224
10.8013 0000 71.4803 224
10.8363 0000 71.4820 198
10.8709 0000 71.4803 164
10.9041 0000 71.4604 150
10.9369 0000 71.4357 186
10.9697 0000 71.4109 203
11.0039 0000 71.4043 229
11.0385 0000 71.4026 247
11.0749 0000 71.4224 233
11.1103 0000 71.4306 225
11.1453 0000 71.4322 223
11.1793 0000 71.4239 222
11.2103 0000 71.3777 226
11.2428 0000 71.3497 243
11.2755 0000 71.3250 240
11.3084 0000 71.3035 259
11.3429 0000 71.3002 257
11.3775 0000 71.2985 248
11.4125 0000 71.3018 231
11.4474 0000 71.3034 197
11.4818 0000 71.3001 171
11.5149 0000 71.2803 173
11.5496 0000 71.2803 154
11.5823 0000 71.2556 120
11.6128 0000 71.2062 103
11.6467 0000 71.1963 94
11.6769 0000 71.1437 91
11.7091 0000 71.1141 92
11.7400 0000 71.0698 85
11.7766 0000 71.0927 78
11.8184 0000 71.1748 79
11.8596 0000 71.2503 91
11.8963 0000 71.2733 102
11.9315 0000 71.2782 115
11.9662 0000 71.2782 130
12.0007 0000 71.2749 141
12.0352 0000 71.2732 141
12.0703 0000 71.2764 137
12.1069 0000 71.2978 128
12.1433 0000 71.3175 124
12.1784 0000 71.3208 104
12.2131 0000 71.3207 95
12.2459 0000 71.2993 91
12.2784 0000 71.2746 71
12.3105 0000 71.2449 60
12.3409 0000 71.1972 55
12.3779 0000 71.2218 50
0.0000 0000 0.0000 0
0.0000 0000 0.0000 0
12.5084 0000 71.5132 48
12.5409 0000 71.4884 50
12.5757 0000 71.4884 50
12.6103 0000 71.4867 51
12.6404 0000 71.4355 50
12.6727 0000 71.4091 50
12.7026 0000 71.3563 52
12.7372 0000 71.3546 56
12.7694 0000 71.3266 59
12.7991 0000 71.2723 66
12.8290 0000 71.2212 78
12.8631 0000 71.2146 93
12.8930 0000 71.1636 111
12.9233 0000 71.1160 134
12.9570 0000 71.1061 158
12.9898 0000 71.0864 162
13.0240 0000 71.0814 168
13.0567 0000 71.0600 182
13.0910 0000 71.0567 182
13.1240 0000 71.0386 165
13.1578 0000 71.0304 162
13.1901 0000 71.0057 171
13.2243 0000 71.0008 177
13.2572 0000 70.9827 173
13.2917 0000 70.9810 177
13.3266 0000 70.9843 175
13.3653 0000 71.0252 165
13.4009 0000 71.0349 151
13.4381 0000 71.0611 130
13.4750 0000 71.0840 117
13.5124 0000 71.1119 101
13.5520 0000 71.1627 84
13.5922 0000 71.2185 72
13.6328 0000 71.2777 63
13.6747 0000 71.3500 64
13.7120 0000 71.3763 65
13.7515 0000 71.4241 69
13.7863 0000 71.4240 73
13.8212 0000 71.4256 76
13.8562 0000 71.4289 73
13.8963 0000 71.4816 68
13.9395 0000 71.5657 66
13.9772 0000 71.5938 75
14.0148 0000 71.6218 78
14.0545 0000 71.6697 87
14.0918 0000 71.6945 105
14.1264 0000 71.6928 118
14.1635 0000 71.7143 119
14.1995 0000 71.7258 117
14.2389 0000 71.7705 116
14.2742 0000 71.7755 123
14.3095 0000 71.7804 129
14.3444 0000 71.7804 123
14.3792 0000 71.7803 114
14.4137 0000 71.7770 108
14.4488 0000 71.7803 108
14.4880 0000 71.8217 109
14.5227 0000 71.8200 112
14.5573 0000 71.8183 117
14.5948 0000 71.8431 122
14.6298 0000 71.8448 131
14.6625 0000 71.8248 136
14.6950 0000 71.8033 147
14.7295 0000 71.7999 151
14.7638 0000 71.7949 147
14.7960 0000 71.7701 148
14.8302 0000 71.7651 146
14.8650 0000 71.7651 139
14.9002 0000 71.7684 135
14.9377 0000 71.7932 134
14.9754 0000 71.8197 146
15.0133 0000 71.8479 147
15.0484 0000 71.8512 151
15.0829 0000 71.8478 154
15.1172 0000 71.8429 155
15.1516 0000 71.8395 154
15.1843 0000 71.8196 154
15.2187 0000 71.8163 148
15.2526 0000 71.8080 150
15.2874 0000 71.8080 157
15.3229 0000 71.8147 162
15.3583 0000 71.8196 164
15.3929 0000 71.8180 169
15.4271 0000 71.8130 172
15.4601 0000 71.7964 175
15.4949 0000 71.7965 154
15.5282 0000 71.7832 127
15.5624 0000 71.7782 121
15.5968 0000 71.7749 121
15.6318 0000 71.7766 122
15.6660 0000 71.7717 124
15.6976 0000 71.7435 136
15.7297 0000 71.7204 133
15.7639 0000 71.7154 130
15.7983 0000 71.7121 124
15.8285 0000 71.6725 124
15.8619 0000 71.6609 127
15.8921 0000 71.6213 126
15.9213 0000 71.5734 127
15.9535 0000 71.5520 130
15.9829 0000 71.5058 127
16.0145 0000 71.4794 129
16.0465 0000 71.4564 114
16.0825 0000 71.4679 108
16.1176 0000 71.4713 93
16.1527 0000 71.4746 89
16.1875 0000 71.4763 93
16.2220 0000 71.4747 106
16.2544 0000 71.4550 116
16.2883 0000 71.4484 135
16.3180 0000 71.4073 158
16.3517 0000 71.3991 181
16.3821 0000 71.3629 193
16.4154 0000 71.3514 203
16.4443 0000 71.3037 211
16.4750 0000 71.2709 209
16.5033 0000 71.2184 217
16.5322 0000 71.1708 225
16.5666 0000 71.1692 229
16.6010 0000 71.1676 234
16.6383 0000 71.1907 235
16.6733 0000 71.1940 234
16.7055 0000 71.1744 227
16.7433 0000 71.2007 229
16.7779 0000 71.2008 225
16.8121 0000 71.1975 216
16.8495 0000 71.2206 218
16.8849 0000 71.2272 225
16.9257 0000 71.2782 239
16.9633 0000 71.3030 262
16.9981 0000 71.3047 282
17.0349 0000 71.3228 290
17.0697 0000 71.3246 293
17.1045 0000 71.3263 286
17.1422 0000 71.3510 275
17.1829 0000 71.4005 270
17.2188 0000 71.4104 255
17.2563 0000 71.4336 240
17.2911 0000 71.4353 218
17.3253 0000 71.4321 200
17.3593 0000 71.4272 171
17.3935 0000 71.4240 137
17.4258 0000 71.4059 117
17.4608 0000 71.4093 105
17.4960 0000 71.4143 98
17.5308 0000 71.4161 88
17.5679 0000 71.4359 80
17.6021 0000 71.4327 76
17.6340 0000 71.4113 81
17.6686 0000 71.4114 80
17.7000 0000 71.3868 75
17.7333 0000 71.3770 77
17.7616 0000 71.3277 85
17.7953 0000 71.3212 93
17.8246 0000 71.2802 96
17.8578 0000 71.2704 101
17.8915 0000 71.2639 110
17.9212 0000 71.2262 119
17.9576 0000 71.2411 126
17.9922 0000 71.2412 150
18.0244 0000 71.2232 170
18.0567 0000 71.2068 219
18.0913 0000 71.2069 268
18.1256 0000 71.2054 283
18.1596 0000 71.2022 263
18.1937 0000 71.1990 252
18.2276 0000 71.1942 239
18.2617 0000 71.1910 210
18.2966 0000 71.1943 175
18.3367 0000 71.2372 146
18.3725 0000 71.2471 131
18.4073 0000 71.2488 121
18.4413 0000 71.2457 118
18.4723 0000 71.2195 128
18.5038 0000 71.1966 129
18.5387 0000 71.1999 129
18.5791 0000 71.2444 128
18.6149 0000 71.2544 126
18.6556 0000 71.3005 130
18.6910 0000 71.3072 142
18.7255 0000 71.3073 161
18.7595 0000 71.3041 192
18.7936 0000 71.3009 220
18.8279 0000 71.2994 243
18.8624 0000 71.2995 274
18.8964 0000 71.2963 303
18.9302 0000 71.2915 318
18.9625 0000 71.2751 315
18.9967 0000 71.2736 338
19.0288 0000 71.2556 362
19.0623 0000 71.2492 335
19.0939 0000 71.2279 283
19.1274 0000 71.2214 263
19.1588 0000 71.1985 255
19.1934 0000 71.2003 250
19.2313 0000 71.2251 244
19.2694 0000 71.2515 223
19.3043 0000 71.2549 212
19.3387 0000 71.2550 207
19.3766 0000 71.2798 214
19.4117 0000 71.2848 220
19.4464 0000 71.2866 220
19.4866 0000 71.3278 212
19.5218 0000 71.3328 201
19.5562 0000 71.3330 187
19.5928 0000 71.3479 182
19.6277 0000 71.3513 164
19.6633 0000 71.3596 141
19.7047 0000 71.4092 125
19.7403 0000 71.4175 114
19.7741 0000 71.4127 102
19.8018 0000 71.3651 96
19.8363 0000 71.3652 94
19.8708 0000 71.3653 96
19.9048 0000 71.3621 101
19.9385 0000 71.3573 109
19.9671 0000 71.3163 116
19.9971 0000 71.2852 117
20.0247 0000 71.2377 126
20.0579 0000 71.2296 136
20.0860 0000 71.1854 150
20.1189 0000 71.1757 167
20.1522 0000 71.1676 179
20.1835 0000 71.1464 192
20.2152 0000 71.1285 188
20.2499 0000 71.1303 192
20.2845 0000 71.1321 197
20.3210 0000 71.1470 213
20.3558 0000 71.1504 205
20.3905 0000 71.1522 191
20.4253 0000 71.1556 183
20.4599 0000 71.1574 176
20.4943 0000 71.1575 167
20.5287 0000 71.1576 159
20.5621 0000 71.1512 159
20.5926 0000 71.1251 154
20.6236 0000 71.1023 164
20.6577 0000 71.1008 170
20.6923 0000 71.1026 180
20.7259 0000 71.0978 187
20.7571 0000 71.0767 180
20.7909 0000 71.0736 177
20.8250 0000 71.0721 176
20.8589 0000 71.0690 179
20.8868 0000 71.0266 175
20.9202 0000 71.0202 165
20.9537 0000 71.0154 153
20.9856 0000 70.9992 140
21.0199 0000 70.9994 116
21.0470 0000 70.9521 94
21.0801 0000 70.9441 78
21.1045 0000 70.8790 70
21.1412 0000 70.8955 68
21.1750 0000 70.8924 66
21.2065 0000 70.8746 64
21.2406 0000 70.8731 56
21.2741 0000 70.8684 54
21.3046 0000 70.8441 60
21.3353 0000 70.8214 70
21.3661 0000 70.7988 86
21.3996 0000 70.7940 98
21.4313 0000 70.7779 107
21.4643 0000 70.7699 124
21.4947 0000 70.7457 130
21.5277 0000 70.7377 143
21.5584 0000 70.7151 159
21.5891 0000 70.6925 146
21.6162 0000 70.6472 132
21.6412 0000 70.5888 113
21.6662 0000 70.5306 102
21.6925 0000 70.4804 110
21.7224 0000 70.4531 120
21.7524 0000 70.4273 131
21.7795 0000 70.3821 129
21.8090 0000 70.3532 126
