wt=153232877, DLLFiFo=0
-22.7488 0000 72.9779 262
-22.7092 0000 72.9471 326
-22.6717 0000 72.9298 341
-22.6367 0000 72.9292 367
-22.6009 0000 72.9237 385
-22.5639 0000 72.9097 399
-22.5289 0000 72.9091 338
-22.4936 0000 72.9069 255
-22.4614 0000 72.9247 178
-22.4309 0000 72.9543 157
-22.3974 0000 72.9638 156
-22.3666 0000 72.9918 191
-22.3336 0000 73.0046 223
-22.2928 0000 72.9655 270
-22.2558 0000 72.9515 320
-22.2195 0000 72.9426 349
-22.1843 0000 72.9403 354
-22.1507 0000 72.9498 336
-22.1192 0000 72.9727 267
-22.0842 0000 72.9721 229
-22.0479 0000 72.9632 205
-22.0097 0000 72.9408 189
-21.9680 0000 72.8950 173
-21.9320 0000 72.8877 174
-21.8965 0000 72.8838 180
-21.8589 0000 72.8648 177
-21.8265 0000 72.8827 194
-21.7923 0000 72.8871 201
-21.7577 0000 72.8899 191
-21.7225 0000 72.8877 175
-21.6877 0000 72.8888 181
-21.6566 0000 72.9150 217
-21.6242 0000 72.9329 292
-21.5885 0000 72.9273 330
-21.5532 0000 72.9250 351
-21.5191 0000 72.9312 345
-21.4877 0000 72.9557 299
-21.4546 0000 72.9686 293
-21.4231 0000 72.9932 323
-21.3881 0000 72.9926 329
-21.3526 0000 72.9887 327
-21.3168 0000 72.9831 312
-21.2792 0000 72.9640 263
-21.2436 0000 72.9601 244
-21.2060 0000 72.9411 256
-21.1698 0000 72.9321 238
-21.1291 0000 72.8913 200
-21.0967 0000 72.9092 170
-21.0621 0000 72.9119 137
-21.0301 0000 72.9331 113
-21.0019 0000 72.9812 106
-20.9710 0000 73.0109 131
-20.9392 0000 73.0338 153
-20.9039 0000 73.0315 167
-20.8626 0000 72.9856 173
-20.8259 0000 72.9733 179
-20.7847 0000 72.9274 180
-20.7487 0000 72.9201 182
-20.7137 0000 72.9195 203
-20.6789 0000 72.9206 231
-20.6436 0000 72.9183 248
-20.6033 0000 72.8792 261
-20.5664 0000 72.8652 277
-20.5285 0000 72.8428 277
-20.4934 0000 72.8422 282
-20.4593 0000 72.8483 272
-20.4272 0000 72.8695 270
-20.3895 0000 72.8488 231
-20.3542 0000 72.8465 212
-20.3221 0000 72.8677 206
-20.2936 0000 72.9158 186
-20.2624 0000 72.9437 205
-20.2271 0000 72.9414 229
-20.1911 0000 72.9341 245
-20.1536 0000 72.9150 275
-20.1184 0000 72.9127 318
-20.0831 0000 72.9105 366
-20.0456 0000 72.8914 348
-20.0097 0000 72.8841 324
-19.9744 0000 72.8818 299
-19.9398 0000 72.8846 287
-19.9050 0000 72.8856 276
-19.8699 0000 72.8850 258
-19.8342 0000 72.8794 251
-19.7981 0000 72.8704 282
-19.7606 0000 72.8514 323
-19.7262 0000 72.8558 362
-19.6916 0000 72.8585 385
-19.6563 0000 72.8562 384
-19.6213 0000 72.8556 374
-19.5899 0000 72.8835 350
-19.5600 0000 72.9232 338
-19.5347 0000 72.9981 322
-19.5048 0000 73.0378 312
-19.4705 0000 73.0439 311
-19.4376 0000 73.0601 310
-19.4027 0000 73.0612 271
-19.3676 0000 73.0606 219
-19.3325 0000 73.0600 162
-19.2971 0000 73.0577 117
-19.2586 0000 73.0302 100
-19.2178 0000 72.9842 111
-19.1818 0000 72.9769 155
-19.1442 0000 72.9561 181
-19.1009 0000 72.8901 201
-19.0586 0000 72.8325 255
-19.0200 0000 72.8033 291
-18.9814 0000 72.7743 311
-18.9448 0000 72.7619 326
-18.9096 0000 72.7596 312
-18.8749 0000 72.7624 295
-18.8372 0000 72.7400 299
-18.8021 0000 72.7394 299
-18.7693 0000 72.7572 321
-18.7343 0000 72.7566 323
-18.6992 0000 72.7560 302
-18.6662 0000 72.7721 283
-18.6344 0000 72.7983 236
-18.6031 0000 72.8279 262
-18.5688 0000 72.8340 297
-18.5337 0000 72.8334 314
-18.4986 0000 72.8328 299
-18.4635 0000 72.8322 260
-18.4278 0000 72.8266 220
-18.3915 0000 72.8159 187
-18.3540 0000 72.7952 188
-18.3167 0000 72.7762 171
-18.2816 0000 72.7756 165
-18.2473 0000 72.7817 175
-18.2154 0000 72.8079 187
-18.1801 0000 72.8056 208
-18.1438 0000 72.7950 239
-18.1033 0000 72.7491 274
-18.0674 0000 72.7418 293
-18.0317 0000 72.7362 307
-17.9935 0000 72.7088 360
-17.9562 0000 72.6898 347
-17.9201 0000 72.6809 321
-17.8843 0000 72.6736 280
-17.8492 0000 72.6730 227
-17.8149 0000 72.6791 171
-17.7888 0000 72.7556 128
-17.7643 0000 72.8455 123
-17.7319 0000 72.8684 137
-17.6968 0000 72.8679 158
-17.6587 0000 72.8421 172
-17.6207 0000 72.8164 191
-17.5852 0000 72.8125 189
-17.5498 0000 72.8102 174
-17.5149 0000 72.8113 160
-17.4792 0000 72.8057 159
-17.4435 0000 72.8001 170
-17.4062 0000 72.7811 184
-17.3705 0000 72.7755 217
-17.3346 0000 72.7682 245
-17.2974 0000 72.7492 246
-17.2600 0000 72.7285 249
-17.2248 0000 72.7280 237
-17.1903 0000 72.7324 220
-17.1599 0000 72.7738 204
-17.1246 0000 72.7715 194
-17.0841 0000 72.7240 199
-17.0460 0000 72.6967 207
-17.0081 0000 72.6710 230
-16.9703 0000 72.6470 228
-16.9326 0000 72.6230 235
-16.8977 0000 72.6241 219
-16.8676 0000 72.6688 189
-16.8356 0000 72.6967 164
-16.8088 0000 72.7716 144
-16.7770 0000 72.8012 150
-16.7471 0000 72.8477 157
-16.7121 0000 72.8488 164
-16.6769 0000 72.8482 169
-16.6395 0000 72.8275 164
-16.6036 0000 72.8203 172
-16.5633 0000 72.7728 175
-16.5280 0000 72.7705 173
-16.4932 0000 72.7733 169
-16.4582 0000 72.7745 169
-16.4236 0000 72.7790 176
-16.3890 0000 72.7835 183
-16.3536 0000 72.7813 176
-16.3176 0000 72.7723 158
-16.2788 0000 72.7382 165
-16.2428 0000 72.7293 194
-16.2056 0000 72.7103 228
-16.1690 0000 72.6964 226
-16.1343 0000 72.6992 250
-16.1012 0000 72.7188 242
-16.0666 0000 72.7233 243
-16.0316 0000 72.7244 257
-15.9963 0000 72.7222 251
-15.9629 0000 72.7385 225
-15.9279 0000 72.7396 185
-15.9007 0000 72.8146 164
-15.8711 0000 72.8678 170
-15.8362 0000 72.8706 182
-15.8007 0000 72.8668 176
-15.7653 0000 72.8646 164
-15.7305 0000 72.8674 164
-15.6963 0000 72.8770 169
-15.6618 0000 72.8831 176
-15.6263 0000 72.8793 190
-15.5907 0000 72.8754 199
-15.5552 0000 72.8715 194
-15.5195 0000 72.8659 177
-15.4820 0000 72.8436 165
-15.4463 0000 72.8380 157
-15.4099 0000 72.8258 188
-15.3712 0000 72.7900 271
-15.3355 0000 72.7844 352
-15.2996 0000 72.7772 413
-15.2639 0000 72.7716 442
-15.2289 0000 72.7728 380
-15.1941 0000 72.7757 284
-15.1577 0000 72.7634 219
-15.1244 0000 72.7813 184
-15.0870 0000 72.7590 175
-15.0513 0000 72.7535 175
-15.0155 0000 72.7462 186
-14.9754 0000 72.6954 205
-14.9356 0000 72.6480 226
-14.8998 0000 72.6408 229
-14.8646 0000 72.6403 203
-14.8342 0000 72.6884 170
-14.8025 0000 72.7231 166
-14.7676 0000 72.7259 184
-14.7318 0000 72.7187 216
-14.6956 0000 72.7081 252
-14.6587 0000 72.6892 264
-14.6235 0000 72.6887 259
-14.5885 0000 72.6898 222
-14.5514 0000 72.6692 196
-14.5118 0000 72.6218 189
-14.4717 0000 72.5694 230
-14.4329 0000 72.5304 263
-14.3970 0000 72.5216 289
-14.3617 0000 72.5194 297
-14.3265 0000 72.5189 276
-14.2914 0000 72.5184 243
-14.2564 0000 72.5195 213
-14.2215 0000 72.5207 180
-14.1865 0000 72.5219 153
-14.1515 0000 72.5230 140
-14.1147 0000 72.5041 149
-14.0798 0000 72.5070 175
-14.0450 0000 72.5098 204
-14.0097 0000 72.5076 207
-13.9734 0000 72.4938 196
-13.9330 0000 72.4365 207
-13.8973 0000 72.4293 220
-13.8625 0000 72.4321 215
-13.8274 0000 72.4316 199
-13.7920 0000 72.4277 184
-13.7551 0000 72.4072 165
-13.7199 0000 72.4067 168
-13.6848 0000 72.4062 185
-13.6496 0000 72.4040 201
-13.6143 0000 72.4018 216
-13.5776 0000 72.3830 214
-13.5407 0000 72.3624 202
-13.5050 0000 72.3552 160
-13.4704 0000 72.3597 141
-13.4373 0000 72.3826 177
-13.4003 0000 72.3604 231
-13.3642 0000 72.3482 291
-13.3285 0000 72.3410 318
-13.2933 0000 72.3388 333
-13.2580 0000 72.3366 340
-13.2215 0000 72.3194 375
-13.1847 0000 72.2989 388
-13.1473 0000 72.2717 475
-13.1101 0000 72.2462 464
-13.0741 0000 72.2357 440
-13.0371 0000 72.2119 392
-13.0003 0000 72.1914 390
-12.9648 0000 72.1859 344
-12.9298 0000 72.1853 302
-12.8951 0000 72.1898 289
-12.8602 0000 72.1909 301
-12.8250 0000 72.1888 313
-12.7905 0000 72.1949 309
-12.7576 0000 72.2194 313
-12.7243 0000 72.2405 284
-12.6891 0000 72.2383 272
-12.6535 0000 72.2311 286
-12.6179 0000 72.2239 324
-12.5829 0000 72.2234 355
-12.5483 0000 72.2295 363
-12.5149 0000 72.2490 386
-12.4804 0000 72.2551 380
-12.4453 0000 72.2546 377
-12.4119 0000 72.2741 348
-12.3778 0000 72.2852 340
-12.3462 0000 72.3281 350
-12.3114 0000 72.3309 362
-12.2765 0000 72.3320 349
-12.2414 0000 72.3315 321
-12.2059 0000 72.3260 299
-12.1691 0000 72.3037 255
-12.1341 0000 72.3049 219
-12.0997 0000 72.3127 207
-12.0651 0000 72.3189 214
-12.0337 0000 72.3651 215
-11.9989 0000 72.3679 210
-11.9672 0000 72.4108 208
-11.9359 0000 72.4587 215
-11.8992 0000 72.4381 239
-11.8637 0000 72.4326 277
-11.8282 0000 72.4271 315
-11.7930 0000 72.4249 304
-11.7579 0000 72.4243 252
-11.7231 0000 72.4288 194
-11.6904 0000 72.4601 148
-11.6615 0000 72.5415 133
-11.6268 0000 72.5460 139
-11.5911 0000 72.5388 159
-11.5543 0000 72.5165 160
-11.5186 0000 72.5077 164
-11.4834 0000 72.5071 179
-11.4487 0000 72.5116 203
-11.4135 0000 72.5111 225
-11.3782 0000 72.5073 242
-11.3418 0000 72.4900 273
-11.3069 0000 72.4928 291
-11.2719 0000 72.4940 292
-11.2369 0000 72.4952 299
-11.2018 0000 72.4963 318
-11.1667 0000 72.4958 313
-11.1325 0000 72.5087 304
-11.0990 0000 72.5299 260
-11.0639 0000 72.5311 241
-11.0288 0000 72.5306 223
-10.9935 0000 72.5284 214
-10.9582 0000 72.5262 213
-10.9218 0000 72.5073 229
-10.8863 0000 72.5018 222
-10.8510 0000 72.4996 196
-10.8159 0000 72.4991 161
-10.7793 0000 72.4785 139
-10.7443 0000 72.4797 126
-10.7143 0000 72.5529 144
-10.6777 0000 72.5323 184
-10.6401 0000 72.4966 216
-10.6030 0000 72.4677 246
-10.5678 0000 72.4655 259
-10.5329 0000 72.4683 265
-10.4981 0000 72.4729 251
-10.4632 0000 72.4757 226
-10.4305 0000 72.5121 218
-10.3952 0000 72.5099 233
-10.3574 0000 72.4692 257
-10.3217 0000 72.4604 274
-10.2863 0000 72.4565 279
-10.2512 0000 72.4561 285
-10.2161 0000 72.4572 291
-10.1811 0000 72.4584 299
-10.1462 0000 72.4613 311
-10.1111 0000 72.4625 338
-10.0772 0000 72.4804 358
-10.0424 0000 72.4850 389
-10.0076 0000 72.4912 406
-9.9728 0000 72.4957 408
-9.9378 0000 72.4969 392
-9.9040 0000 72.5182 386
-9.8704 0000 72.5428 348
-9.8367 0000 72.5658 346
-9.8030 0000 72.5888 332
-9.7677 0000 72.5867 351
-9.7325 0000 72.5845 345
-9.6975 0000 72.5874 294
-9.6638 0000 72.6104 251
-9.6288 0000 72.6133 222
-9.5937 0000 72.6145 212
-9.5600 0000 72.6392 204
-9.5263 0000 72.6622 217
-9.4914 0000 72.6668 213
-9.4563 0000 72.6680 205
-9.4201 0000 72.6508 209
-9.3864 0000 72.6755 227
-9.3513 0000 72.6767 218
-9.3174 0000 72.6981 197
-9.2823 0000 72.7009 184
-9.2487 0000 72.7274 167
-9.2136 0000 72.7286 149
-9.1793 0000 72.7432 147
-9.1429 0000 72.7226 159
-9.1091 0000 72.7474 171
-9.0740 0000 72.7486 194
-9.0400 0000 72.7700 195
-9.0050 0000 72.7729 187
-8.9698 0000 72.7741 173
-8.9374 0000 72.8224 173
-8.9024 0000 72.8270 183
-8.8673 0000 72.8283 187
-8.8349 0000 72.8800 205
-8.8003 0000 72.8896 243
-8.7649 0000 72.8875 250
-8.7294 0000 72.8820 228
-8.6953 0000 72.9034 208
-8.6615 0000 72.9299 203
-8.6263 0000 72.9295 178
-8.5895 0000 72.9021 160
-8.5540 0000 72.8966 157
-8.5200 0000 72.9197 154
-8.4866 0000 72.9547 168
-8.4516 0000 72.9593 187
-8.4163 0000 72.9588 188
-8.3825 0000 72.9854 185
-8.3482 0000 73.0035 187
-8.3127 0000 72.9997 190
-8.2774 0000 72.9992 189
-8.2424 0000 73.0039 175
-8.2085 0000 73.0304 167
-8.1746 0000 73.0570 150
-8.1406 0000 73.0818 152
-8.1078 0000 73.1304 156
-8.0750 0000 73.1789 157
-8.0414 0000 73.2140 133
-8.0088 0000 73.2677 117
-7.9719 0000 73.2368 122
-7.9351 0000 73.2076 135
-7.9007 0000 73.2258 148
-7.8643 0000 73.2034 168
-7.8290 0000 73.2047 210
-7.7938 0000 73.2059 259
-7.7584 0000 73.2055 289
-7.7230 0000 73.2034 308
-7.6856 0000 73.1590 333
-7.6500 0000 73.1535 362
-7.6146 0000 73.1514 385
-7.5788 0000 73.1409 435
-7.5438 0000 73.1472 443
-7.5097 0000 73.1738 419
-7.4744 0000 73.1734 360
-7.4385 0000 73.1611 297
-7.4040 0000 73.1793 213
-7.3705 0000 73.2195 193
-7.3357 0000 73.2309 207
-7.3005 0000 73.2339 228
-7.2643 0000 73.2132 231
-7.2285 0000 73.2043 235
-7.1921 0000 73.1802 248
-7.1565 0000 73.1731 251
-7.1203 0000 73.1524 243
-7.0851 0000 73.1570 253
-7.0508 0000 73.1803 266
-7.0157 0000 73.1833 275
-6.9813 0000 73.2048 285
-6.9461 0000 73.2078 308
-6.9116 0000 73.2277 362
-6.8763 0000 73.2290 396
-6.8409 0000 73.2286 421
-6.8054 0000 73.2231 423
-6.7699 0000 73.2210 404
-6.7347 0000 73.2223 382
-6.6994 0000 73.2236 354
-6.6640 0000 73.2232 334
-6.6278 0000 73.2009 309
-6.5915 0000 73.1785 301
-6.5551 0000 73.1511 262
-6.5195 0000 73.1439 251
-6.4853 0000 73.1723 248
-6.4505 0000 73.1854 254
-6.4163 0000 73.2137 278
-6.3808 0000 73.2117 297
-6.3453 0000 73.2062 289
-6.3097 0000 73.2008 242
-6.2737 0000 73.1835 192
-6.2402 0000 73.2321 157
-6.2068 0000 73.2842 151
-6.1724 0000 73.3092 168
-6.1370 0000 73.3089 174
-6.1013 0000 73.3000 185
-6.0651 0000 73.2759 191
-6.0296 0000 73.2722 198
-5.9934 0000 73.2498 189
-5.9579 0000 73.2461 185
-5.9227 0000 73.2491 179
-5.8875 0000 73.2538 190
-5.8529 0000 73.2754 240
-5.8176 0000 73.2784 286
-5.7830 0000 73.3001 310
-5.7478 0000 73.3048 326
-5.7130 0000 73.3231 301
-5.6779 0000 73.3295 238
-5.6433 0000 73.3529 191
-5.6080 0000 73.3559 165
-5.5718 0000 73.3318 167
-5.5360 0000 73.3196 193
-5.4993 0000 73.2786 227
-5.4637 0000 73.2732 237
-5.4283 0000 73.2711 232
-5.3930 0000 73.2725 226
-5.3576 0000 73.2738 226
-5.3225 0000 73.2802 209
-5.2871 0000 73.2799 167
-5.2515 0000 73.2745 122
-5.2155 0000 73.2521 93
-5.1806 0000 73.2687 73
-5.1443 0000 73.2396 55
0.0000 0000 0.0000 0
0.0000 0000 0.0000 0
-5.0165 0000 72.5110 47
-4.9806 0000 72.4888 76
-4.9458 0000 72.5019 114
-4.9103 0000 72.4898 143
-4.8750 0000 72.4894 174
-4.8402 0000 72.5025 173
-4.8045 0000 72.4854 167
-4.7691 0000 72.4783 141
-4.7338 0000 72.4730 120
-4.6974 0000 72.4291 108
-4.6608 0000 72.3785 106
-4.6242 0000 72.3280 115
-4.5887 0000 72.3159 123
-4.5522 0000 72.2655 125
-4.5157 0000 72.2150 124
-4.4798 0000 72.1863 128
-4.4446 0000 72.1843 126
-4.4088 0000 72.1606 126
-4.3730 0000 72.1319 126
-4.3378 0000 72.1315 132
-4.3039 0000 72.1779 136
-4.2675 0000 72.1291 146
-4.2317 0000 72.1021 170
-4.1965 0000 72.1001 209
-4.1615 0000 72.1014 239
-4.1268 0000 72.1211 235
-4.0918 0000 72.1258 233
-4.0567 0000 72.1288 244
-4.0215 0000 72.1251 261
-3.9862 0000 72.1181 267
-3.9501 0000 72.0760 258
-3.9150 0000 72.0740 241
-3.8799 0000 72.0737 230
-3.8447 0000 72.0717 225
-3.8101 0000 72.0930 212
-3.7757 0000 72.1260 211
-3.7417 0000 72.1808 208
-3.7075 0000 72.2238 207
-3.6723 0000 72.2235 213
-3.6376 0000 72.2449 221
-3.6026 0000 72.2496 220
-3.5670 0000 72.2275 229
-3.5313 0000 72.2021 279
-3.4960 0000 72.1951 315
-3.4609 0000 72.1965 327
-3.4257 0000 72.1961 320
-3.3906 0000 72.1975 291
-3.3555 0000 72.1988 254
-3.3203 0000 72.2001 235
-3.2852 0000 72.1998 227
-3.2500 0000 72.1995 211
-3.2148 0000 72.1958 192
-3.1797 0000 72.1972 175
-3.1447 0000 72.2035 163
-3.1095 0000 72.2049 155
-3.0743 0000 72.2012 141
-3.0387 0000 72.1725 131
-3.0034 0000 72.1655 126
-2.9675 0000 72.1184 117
-2.9319 0000 72.0881 108
-2.8960 0000 72.0378 103
-2.8605 0000 72.0125 103
-2.8257 0000 72.0355 97
-2.7906 0000 72.0385 94
-2.7563 0000 72.0898 89
-2.7212 0000 72.0912 89
-2.6864 0000 72.1159 92
-2.6512 0000 72.1122 103
-2.6157 0000 72.0836 122
-2.5802 0000 72.0566 146
-2.5447 0000 72.0296 185
-2.5092 0000 71.9993 219
-2.4738 0000 71.9724 282
-2.4384 0000 71.9504 286
-2.4032 0000 71.9434 306
-2.3682 0000 71.9431 341
-2.3331 0000 71.9445 351
-2.2980 0000 71.9442 312
-2.2630 0000 71.9522 259
-2.2284 0000 71.9952 217
-2.1936 0000 72.0248 183
-2.1588 0000 72.0512 182
-2.1237 0000 72.0542 182
-2.0886 0000 72.0505 197
-2.0533 0000 72.0319 208
-2.0184 0000 72.0533 226
-1.9834 0000 72.0613 225
-1.9486 0000 72.1026 215
-1.9135 0000 72.1023 193
-1.8782 0000 72.0820 172
-1.8430 0000 72.0767 130
-1.8079 0000 72.0748 102
-1.7727 0000 72.0578 107
-1.7377 0000 72.0775 118
-1.7026 0000 72.0788 147
-1.6675 0000 72.0752 183
-1.6322 0000 72.0516 205
-1.5968 0000 72.0080 228
-1.5616 0000 71.9944 235
-1.5265 0000 71.9874 232
-1.4912 0000 71.9472 231
-1.4560 0000 71.9386 227
-1.4208 0000 71.9167 215
-1.3858 0000 71.9114 178
-1.3505 0000 71.8662 154
-1.3154 0000 71.8576 149
-1.2803 0000 71.8540 149
-1.2451 0000 71.8089 148
-1.2099 0000 71.7820 159
-1.1748 0000 71.7569 163
-1.1396 0000 71.7085 176
-1.1045 0000 71.6767 200
-1.0694 0000 71.6284 262
-1.0344 0000 71.6248 319
-0.9994 0000 71.6229 323
-0.9643 0000 71.5978 331
-0.9293 0000 71.5743 328
-0.8943 0000 71.5674 334
-0.8593 0000 71.5655 324
-0.8244 0000 71.5652 306
-0.7894 0000 71.5649 290
-0.7544 0000 71.5613 285
-0.7195 0000 71.5561 290
-0.6845 0000 71.5525 287
-0.6495 0000 71.5093 281
-0.6146 0000 71.5024 296
-0.5796 0000 71.5005 311
-0.5447 0000 71.4837 305
-0.5097 0000 71.4817 356
-0.4748 0000 71.4815 381
-0.4399 0000 71.4796 375
-0.4049 0000 71.4809 323
-0.3699 0000 71.5087 245
-0.3349 0000 71.5415 231
-0.2999 0000 71.5677 235
-0.2648 0000 71.5889 289
-0.2299 0000 71.5887 336
-0.1949 0000 71.5917 368
-0.1598 0000 71.6113 359
-0.1249 0000 71.6127 348
-0.0899 0000 71.6108 330
-0.0549 0000 71.6072 330
-0.0200 0000 71.6053 338
0.0149 0000 71.5901 345
0.0499 0000 71.5882 301
0.0849 0000 71.6078 243
0.1199 0000 71.6108 225
0.1550 0000 71.6287 263
0.1899 0000 71.6152 303
0.2248 0000 71.6084 355
0.2595 0000 71.5684 377
0.2944 0000 71.5566 364
0.3293 0000 71.5480 325
0.3641 0000 71.5296 300
0.3991 0000 71.5293 257
0.4342 0000 71.5522 207
0.4692 0000 71.5586 183
0.5043 0000 71.5781 185
0.5393 0000 71.5746 178
0.5742 0000 71.5743 166
0.6092 0000 71.5774 160
0.6442 0000 71.5821 161
0.6794 0000 71.6083 161
0.7144 0000 71.6080 164
0.7488 0000 71.5581 161
0.7834 0000 71.5215 163
0.8175 0000 71.4420 181
0.8522 0000 71.4153 196
0.8869 0000 71.3937 212
0.9218 0000 71.3934 229
0.9567 0000 71.3898 241
0.9915 0000 71.3846 255
1.0259 0000 71.3399 270
1.0608 0000 71.3363 288
1.0957 0000 71.3377 299
1.1306 0000 71.3375 305
1.1651 0000 71.3125 325
1.1998 0000 71.2908 293
1.2346 0000 71.2840 257
1.2691 0000 71.2574 239
1.3034 0000 71.2143 222
1.3381 0000 71.2059 213
1.3726 0000 71.1793 226
1.4074 0000 71.1741 228
1.4423 0000 71.1755 225
1.4775 0000 71.1999 221
1.5125 0000 71.2046 242
1.5476 0000 71.2241 265
1.5821 0000 71.2008 303
1.6167 0000 71.1791 302
1.6514 0000 71.1690 318
1.6859 0000 71.1474 309
1.7204 0000 71.1258 312
1.7553 0000 71.1272 287
1.7901 0000 71.1285 262
1.8250 0000 71.1299 241
1.8598 0000 71.1280 228
1.8942 0000 71.1015 241
1.9290 0000 71.0980 271
1.9634 0000 71.0747 285
1.9983 0000 71.0744 288
2.0331 0000 71.0742 282
2.0675 0000 71.0509 285
2.1024 0000 71.0507 286
2.1372 0000 71.0504 276
2.1720 0000 71.0485 257
2.2078 0000 71.0992 247
2.2437 0000 71.1516 242
2.2795 0000 71.2007 241
2.3139 0000 71.1741 241
2.3486 0000 71.1673 254
2.3830 0000 71.1423 276
2.4173 0000 71.1174 279
2.4517 0000 71.0942 306
2.4864 0000 71.0890 302
2.5212 0000 71.0887 281
2.5561 0000 71.0918 258
2.5910 0000 71.0932 249
2.6259 0000 71.0929 251
2.6612 0000 71.1141 246
2.6961 0000 71.1171 244
2.7311 0000 71.1201 244
2.7661 0000 71.1265 255
2.8019 0000 71.1690 264
2.8369 0000 71.1720 267
2.8717 0000 71.1702 268
2.9065 0000 71.1683 264
2.9409 0000 71.1499 278
2.9757 0000 71.1447 273
3.0105 0000 71.1429 254
3.0454 0000 71.1443 235
3.0809 0000 71.1704 214
3.1159 0000 71.1750 204
3.1507 0000 71.1715 197
3.1854 0000 71.1663 199
3.2198 0000 71.1464 192
3.2546 0000 71.1445 185
3.2895 0000 71.1459 180
3.3250 0000 71.1670 184
3.3599 0000 71.1701 181
3.3949 0000 71.1732 174
3.4302 0000 71.1894 180
3.4650 0000 71.1875 170
3.4999 0000 71.1873 153
3.5349 0000 71.1903 152
3.5698 0000 71.1917 171
3.6045 0000 71.1866 189
3.6388 0000 71.1666 184
3.6730 0000 71.1417 189
3.7076 0000 71.1332 197
3.7418 0000 71.1099 233
3.7760 0000 71.0900 245
3.8107 0000 71.0848 265
3.8454 0000 71.0797 269
3.8803 0000 71.0811 258
3.9160 0000 71.1055 216
3.9518 0000 71.1366 193
3.9877 0000 71.1693 171
4.0232 0000 71.1888 170
4.0572 0000 71.1622 177
4.0921 0000 71.1604 177
4.1268 0000 71.1569 180
4.1615 0000 71.1517 197
4.1958 0000 71.1334 202
4.2314 0000 71.1562 198
4.2672 0000 71.1823 211
4.3030 0000 71.2101 210
4.3396 0000 71.2577 218
4.3746 0000 71.2625 236
4.4096 0000 71.2639 247
4.4444 0000 71.2620 243
4.4794 0000 71.2651 239
4.5142 0000 71.2600 263
4.5483 0000 71.2383 316
4.5832 0000 71.2381 296
4.6181 0000 71.2396 270
4.6529 0000 71.2361 283
4.6878 0000 71.2359 272
4.7227 0000 71.2357 236
4.7576 0000 71.2355 213
4.7924 0000 71.2320 207
4.8263 0000 71.2071 207
4.8611 0000 71.2052 219
4.8972 0000 71.2347 226
4.9339 0000 71.2823 256
4.9690 0000 71.2871 297
5.0041 0000 71.2919 350
5.0407 0000 71.3346 395
5.0757 0000 71.3361 400
5.1105 0000 71.3342 385
5.1447 0000 71.3159 383
5.1796 0000 71.3157 343
5.2138 0000 71.2974 289
5.2486 0000 71.2956 261
5.2843 0000 71.3152 244
5.3193 0000 71.3167 216
5.3562 0000 71.3644 181
5.3934 0000 71.4187 148
5.4318 0000 71.5013 132
5.4692 0000 71.5574 145
5.5041 0000 71.5572 183
5.5390 0000 71.5537 235
5.5729 0000 71.5287 273
5.6059 0000 71.4855 308
5.6405 0000 71.4755 322
5.6744 0000 71.4521 304
5.7092 0000 71.4487 280
5.7431 0000 71.4254 254
5.7779 0000 71.4236 222
5.8138 0000 71.4433 219
5.8497 0000 71.4663 219
5.8850 0000 71.4727 259
5.9198 0000 71.4709 307
5.9545 0000 71.4642 331
5.9879 0000 71.4310 333
6.0225 0000 71.4242 308
6.0570 0000 71.4158 262
6.0919 0000 71.4140 216
6.1303 0000 71.4883 170
6.1733 0000 71.6571 157
6.2119 0000 71.7333 179
6.2469 0000 71.7332 206
6.2820 0000 71.7347 223
6.3171 0000 71.7362 228
6.3520 0000 71.7344 215
6.3870 0000 71.7343 184
6.4230 0000 71.7541 142
6.4591 0000 71.7772 121
6.4947 0000 71.7887 100
6.5321 0000 71.8368 94
6.5672 0000 71.8383 102
6.6019 0000 71.8315 117
6.6351 0000 71.7949 138
6.6702 0000 71.7964 159
6.7054 0000 71.7996 167
6.7405 0000 71.8028 160
6.7755 0000 71.8010 152
6.8103 0000 71.7976 142
6.8446 0000 71.7842 133
6.8773 0000 71.7409 127
6.9118 0000 71.7309 122
6.9439 0000 71.6777 114
6.9719 0000 71.5467 110
7.0020 0000 71.4573 130
7.0343 0000 71.4076 158
7.0670 0000 71.3679 181
7.1014 0000 71.3595 193
7.1349 0000 71.3330 192
7.1675 0000 71.2917 190
7.2019 0000 71.2850 172
7.2340 0000 71.2355 160
7.2684 0000 71.2272 159
7.3018 0000 71.2007 169
7.3342 0000 71.1578 173
7.3685 0000 71.1479 185
7.4029 0000 71.1412 200
7.4365 0000 71.1198 212
7.4699 0000 71.0950 250
7.5042 0000 71.0867 267
7.5369 0000 71.0505 260
7.5699 0000 71.0192 246
7.6027 0000 70.9863 268
7.6349 0000 70.9420 278
7.6690 0000 70.9321 278
7.7014 0000 70.8910 266
7.7356 0000 70.8827 257
7.7703 0000 70.8827 267
7.8064 0000 70.9039 279
7.8411 0000 70.9039 310
7.8757 0000 70.9022 334
7.9095 0000 70.8857 362
7.9440 0000 70.8824 347
7.9789 0000 70.8856 303
8.0151 0000 70.9085 235
8.0514 0000 70.9347 193
8.0893 0000 70.9855 157
8.1259 0000 71.0150 138
8.1620 0000 71.0363 143
8.1972 0000 71.0429 149
8.2334 0000 71.0658 151
8.2695 0000 71.0871 156
8.3081 0000 71.1479 140
8.3481 0000 71.2302 131
8.3848 0000 71.2598 125
8.4208 0000 71.2778 124
8.4566 0000 71.2926 107
8.4914 0000 71.2926 92
8.5235 0000 71.2514 79
8.5583 0000 71.2513 68
8.5946 0000 71.2743 62
8.6299 0000 71.2825 60
8.6679 0000 71.3303 62
8.7030 0000 71.3352 65
8.7378 0000 71.3352 67
8.7727 0000 71.3368 72
8.8075 0000 71.3367 78
8.8422 0000 71.3351 82
8.8739 0000 71.2889 82
8.9064 0000 71.2543 82
8.9375 0000 71.1999 92
8.9717 0000 71.1916 107
9.0037 0000 71.1505 116
9.0379 0000 71.1422 124
9.0712 0000 71.1208 130
9.1060 0000 71.1225 142
9.1408 0000 71.1224 153
9.1753 0000 71.1191 158
9.2085 0000 71.0977 160
9.2432 0000 71.0961 146
9.2777 0000 71.0928 126
9.3123 0000 71.0911 111
9.3455 0000 71.0697 113
9.3783 0000 71.0418 126
9.4110 0000 71.0139 163
9.4439 0000 70.9876 188
9.4765 0000 70.9580 237
9.5093 0000 70.9318 272
9.5422 0000 70.9072 295
9.5752 0000 70.8842 328
9.6096 0000 70.8793 322
9.6427 0000 70.8580 274
9.6753 0000 70.8301 245
9.7063 0000 70.7794 221
9.7371 0000 70.7271 216
9.7695 0000 70.6960 217
9.8021 0000 70.6682 243
9.8350 0000 70.6453 275
9.8680 0000 70.6241 267
9.9024 0000 70.6208 248
9.9407 0000 70.6698 218
9.9797 0000 70.7286 207
10.0184 0000 70.7825 212
10.0563 0000 70.8267 230
10.0910 0000 70.8267 245
10.1257 0000 70.8267 237
10.1618 0000 70.8463 224
10.1986 0000 70.8741 186
10.2354 0000 70.9019 186
10.2704 0000 70.9068 193
10.3036 0000 70.8871 196
10.3378 0000 70.8822 200
10.3705 0000 70.8560 189
10.4012 0000 70.8053 192
10.4313 0000 70.7464 197
10.4584 0000 70.6500 211
10.4907 0000 70.6206 248
10.5233 0000 70.5945 281
10.5577 0000 70.5928 310
10.5927 0000 70.5977 324
10.6293 0000 70.6222 360
10.6644 0000 70.6287 406
10.6992 0000 70.6319 454
10.7337 0000 70.6303 448
10.7675 0000 70.6205 391
10.8013 0000 70.6107 348
10.8341 0000 70.5878 347
10.8684 0000 70.5846 333
10.9047 0000 70.6057 315
10.9397 0000 70.6106 328
10.9743 0000 70.6106 337
11.0086 0000 70.6073 336
11.0416 0000 70.5878 335
11.0750 0000 70.5731 292
11.1091 0000 70.5682 275
11.1429 0000 70.5584 288
11.1755 0000 70.5339 322
11.2086 0000 70.5160 286
11.2427 0000 70.5111 278
11.2770 0000 70.5078 301
11.3084 0000 70.4703 329
11.3444 0000 70.4866 344
11.3789 0000 70.4866 352
11.4132 0000 70.4833 343
11.4455 0000 70.4573 324
11.4777 0000 70.4296 315
11.5084 0000 70.3840 291
11.5428 0000 70.3824 266
11.5777 0000 70.3873 235
11.6166 0000 70.4376 218
11.6534 0000 70.4637 218
11.6879 0000 70.4636 212
11.7223 0000 70.4620 214
11.7566 0000 70.4587 221
11.7912 0000 70.4603 224
11.8261 0000 70.4635 222
11.8605 0000 70.4619 211
11.8944 0000 70.4554 185
11.9253 0000 70.4131 152
11.9575 0000 70.3870 127
11.9919 0000 70.3854 103
12.0284 0000 70.4081 83
12.0655 0000 70.4374 68
12.1023 0000 70.4634 57
12.1369 0000 70.4633 52
12.1713 0000 70.4617 57
12.2014 0000 70.4129 69
12.2335 0000 70.3852 88
12.2655 0000 70.3576 111
12.2994 0000 70.3511 139
12.3320 0000 70.3299 165
12.3660 0000 70.3250 199
12.3971 0000 70.2877 228
12.4316 0000 70.2876 241
12.4661 0000 70.2876 232
12.5004 0000 70.2860 207
12.5351 0000 70.2875 177
12.5709 0000 70.3021 159
12.6013 0000 70.2583 140
12.6304 0000 70.1999 134
12.6582 0000 70.1286 157
12.6923 0000 70.1254 173
12.7248 0000 70.1043 168
12.7583 0000 70.0946 167
12.7894 0000 70.0589 151
12.8234 0000 70.0541 128
12.8573 0000 70.0492 114
12.8917 0000 70.0491 106
12.9263 0000 70.0507 100
12.9607 0000 70.0507 102
12.9926 0000 70.0248 114
13.0250 0000 70.0038 150
13.0573 0000 69.9811 175
13.0912 0000 69.9762 195
13.1251 0000 69.9714 217
13.1573 0000 69.9487 250
13.1912 0000 69.9438 263
13.2250 0000 69.9373 268
13.2573 0000 69.9163 255
13.2910 0000 69.9098 249
13.3235 0000 69.8905 259
13.3580 0000 69.8920 264
13.3922 0000 69.8904 276
13.4260 0000 69.8839 293
13.4582 0000 69.8629 316
13.4908 0000 69.8451 286
13.5252 0000 69.8451 259
13.5634 0000 69.8837 238
13.5986 0000 69.8918 227
13.6353 0000 69.9159 222
13.6695 0000 69.9143 234
13.7036 0000 69.9110 241
13.7361 0000 69.8932 250
13.7703 0000 69.8916 244
13.8047 0000 69.8915 240
13.8389 0000 69.8899 230
13.8729 0000 69.8866 216
13.9071 0000 69.8850 203
13.9414 0000 69.8849 188
13.9761 0000 69.8881 177
14.0103 0000 69.8865 174
14.0425 0000 69.8655 169
14.0768 0000 69.8655 173
14.1112 0000 69.8654 185
14.1435 0000 69.8461 208
14.1782 0000 69.8492 234
14.2123 0000 69.8476 268
14.2465 0000 69.8460 288
14.2825 0000 69.8620 282
14.3169 0000 69.8620 288
14.3512 0000 69.8620 294
14.3837 0000 69.8442 312
14.4197 0000 69.8603 300
14.4542 0000 69.8619 305
14.4882 0000 69.8587 313
14.5227 0000 69.8603 304
14.5577 0000 69.8667 280
14.5950 0000 69.8941 254
14.6326 0000 69.9247 247
14.6720 0000 69.9714 242
14.7068 0000 69.9763 240
14.7414 0000 69.9779 242
14.7759 0000 69.9795 249
14.8095 0000 69.9730 245
14.8434 0000 69.9681 240
14.8781 0000 69.9714 235
14.9151 0000 69.9956 223
14.9517 0000 70.0165 204
14.9886 0000 70.0392 198
15.0233 0000 70.0424 190
15.0552 0000 70.0198 196
15.0892 0000 70.0165 205
15.1207 0000 69.9907 226
15.1546 0000 69.9875 262
15.1867 0000 69.9665 291
15.2185 0000 69.9439 347
15.2523 0000 69.9391 371
15.2843 0000 69.9181 371
15.3183 0000 69.9149 375
15.3526 0000 69.9149 351
15.3925 0000 69.9649 329
15.4281 0000 69.9762 334
15.4650 0000 69.9989 355
15.5018 0000 70.0199 346
15.5365 0000 70.0231 351
15.5705 0000 70.0199 356
15.6046 0000 70.0183 371
15.6390 0000 70.0183 387
15.6733 0000 70.0184 391
15.7080 0000 70.0216 372
15.7446 0000 70.0410 358
15.7787 0000 70.0394 338
15.8133 0000 70.0411 322
15.8482 0000 70.0460 298
15.8829 0000 70.0492 270
15.9171 0000 70.0476 255
15.9510 0000 70.0444 247
15.9850 0000 70.0412 236
16.0188 0000 70.0364 228
16.0508 0000 70.0171 238
16.0850 0000 70.0155 229
16.1218 0000 70.0365 204
16.1569 0000 70.0430 182
16.1943 0000 70.0690 156
16.2292 0000 70.0739 121
16.2633 0000 70.0723 92
16.2915 0000 70.0206 77
16.3231 0000 69.9980 77
16.3605 0000 70.0239 81
16.3949 0000 70.0240 90
16.4294 0000 70.0256 103
16.4645 0000 70.0321 121
16.5009 0000 70.0500 131
16.5354 0000 70.0516 145
16.5696 0000 70.0501 150
16.6037 0000 70.0485 155
16.6386 0000 70.0534 163
16.6757 0000 70.0761 175
16.7129 0000 70.1005 171
16.7484 0000 70.1102 191
16.7846 0000 70.1249 224
16.8169 0000 70.1087 230
16.8512 0000 70.1088 255
16.8854 0000 70.1072 267
16.9187 0000 70.0992 270
16.9522 0000 70.0928 273
16.9861 0000 70.0896 271
17.0202 0000 70.0881 273
17.0545 0000 70.0881 283
17.0852 0000 70.0591 289
17.1213 0000 70.0737 310
17.1538 0000 70.0592 294
17.1873 0000 70.0528 287
17.2212 0000 70.0497 272
17.2585 0000 70.0740 253
17.2959 0000 70.0983 270
17.3300 0000 70.0968 282
17.3643 0000 70.0969 287
17.3988 0000 70.0986 282
17.4327 0000 70.0954 274
17.4665 0000 70.0922 262
17.5008 0000 70.0923 250
17.5355 0000 70.0956 242
17.5700 0000 70.0973 236
17.6039 0000 70.0942 234
17.6359 0000 70.0765 241
17.6679 0000 70.0587 219
17.7022 0000 70.0588 233
17.7364 0000 70.0589 257
17.7701 0000 70.0541 270
17.8039 0000 70.0510 281
17.8373 0000 70.0446 294
17.8691 0000 70.0253 329
17.9010 0000 70.0076 319
17.9344 0000 70.0012 319
17.9653 0000 69.9755 311
17.9983 0000 69.9659 333
18.0293 0000 69.9418 374
18.0604 0000 69.9176 378
18.0923 0000 69.9000 387
18.1265 0000 69.9001 338
18.1601 0000 69.8953 299
18.1938 0000 69.8922 263
18.2278 0000 69.8907 224
18.2618 0000 69.8892 198
18.2936 0000 69.8716 187
18.3250 0000 69.8507 166
18.3590 0000 69.8492 165
18.3953 0000 69.8654 179
18.4291 0000 69.8623 182
18.4633 0000 69.8624 186
18.4979 0000 69.8658 201
18.5357 0000 69.8933 211
18.5703 0000 69.8966 234
18.6041 0000 69.8935 263
18.6354 0000 69.8727 272
18.6696 0000 69.8728 286
18.7040 0000 69.8745 332
18.7360 0000 69.8585 310
18.7697 0000 69.8554 295
18.8032 0000 69.8507 283
18.8367 0000 69.8460 300
18.8708 0000 69.8461 334
18.9049 0000 69.8462 348
18.9391 0000 69.8464 349
18.9732 0000 69.8465 349
19.0074 0000 69.8466 352
19.0415 0000 69.8468 357
19.0754 0000 69.8453 348
19.1093 0000 69.8438 326
19.1434 0000 69.8440 299
19.1773 0000 69.8425 280
19.2110 0000 69.8394 272
19.2517 0000 69.8863 257
19.2925 0000 69.9348 232
19.3384 0000 70.0189 195
19.3818 0000 70.0852 183
19.4255 0000 70.1533 190
19.4663 0000 70.2004 188
19.5044 0000 70.2281 180
19.5422 0000 70.2541 180
19.5773 0000 70.2608 172
19.6124 0000 70.2674 162
19.6537 0000 70.3178 144
19.6916 0000 70.3439 128
19.7323 0000 70.3895 113
19.7933 0000 70.5782 102
19.8420 0000 70.6793 111
19.8804 0000 70.7088 123
19.9215 0000 70.7562 145
19.9593 0000 70.7809 168
19.9938 0000 70.7826 189
20.0312 0000 70.8040 205
20.0664 0000 70.8107 215
20.1028 0000 70.8255 239
20.1367 0000 70.8224 235
20.1712 0000 70.8242 199
20.2062 0000 70.8292 149
20.2472 0000 70.8751 111
20.2898 0000 70.9325 87
20.3296 0000 70.9702 74
20.3709 0000 71.0178 68
20.4088 0000 71.0425 67
20.4477 0000 71.0738 69
20.4893 0000 71.1231 74
20.5316 0000 71.1773 75
20.5713 0000 71.2135 80
20.6137 0000 71.2678 92
20.6515 0000 71.2910 98
20.6863 0000 71.2944 104
20.7285 0000 71.3471 107
20.7637 0000 71.3522 100
20.8037 0000 71.3901 94
20.8387 0000 71.3935 93
20.8738 0000 71.3986 102
20.9114 0000 71.4201 107
20.9459 0000 71.4203 108
20.9796 0000 71.4155 105
21.0108 0000 71.3942 111
21.0447 0000 71.3911 112
21.0786 0000 71.3879 120
21.1128 0000 71.3864 124
21.1415 0000 71.3487 123
21.1711 0000 71.3177 129
21.2040 0000 71.3080 149
21.2379 0000 71.3048 161
21.2723 0000 71.3050 169
21.3072 0000 71.3084 170
21.3421 0000 71.3118 158
21.3772 0000 71.3169 141
21.4187 0000 71.3630 129
21.4617 0000 71.4190 123
21.5035 0000 71.4668 120
21.5389 0000 71.4735 117
21.5805 0000 71.5197 116
21.6157 0000 71.5248 121
21.6504 0000 71.5265 131
21.6851 0000 71.5283 143
21.7193 0000 71.5268 156
21.7532 0000 71.5236 170
21.7882 0000 71.5271 187
21.8226 0000 71.5272 193
21.8565 0000 71.5240 190
21.8868 0000 71.4979 179
21.9176 0000 71.4750 176
21.9513 0000 71.4702 173
21.9854 0000 71.4687 176
