wt=151375975, DLLFiFo=0
-24.1205 0000 82.1453 109
-24.0846 0000 82.1522 121
-24.0461 0000 82.1420 97
-24.0088 0000 82.1395 79
-23.9746 0000 82.1577 65
-23.9418 0000 82.1855 61
-23.9059 0000 82.1924 73
-23.8713 0000 82.2088 72
-23.8351 0000 82.2138 69
-23.7984 0000 82.2150 63
-23.7610 0000 82.2124 57
-23.7240 0000 82.2117 53
-23.6866 0000 82.2091 49
-23.6496 0000 82.2084 47
-23.6159 0000 82.2305 51
-23.5769 0000 82.2166 69
-23.5492 0000 82.2804 85
-23.5133 0000 82.2873 82
-23.4759 0000 82.2848 77
-23.4350 0000 82.2575 124
-23.3968 0000 82.2492 218
-23.3603 0000 82.2523 242
-23.3246 0000 82.2611 181
-23.2875 0000 82.2604 157
-23.2504 0000 82.2598 149
-23.2125 0000 82.2534 129
-23.1765 0000 82.2603 126
-23.1416 0000 82.2748 155
-23.1053 0000 82.2798 163
-23.0715 0000 82.3020 153
-23.0338 0000 82.2975 152
-22.9973 0000 82.3006 141
-22.9615 0000 82.3095 130
-22.9277 0000 82.3316 131
-22.8900 0000 82.3271 149
-22.8521 0000 82.3207 165
-22.8118 0000 82.2973 184
-22.7717 0000 82.2757 160
-22.7316 0000 82.2542 156
-22.6945 0000 82.2535 148
-22.6587 0000 82.2623 144
-22.6272 0000 82.3016 146
-22.5906 0000 82.3047 149
-22.5546 0000 82.3117 175
-22.5188 0000 82.3205 220
-22.4837 0000 82.3351 201
-22.4487 0000 82.3496 172
-22.4113 0000 82.3471 128
-22.3707 0000 82.3217 126
-22.3320 0000 82.3097 130
-22.2969 0000 82.3242 137
-22.2661 0000 82.3692 138
-22.2305 0000 82.3800 140
-22.1923 0000 82.3718 132
-22.1543 0000 82.3654 128
-22.1171 0000 82.3648 117
-22.0773 0000 82.3452 104
-22.0391 0000 82.3369 86
-22.0024 0000 82.3401 75
-21.9733 0000 82.3984 68
-21.9407 0000 82.4321 69
-21.9069 0000 82.4562 81
-21.8707 0000 82.4632 100
-21.8332 0000 82.4607 119
-21.7936 0000 82.4430 131
-21.7533 0000 82.4195 133
-21.7161 0000 82.4189 128
-21.6784 0000 82.4145 116
-21.6398 0000 82.4044 117
-21.6016 0000 82.3962 122
-21.5598 0000 82.3614 118
-21.5210 0000 82.3493 103
-21.4818 0000 82.3335 99
-21.4506 0000 82.3786 109
-21.4133 0000 82.3780 137
-21.3771 0000 82.3851 171
-21.3403 0000 82.3883 154
-21.3040 0000 82.3953 136
-21.2698 0000 82.4176 129
-21.2338 0000 82.4266 134
-21.2002 0000 82.4546 133
-21.1639 0000 82.4616 142
-21.1271 0000 82.4649 129
-21.0891 0000 82.4586 102
-21.0500 0000 82.4447 94
-21.0100 0000 82.4232 114
-20.9727 0000 82.4226 109
-20.9369 0000 82.4335 107
-20.9040 0000 82.4673 122
-20.8720 0000 82.5086 146
-20.8359 0000 82.5176 154
-20.7983 0000 82.5152 153
-20.7561 0000 82.4765 144
-20.7173 0000 82.4646 127
-20.6790 0000 82.4564 107
-20.6419 0000 82.4578 93
-20.6045 0000 82.4572 85
-20.5638 0000 82.4300 104
-20.5217 0000 82.3914 149
-20.4829 0000 82.3795 135
-20.4451 0000 82.3751 123
-20.4125 0000 82.4127 103
-20.3771 0000 82.4274 94
-20.3435 0000 82.4574 103
-20.3095 0000 82.4835 89
-20.2733 0000 82.4926 89
-20.2390 0000 82.5168 86
-20.2045 0000 82.5392 90
-20.1683 0000 82.5482 92
-20.1316 0000 82.5535 96
-20.0944 0000 82.5549 97
-20.0568 0000 82.5524 99
-20.0184 0000 82.5443 101
-19.9766 0000 82.5076 99
-19.9394 0000 82.5090 100
-19.9062 0000 82.5428 114
-19.8693 0000 82.5461 144
-19.8321 0000 82.5475 162
-19.7951 0000 82.5508 144
-19.7624 0000 82.5885 123
-19.7261 0000 82.5976 116
-19.6891 0000 82.6009 121
-19.6517 0000 82.6004 140
-19.6138 0000 82.5961 150
-19.5736 0000 82.5727 141
-19.5350 0000 82.5627 140
-19.4971 0000 82.5583 132
-19.4604 0000 82.5636 137
-19.4241 0000 82.5726 168
-19.3889 0000 82.5913 214
-19.3539 0000 82.6118 173
-19.3176 0000 82.6208 138
-19.2806 0000 82.6242 115
-19.2479 0000 82.6638 97
-19.2104 0000 82.6634 96
-19.1702 0000 82.6399 107
-19.1303 0000 82.6184 137
-19.0931 0000 82.6199 172
-19.0556 0000 82.6194 225
-19.0181 0000 82.6189 252
-18.9809 0000 82.6203 241
-18.9432 0000 82.6179 214
-18.9057 0000 82.6175 172
-18.8685 0000 82.6189 149
-18.8306 0000 82.6146 167
-18.7925 0000 82.6084 180
-18.7519 0000 82.5812 168
-18.7092 0000 82.5349 220
-18.6685 0000 82.5057 319
-18.6297 0000 82.4938 317
-18.5923 0000 82.4933 274
-18.5590 0000 82.5291 196
-18.5237 0000 82.5477 139
-18.4920 0000 82.5988 117
-18.4561 0000 82.6117 111
-18.4184 0000 82.6094 108
-18.3768 0000 82.5726 103
-18.3346 0000 82.5301 107
-18.2886 0000 82.4533 113
-18.2495 0000 82.4376 118
-18.2104 0000 82.4218 144
-18.1755 0000 82.4442 139
-18.1397 0000 82.4590 128
-18.1031 0000 82.4662 96
-18.0671 0000 82.4790 78
-18.0259 0000 82.4442 84
-17.9859 0000 82.4209 81
-17.9483 0000 82.4185 91
-17.9098 0000 82.4085 101
-17.8728 0000 82.4118 111
-17.8353 0000 82.4113 96
-17.8022 0000 82.4509 75
-17.7685 0000 82.4848 79
-17.7335 0000 82.5072 103
-17.6963 0000 82.5087 128
-17.6584 0000 82.5044 110
-17.6201 0000 82.4962 88
-17.5826 0000 82.4958 89
-17.5456 0000 82.4991 96
-17.5085 0000 82.5025 103
-17.4735 0000 82.5249 93
-17.4371 0000 82.5340 86
-17.3975 0000 82.5144 95
-17.3588 0000 82.5025 98
-17.3185 0000 82.4753 79
-17.2716 0000 82.3851 76
-17.2223 0000 82.2723 108
-17.1800 0000 82.2261 162
-17.1404 0000 82.2047 173
-17.1032 0000 82.2061 156
-17.0732 0000 82.2761 121
-17.0439 0000 82.3537 89
-17.0099 0000 82.3856 62
-16.9778 0000 82.4366 47
0.0000 0000 0.0000 0
0.0000 0000 0.0000 0
-16.8555 0000 82.3398 48
-16.8173 0000 82.3317 78
-16.7802 0000 82.3351 104
-16.7453 0000 82.3593 94
-16.7083 0000 82.3627 93
-16.6685 0000 82.3393 91
-16.6303 0000 82.3312 103
-16.5928 0000 82.3307 126
-16.5546 0000 82.3226 158
-16.5176 0000 82.3259 157
-16.4857 0000 82.3807 144
-16.4521 0000 82.4184 160
-16.4160 0000 82.4312 196
-16.3789 0000 82.4346 222
-16.3390 0000 82.4093 220
-16.3007 0000 82.4012 217
-16.2606 0000 82.3740 217
-16.2201 0000 82.3430 194
-16.1825 0000 82.3406 180
-16.1460 0000 82.3496 170
-16.1085 0000 82.3492 131
-16.0679 0000 82.3163 96
-16.0241 0000 82.2510 76
-15.9829 0000 82.2125 68
-15.9431 0000 82.1873 66
-15.9058 0000 82.1887 62
-15.8688 0000 82.1920 65
-15.8314 0000 82.1915 74
-15.7939 0000 82.1910 74
-15.7558 0000 82.1829 63
-15.7187 0000 82.1862 64
-15.6833 0000 82.2066 84
-15.6503 0000 82.2518 105
-15.6136 0000 82.2589 131
-15.5774 0000 82.2718 139
-15.5402 0000 82.2732 131
-15.5024 0000 82.2689 121
-15.4640 0000 82.2589 108
-15.4241 0000 82.2317 95
-15.3838 0000 82.2008 78
-15.3444 0000 82.1794 78
-15.3062 0000 82.1713 74
-15.2622 0000 82.1005 78
-15.2184 0000 82.0316 98
-15.1775 0000 81.9932 122
-15.1399 0000 81.9908 144
-15.1020 0000 81.9846 173
-15.0631 0000 81.9670 168
-15.0243 0000 81.9514 170
-14.9859 0000 81.9395 168
-14.9457 0000 81.9087 150
-14.9066 0000 81.8892 134
-14.8684 0000 81.8793 118
-14.8312 0000 81.8807 98
-14.7975 0000 81.9200 88
-14.7608 0000 81.9271 87
-14.7257 0000 81.9512 88
-14.6909 0000 81.9792 83
-14.6494 0000 81.9332 85
-14.6083 0000 81.8910 84
-14.5650 0000 81.8242 101
-14.5273 0000 81.8199 118
-14.4908 0000 81.8289 114
-14.4535 0000 81.8284 98
-14.4151 0000 81.8166 88
-14.3758 0000 81.7934 89
-14.3383 0000 81.7910 113
-14.3010 0000 81.7905 142
-14.2630 0000 81.7825 171
-14.2202 0000 81.7196 214
-14.1776 0000 81.6586 285
-14.1383 0000 81.6355 373
-14.1008 0000 81.6331 316
-14.0621 0000 81.6156 192
-14.0227 0000 81.5906 145
-13.9846 0000 81.5807 115
-13.9473 0000 81.5802 102
-13.9098 0000 81.5778 112
-13.8722 0000 81.5735 127
-13.8362 0000 81.5882 119
-13.8015 0000 81.6179 124
-13.7647 0000 81.6231 137
-13.7322 0000 81.6793 141
-13.6958 0000 81.6901 135
-13.6584 0000 81.6877 126
-13.6159 0000 81.6249 119
-13.5732 0000 81.5603 123
-13.5312 0000 81.5032 112
-13.4913 0000 81.4707 108
-13.4509 0000 81.4325 118
-13.4135 0000 81.4301 137
-13.3763 0000 81.4297 126
-13.3392 0000 81.4311 105
-13.3016 0000 81.4268 103
-13.2632 0000 81.4113 119
-13.2235 0000 81.3807 135
-13.1832 0000 81.3425 158
-13.1431 0000 81.3063 149
-13.1040 0000 81.2833 128
-13.0640 0000 81.2471 114
-13.0234 0000 81.2053 110
-12.9855 0000 81.1954 116
-12.9473 0000 81.1818 141
-12.9104 0000 81.1851 162
-12.8733 0000 81.1865 177
-12.8347 0000 81.1672 147
-12.7960 0000 81.1480 131
-12.7581 0000 81.1381 131
-12.7209 0000 81.1376 116
-12.6885 0000 81.1991 104
-12.6573 0000 81.2757 176
-12.6213 0000 81.2903 264
-12.5840 0000 81.2898 313
-12.5459 0000 81.2781 328
-12.5079 0000 81.2663 268
-12.4681 0000 81.2320 179
-12.4281 0000 81.1958 139
-12.3902 0000 81.1860 117
-12.3508 0000 81.1554 109
-12.3092 0000 81.0968 122
-12.2693 0000 81.0607 157
-12.2305 0000 81.0377 159
-12.1916 0000 81.0147 170
-12.1543 0000 81.0124 167
-12.1170 0000 81.0100 165
-12.0771 0000 80.9721 172
-12.0391 0000 80.9604 205
-12.0018 0000 80.9581 243
-11.9651 0000 80.9632 311
-11.9280 0000 80.9646 394
-11.8909 0000 80.9642 363
-11.8549 0000 80.9806 237
-11.8175 0000 80.9763 177
-11.7782 0000 80.9459 179
-11.7381 0000 80.9042 178
-11.7000 0000 80.8907 178
-11.6623 0000 80.8827 194
-11.6245 0000 80.8729 232
-11.5884 0000 80.8874 211
-11.5550 0000 80.9394 213
-11.5236 0000 81.0214 270
-11.4896 0000 81.0660 351
-11.4526 0000 81.0693 352
-11.4153 0000 81.0669 305
-11.3767 0000 81.0459 248
-11.3380 0000 81.0248 240
-11.2979 0000 80.9812 268
-11.2603 0000 80.9751 287
-11.2235 0000 80.9803 263
-11.1889 0000 81.0173 238
-11.1517 0000 81.0169 241
-11.1147 0000 81.0202 233
-11.0798 0000 81.0535 203
-11.0465 0000 81.1113 214
-11.0100 0000 81.1221 235
-10.9728 0000 81.1216 238
-10.9352 0000 81.1155 238
-10.8965 0000 81.0926 256
-10.8587 0000 81.0827 252
-10.8196 0000 81.0541 219
-10.7798 0000 81.0143 218
-10.7406 0000 80.9839 212
-10.7048 0000 81.0040 155
-10.6695 0000 81.0336 128
-10.6347 0000 81.0707 112
-10.6000 0000 81.1097 105
-10.5627 0000 81.1074 109
-10.5235 0000 81.0769 122
-10.4858 0000 81.0690 137
-10.4458 0000 81.0254 144
-10.4053 0000 80.9724 141
-10.3636 0000 80.9007 135
-10.3224 0000 80.8366 131
-10.2847 0000 80.8269 130
-10.2480 0000 80.8339 139
-10.2133 0000 80.8747 152
-10.1786 0000 80.9136 170
-10.1439 0000 80.9544 167
-10.1069 0000 80.9577 159
-10.0698 0000 80.9591 154
-10.0323 0000 80.9531 142
-9.9938 0000 80.9320 132
-9.9567 0000 80.9334 127
-9.9201 0000 80.9424 132
-9.8835 0000 80.9513 159
-9.8468 0000 80.9603 163
-9.8105 0000 80.9748 161
-9.7738 0000 80.9838 165
-9.7368 0000 80.9871 181
-9.6998 0000 80.9904 163
-9.6638 0000 81.0106 129
-9.6262 0000 81.0046 128
-9.5870 0000 80.9704 144
-9.5484 0000 80.9456 151
-9.5104 0000 80.9320 218
-9.4737 0000 80.9391 279
-9.4366 0000 80.9406 271
-9.3990 0000 80.9345 224
-9.3612 0000 80.9228 180
-9.3235 0000 80.9149 130
-9.2853 0000 80.8958 99
-9.2480 0000 80.8935 82
-9.2106 0000 80.8912 76
-9.1780 0000 80.9732 82
-9.1448 0000 81.0460 125
-9.1089 0000 81.0700 151
-9.0716 0000 81.0677 152
-9.0339 0000 81.0597 138
-8.9951 0000 81.0312 137
-8.9578 0000 81.0289 126
-8.9207 0000 81.0322 109
-8.8849 0000 81.0581 110
-8.8497 0000 81.0952 116
-8.8138 0000 81.1211 139
-8.7753 0000 81.0981 183
-8.7382 0000 81.0996 208
-8.7010 0000 81.1010 220
-8.6639 0000 81.1025 216
-8.6285 0000 81.1397 207
-8.5931 0000 81.1750 201
-8.5563 0000 81.1840 210
-8.5190 0000 81.1835 192
-8.4807 0000 81.1624 174
-8.4417 0000 81.1282 155
-8.4025 0000 81.0883 192
-8.3646 0000 81.0766 212
-8.3279 0000 81.0856 184
-8.2945 0000 81.1641 138
-8.2605 0000 81.2296 120
-8.2231 0000 81.2273 117
-8.1843 0000 81.1967 122
-8.1472 0000 81.2001 126
-8.1100 0000 81.2015 124
-8.0736 0000 81.2181 126
-8.0364 0000 81.2195 141
-7.9994 0000 81.2248 184
-7.9623 0000 81.2300 229
-7.9265 0000 81.2616 239
-7.8905 0000 81.2876 251
-7.8545 0000 81.3154 229
-7.8176 0000 81.3244 220
-7.7812 0000 81.3428 232
-7.7436 0000 81.3368 229
-7.7050 0000 81.3081 233
-7.6659 0000 81.2700 224
-7.6286 0000 81.2696 232
-7.5923 0000 81.2899 216
-7.5555 0000 81.3008 199
-7.5191 0000 81.3230 195
-7.4822 0000 81.3302 187
-7.4459 0000 81.3543 170
-7.4088 0000 81.3595 170
-7.3714 0000 81.3572 175
-7.3339 0000 81.3530 177
-7.2958 0000 81.3338 186
-7.2581 0000 81.3239 163
-7.2203 0000 81.3141 152
-7.1827 0000 81.3062 170
-7.1441 0000 81.2756 192
-7.1064 0000 81.2658 206
-7.0692 0000 81.2692 215
-7.0328 0000 81.2895 192
-6.9964 0000 81.3117 170
-6.9606 0000 81.3490 114
-6.9250 0000 81.3901 89
-6.8886 0000 81.4142 69
-6.8511 0000 81.4101 51
-6.8148 0000 81.4361 43
-6.7788 0000 81.4678 40
-6.7415 0000 81.4693 47
-6.7041 0000 81.4689 63
-6.6676 0000 81.4911 96
-6.6304 0000 81.4945 136
-6.5932 0000 81.4979 170
-6.5570 0000 81.5278 194
-6.5217 0000 81.5841 228
-6.4856 0000 81.6177 257
-6.4492 0000 81.6439 198
-6.4138 0000 81.6965 148
-6.3770 0000 81.7131 131
-6.3403 0000 81.7317 138
-6.3030 0000 81.7351 134
-6.2660 0000 81.7480 140
-6.2300 0000 81.7874 175
-6.1930 0000 81.7984 218
-6.1557 0000 81.8018 267
-6.1181 0000 81.7977 323
-6.0809 0000 81.8049 317
-6.0450 0000 81.8500 268
-6.0089 0000 81.8876 223
-5.9730 0000 81.9347 215
-5.9370 0000 81.9762 242
-5.8996 0000 81.9796 264
-5.8619 0000 81.9735 243
-5.8235 0000 81.9465 176
-5.7859 0000 81.9404 130
-5.7479 0000 81.9249 108
-5.7111 0000 81.9454 99
-5.6737 0000 81.9488 90
-5.6371 0000 81.9751 97
-5.6000 0000 81.9880 153
-5.5634 0000 82.0181 239
-5.5261 0000 82.0234 281
-5.4887 0000 82.0268 237
-5.4516 0000 82.0398 180
-5.4153 0000 82.0794 174
-5.3773 0000 82.0619 196
-5.3393 0000 82.0444 255
-5.3017 0000 82.0440 276
-5.2642 0000 82.0436 276
-5.2266 0000 82.0414 250
-5.1891 0000 82.0410 215
-5.1521 0000 82.0559 169
-5.1140 0000 82.0384 153
-5.0765 0000 82.0361 151
-5.0392 0000 82.0434 173
-5.0023 0000 82.0677 224
-4.9653 0000 82.0845 201
-4.9277 0000 82.0823 154
-4.8897 0000 82.0628 123
-4.8519 0000 82.0549 120
-4.8143 0000 82.0488 133
-4.7768 0000 82.0503 139
-4.7394 0000 82.0538 123
-4.7025 0000 82.0801 99
-4.6662 0000 82.1274 114
-4.6290 0000 82.1384 127
-4.5921 0000 82.1648 107
-4.5546 0000 82.1663 91
-4.5171 0000 82.1660 87
-4.4794 0000 82.1618 76
-4.4411 0000 82.1310 80
-4.4036 0000 82.1287 109
-4.3663 0000 82.1417 154
-4.3291 0000 82.1566 202
-4.2923 0000 82.1848 224
-4.2548 0000 82.1883 205
-4.2175 0000 82.1975 171
-4.1799 0000 82.1990 142
-4.1422 0000 82.1892 139
-4.1046 0000 82.1869 173
-4.0672 0000 82.1942 215
-4.0297 0000 82.1977 247
-3.9921 0000 82.1935 266
-3.9545 0000 82.1912 273
-3.9168 0000 82.1871 267
-3.8792 0000 82.1810 263
-3.8416 0000 82.1788 276
-3.8042 0000 82.1860 297
-3.7667 0000 82.1914 299
-3.7292 0000 82.1930 271
-3.6918 0000 82.1984 238
-3.6548 0000 82.2267 199
-3.6178 0000 82.2607 212
-3.5807 0000 82.2832 218
-3.5431 0000 82.2829 226
-3.5054 0000 82.2749 221
-3.4674 0000 82.2536 248
-3.4298 0000 82.2513 276
-3.3923 0000 82.2529 285
-3.3548 0000 82.2564 244
-3.3175 0000 82.2751 184
-3.2801 0000 82.2824 162
-3.2429 0000 82.3069 154
-3.2055 0000 82.3142 143
-3.1681 0000 82.3254 142
-3.1311 0000 82.3633 146
-3.0936 0000 82.3687 147
-3.0563 0000 82.3913 135
-3.0188 0000 82.3986 135
-2.9813 0000 82.4021 143
-2.9437 0000 82.4037 147
-2.9061 0000 82.4052 146
-2.8683 0000 82.3858 167
-2.8305 0000 82.3740 190
-2.7928 0000 82.3641 214
-2.7549 0000 82.3446 208
-2.7173 0000 82.3424 208
-2.6800 0000 82.3612 233
-2.6425 0000 82.3704 248
-2.6049 0000 82.3739 238
-2.5672 0000 82.3659 197
-2.5293 0000 82.3350 142
-2.4914 0000 82.3080 119
-2.4537 0000 82.3019 101
-2.4161 0000 82.2978 94
-2.3786 0000 82.3089 98
-2.3420 0000 82.3946 100
-2.3049 0000 82.4440 114
-2.2676 0000 82.4685 118
-2.2296 0000 82.4299 141
-2.1916 0000 82.3914 155
-2.1538 0000 82.3719 195
-2.1162 0000 82.3716 213
-2.0786 0000 82.3732 222
-2.0410 0000 82.3748 235
-2.0034 0000 82.3745 247
-1.9660 0000 82.3875 236
-1.9284 0000 82.3948 252
-1.8911 0000 82.4251 323
-1.8537 0000 82.4516 349
-1.8161 0000 82.4551 356
-1.7784 0000 82.4510 336
-1.7408 0000 82.4506 317
-1.7032 0000 82.4484 293
-1.6654 0000 82.4251 289
-1.6276 0000 82.3961 226
-1.5898 0000 82.3576 208
-1.5521 0000 82.3305 171
-1.5144 0000 82.3244 150
-1.4769 0000 82.3222 130
-1.4392 0000 82.2990 118
-1.4015 0000 82.2929 104
-1.3639 0000 82.2869 95
-1.3264 0000 82.2885 95
-1.2888 0000 82.2939 107
-1.2513 0000 82.2974 124
-1.2137 0000 82.3009 151
-1.1761 0000 82.3025 177
-1.1386 0000 82.3022 188
-1.1010 0000 82.3019 177
-1.0634 0000 82.2978 142
-1.0258 0000 82.2936 108
-0.9883 0000 82.2914 103
-0.9507 0000 82.3007 117
-0.9131 0000 82.3099 130
-0.8756 0000 82.3268 140
-0.8380 0000 82.3074 123
-0.8004 0000 82.3013 119
-0.7628 0000 82.2972 126
-0.7252 0000 82.2721 130
-0.6877 0000 82.2679 140
-0.6501 0000 82.2829 170
-0.6126 0000 82.2826 192
-0.5750 0000 82.2823 205
-0.5374 0000 82.2820 215
-0.4999 0000 82.2779 220
-0.4623 0000 82.2432 220
-0.4248 0000 82.2353 212
-0.3872 0000 82.2331 192
-0.3497 0000 82.2327 169
-0.3122 0000 82.2095 147
-0.2747 0000 82.1921 156
-0.2372 0000 82.1555 197
-0.1998 0000 82.1114 247
-0.1623 0000 82.0978 303
-0.1248 0000 82.0918 314
-0.0873 0000 82.0972 273
-0.0497 0000 82.1064 224
-0.0122 0000 82.1061 187
0.0253 0000 82.1020 192
0.0629 0000 82.1093 219
0.1005 0000 82.1281 202
0.1380 0000 82.1316 210
0.1757 0000 82.1675 228
0.2132 0000 82.1558 223
0.2509 0000 82.1803 219
0.2884 0000 82.1781 218
0.3258 0000 82.1492 227
0.3633 0000 82.1489 230
0.4008 0000 82.1448 235
0.4383 0000 82.1388 239
0.4756 0000 82.1061 258
0.5128 0000 82.0658 260
0.5503 0000 82.0636 231
0.5877 0000 82.0424 206
0.6251 0000 82.0364 188
0.6626 0000 82.0380 201
0.7001 0000 82.0358 220
0.7375 0000 82.0298 211
0.7750 0000 82.0200 191
0.8123 0000 82.0007 180
0.8497 0000 81.9947 200
0.8872 0000 81.9907 232
0.9247 0000 81.9923 260
0.9622 0000 81.9996 290
0.9999 0000 82.0165 333
1.0377 0000 82.0447 284
1.0753 0000 82.0597 240
1.1134 0000 82.1089 235
1.1511 0000 82.1220 255
1.1888 0000 82.1446 291
1.2266 0000 82.1653 298
1.2641 0000 82.1650 341
1.3015 0000 82.1495 416
1.3392 0000 82.1664 414
1.3768 0000 82.1699 414
1.4144 0000 82.1754 394
1.4520 0000 82.1827 383
1.4897 0000 82.1977 430
1.5277 0000 82.2280 383
1.5658 0000 82.2678 341
1.6037 0000 82.2962 369
1.6416 0000 82.3207 355
1.6792 0000 82.3243 328
1.7168 0000 82.3240 285
1.7540 0000 82.2989 256
1.7907 0000 82.2452 227
1.8276 0000 82.2068 217
1.8650 0000 82.1989 177
1.9022 0000 82.1777 152
1.9398 0000 82.1812 136
1.9778 0000 82.2115 125
2.0162 0000 82.2608 136
2.0553 0000 82.3522 151
2.0940 0000 82.4131 185
2.1317 0000 82.4243 223
2.1698 0000 82.4489 248
2.2078 0000 82.4716 290
2.2455 0000 82.4771 305
2.2836 0000 82.5056 300
2.3213 0000 82.5110 302
2.3589 0000 82.5127 301
2.3965 0000 82.5124 291
2.4341 0000 82.5122 283
2.4717 0000 82.5119 283
2.5090 0000 82.4944 310
2.5466 0000 82.4942 344
2.5842 0000 82.4939 372
2.6220 0000 82.5052 409
2.6596 0000 82.5049 406
2.6977 0000 82.5276 345
2.7356 0000 82.5427 298
2.7737 0000 82.5635 253
2.8114 0000 82.5671 192
2.8490 0000 82.5668 154
2.8862 0000 82.5493 137
2.9244 0000 82.5759 120
2.9627 0000 82.6063 142
3.0008 0000 82.6271 163
3.0385 0000 82.6307 196
3.0762 0000 82.6305 225
3.1138 0000 82.6321 244
3.1524 0000 82.6702 236
3.1929 0000 82.7870 214
3.2333 0000 82.8964 234
3.2726 0000 82.9635 266
3.3103 0000 82.9632 281
3.3480 0000 82.9610 277
3.3862 0000 82.9820 266
3.4234 0000 82.9605 250
3.4613 0000 82.9680 234
3.5001 0000 83.0101 243
3.5378 0000 83.0099 255
3.5756 0000 83.0115 264
3.6133 0000 83.0132 275
3.6511 0000 83.0168 290
3.6891 0000 83.0262 285
3.7281 0000 83.0722 266
3.7668 0000 83.1067 251
3.8048 0000 83.1180 256
3.8436 0000 83.1525 260
3.8823 0000 83.1889 303
3.9210 0000 83.2215 357
3.9588 0000 83.2232 382
3.9970 0000 83.2384 415
4.0347 0000 83.2362 407
4.0724 0000 83.2341 398
4.1096 0000 83.2165 361
4.1473 0000 83.2143 357
4.1851 0000 83.2141 356
4.2234 0000 83.2312 347
4.2622 0000 83.2657 272
4.3025 0000 83.3467 241
4.3422 0000 83.4084 240
4.3801 0000 83.4101 230
4.4176 0000 83.4002 217
4.4544 0000 83.3709 209
4.4933 0000 83.4056 191
4.5315 0000 83.4169 186
4.5701 0000 83.4419 187
4.6080 0000 83.4436 172
4.6449 0000 83.4182 148
4.6825 0000 83.4122 135
4.7197 0000 83.3945 130
4.7582 0000 83.4175 134
4.7959 0000 83.4134 139
4.8337 0000 83.4132 146
4.8714 0000 83.4130 155
4.9087 0000 83.3972 166
4.9459 0000 83.3815 139
4.9842 0000 83.3968 133
5.0218 0000 83.3908 116
5.0596 0000 83.3905 102
5.0975 0000 83.3961 84
5.1352 0000 83.3920 69
5.1746 0000 83.4363 66
5.2152 0000 83.5117 68
5.2554 0000 83.5755 79
5.2934 0000 83.5811 85
5.3307 0000 83.5653 86
5.3661 0000 83.5030 92
5.4028 0000 83.4738 108
5.4404 0000 83.4697 115
5.4783 0000 83.4714 117
5.5170 0000 83.4944 115
5.5561 0000 83.5271 91
5.5967 0000 83.5968 95
5.6353 0000 83.6160 121
5.6748 0000 83.6585 146
5.7131 0000 83.6699 162
5.7520 0000 83.6949 153
5.7909 0000 83.7200 161
5.8292 0000 83.7314 167
5.8673 0000 83.7370 177
5.9059 0000 83.7563 169
5.9446 0000 83.7755 181
5.9826 0000 83.7791 164
6.0207 0000 83.7828 141
6.0584 0000 83.7807 123
6.0962 0000 83.7785 105
6.1324 0000 83.7394 91
6.1699 0000 83.7314 83
6.2075 0000 83.7253 84
6.2478 0000 83.7796 100
6.2861 0000 83.7910 130
6.3240 0000 83.7908 160
6.3616 0000 83.7847 181
6.3991 0000 83.7767 200
6.4359 0000 83.7532 203
6.4738 0000 83.7529 196
6.5119 0000 83.7586 175
6.5511 0000 83.7875 176
6.5904 0000 83.8184 163
6.6295 0000 83.8455 166
6.6673 0000 83.8433 159
6.7051 0000 83.8411 152
6.7432 0000 83.8448 143
6.7811 0000 83.8465 133
6.8189 0000 83.8443 133
6.8568 0000 83.8441 156
6.8948 0000 83.8459 180
6.9328 0000 83.8495 179
6.9718 0000 83.8727 159
7.0106 0000 83.8900 162
7.0484 0000 83.8898 160
7.0863 0000 83.8895 161
7.1232 0000 83.8679 152
7.1608 0000 83.8638 156
7.1991 0000 83.8713 158
7.2372 0000 83.8750 161
7.2750 0000 83.8728 169
7.3130 0000 83.8746 178
7.3507 0000 83.8724 177
7.3884 0000 83.8683 168
7.4256 0000 83.8544 166
7.4636 0000 83.8562 146
7.5015 0000 83.8579 130
7.5393 0000 83.8557 117
7.5770 0000 83.8516 112
7.6148 0000 83.8494 119
7.6522 0000 83.8414 129
7.6885 0000 83.8101 120
7.7245 0000 83.7748 122
7.7604 0000 83.7376 116
7.7964 0000 83.7024 125
7.8328 0000 83.6750 144
7.8708 0000 83.6787 154
7.9097 0000 83.6979 138
7.9478 0000 83.7035 128
7.9850 0000 83.6916 126
8.0223 0000 83.6817 112
8.0586 0000 83.6523 96
8.0960 0000 83.6443 99
8.1326 0000 83.6227 112
8.1689 0000 83.5953 97
8.2062 0000 83.5854 96
8.2438 0000 83.5813 102
8.2810 0000 83.5714 112
8.3168 0000 83.5343 125
8.3544 0000 83.5321 138
8.3923 0000 83.5339 141
8.4311 0000 83.5511 152
8.4701 0000 83.5722 128
8.5086 0000 83.5836 112
8.5493 0000 83.6339 106
8.5896 0000 83.6764 124
8.6294 0000 83.7112 122
8.6677 0000 83.7187 128
8.7054 0000 83.7166 147
8.7429 0000 83.7105 176
8.7806 0000 83.7084 206
8.8183 0000 83.7062 238
8.8558 0000 83.7001 254
8.8934 0000 83.6960 232
8.9315 0000 83.7016 184
8.9711 0000 83.7306 137
9.0113 0000 83.7693 136
9.0512 0000 83.8041 142
9.0892 0000 83.8058 162
9.1268 0000 83.8017 191
9.1641 0000 83.7937 229
9.2006 0000 83.7721 282
9.2381 0000 83.7660 292
9.2756 0000 83.7600 276
9.3133 0000 83.7578 245
9.3508 0000 83.7537 201
9.3885 0000 83.7515 154
9.4254 0000 83.7358 138
9.4629 0000 83.7317 138
9.5004 0000 83.7256 140
9.5371 0000 83.7079 129
9.5747 0000 83.7058 138
9.6123 0000 83.7017 143
9.6501 0000 83.7015 149
9.6881 0000 83.7051 171
9.7262 0000 83.7088 204
9.7641 0000 83.7105 210
9.8017 0000 83.7064 193
9.8391 0000 83.7004 198
9.8765 0000 83.6944 221
9.9138 0000 83.6864 240
9.9505 0000 83.6707 239
9.9893 0000 83.6860 274
10.0278 0000 83.6955 273
10.0675 0000 83.7244 241
10.1059 0000 83.7339 214
10.1448 0000 83.7493 196
10.1827 0000 83.7510 168
10.2201 0000 83.7450 148
10.2576 0000 83.7409 137
10.2946 0000 83.7291 138
10.3336 0000 83.7463 110
10.3719 0000 83.7539 98
10.4100 0000 83.7576 89
10.4478 0000 83.7574 82
10.4839 0000 83.7339 85
10.5197 0000 83.7046 83
10.5574 0000 83.7044 100
10.5956 0000 83.7100 136
10.6337 0000 83.7137 180
10.6718 0000 83.7193 216
10.7098 0000 83.7211 248
10.7477 0000 83.7228 256
10.7851 0000 83.7188 220
10.8221 0000 83.7069 172
10.8572 0000 83.6698 121
10.8903 0000 83.6056 99
10.9234 0000 83.5415 88
10.9584 0000 83.5045 95
10.9943 0000 83.4791 108
11.0301 0000 83.4538 107
11.0667 0000 83.4381 138
11.1019 0000 83.4051 178
11.1384 0000 83.3894 201
11.1739 0000 83.3603 203
11.2110 0000 83.3524 214
11.2474 0000 83.3348 262
11.2843 0000 83.3250 275
11.3223 0000 83.3287 197
11.3617 0000 83.3517 119
11.3993 0000 83.3515 67
11.4370 0000 83.3514 43
0.0000 0000 0.0000 0
0.0000 0000 0.0000 0
11.5714 0000 83.6297 39
11.6076 0000 83.6101 56
11.6471 0000 83.6333 66
11.6852 0000 83.6389 75
11.7230 0000 83.6388 96
11.7610 0000 83.6425 115
11.8002 0000 83.6617 129
11.8391 0000 83.6771 116
11.8770 0000 83.6789 118
11.9158 0000 83.6923 125
11.9543 0000 83.7019 130
11.9920 0000 83.7017 139
12.0297 0000 83.7015 158
12.0677 0000 83.7053 180
12.1055 0000 83.7051 186
12.1441 0000 83.7166 170
12.1809 0000 83.7048 190
12.2183 0000 83.7008 182
12.2555 0000 83.6948 172
12.2926 0000 83.6869 158
12.3297 0000 83.6790 136
12.3663 0000 83.6653 138
12.4056 0000 83.6845 127
12.4437 0000 83.6902 127
12.4816 0000 83.6920 138
12.5191 0000 83.6899 157
12.5562 0000 83.6820 159
12.5924 0000 83.6644 157
12.6300 0000 83.6623 130
12.6678 0000 83.6641 103
12.7053 0000 83.6621 78
12.7402 0000 83.6290 60
12.7725 0000 83.5649 51
12.8075 0000 83.5337 48
12.8450 0000 83.5317 49
12.8828 0000 83.5335 46
12.9258 0000 83.5953 44
12.9659 0000 83.6243 41
0.0000 0000 0.0000 0
0.0000 0000 0.0000 0
13.0684 0000 83.5018 40
13.1065 0000 83.5075 47
13.1443 0000 83.5093 55
13.1818 0000 83.5072 67
13.2196 0000 83.5090 79
13.2572 0000 83.5089 86
13.2930 0000 83.4875 79
13.3318 0000 83.5009 83
13.3693 0000 83.4988 104
13.4076 0000 83.5064 111
13.4468 0000 83.5237 122
13.4841 0000 83.5197 125
13.5219 0000 83.5215 116
13.5628 0000 83.5581 93
13.6066 0000 83.6258 90
13.6454 0000 83.6392 97
13.6833 0000 83.6410 112
13.7209 0000 83.6409 141
13.7584 0000 83.6388 169
13.7959 0000 83.6368 190
13.8332 0000 83.6327 198
13.8687 0000 83.6093 179
13.9058 0000 83.6034 168
13.9447 0000 83.6168 158
13.9825 0000 83.6186 132
14.0211 0000 83.6282 117
14.0593 0000 83.6338 112
14.0975 0000 83.6395 114
14.1351 0000 83.6394 124
14.1728 0000 83.6392 141
14.2119 0000 83.6546 173
14.2517 0000 83.6777 165
14.2906 0000 83.6912 161
14.3288 0000 83.6969 146
14.3669 0000 83.7006 138
14.4043 0000 83.6985 130
14.4411 0000 83.6887 125
14.4778 0000 83.6788 133
14.5147 0000 83.6709 152
14.5490 0000 83.6359 177
14.5861 0000 83.6299 178
14.6237 0000 83.6298 152
14.6632 0000 83.6491 128
14.7037 0000 83.6780 139
14.7429 0000 83.6934 144
14.7828 0000 83.7165 136
14.8227 0000 83.7397 146
14.8613 0000 83.7492 153
14.9009 0000 83.7685 176
14.9383 0000 83.7664 215
14.9747 0000 83.7527 237
15.0123 0000 83.7526 207
15.0502 0000 83.7544 172
15.0878 0000 83.7542 150
15.1255 0000 83.7541 144
15.1645 0000 83.7676 119
15.2002 0000 83.7480 103
15.2375 0000 83.7440 91
15.2746 0000 83.7380 92
15.3126 0000 83.7418 96
15.3512 0000 83.7513 103
15.3891 0000 83.7532 111
15.4266 0000 83.7511 116
15.4638 0000 83.7471 117
15.5007 0000 83.7392 126
15.5381 0000 83.7371 152
15.5764 0000 83.7428 181
15.6140 0000 83.7426 203
15.6517 0000 83.7425 222
15.6897 0000 83.7463 222
15.7278 0000 83.7500 207
15.7672 0000 83.7674 179
15.8071 0000 83.7886 175
15.8447 0000 83.7885 168
15.8804 0000 83.7689 158
15.9198 0000 83.7863 162
15.9583 0000 83.7939 149
15.9956 0000 83.7899 152
16.0328 0000 83.7859 180
16.0692 0000 83.7741 230
16.1065 0000 83.7701 245
16.1419 0000 83.7486 242
16.1795 0000 83.7485 256
16.2209 0000 83.7833 243
16.2597 0000 83.7949 210
16.2982 0000 83.8025 175
16.3361 0000 83.8044 161
16.3744 0000 83.8101 155
16.4139 0000 83.8274 162
16.4537 0000 83.8468 153
16.4901 0000 83.8350 160
16.5273 0000 83.8310 179
16.5641 0000 83.8231 186
16.5969 0000 83.7783 191
16.6305 0000 83.7413 189
16.6652 0000 83.7140 216
16.7026 0000 83.7119 222
16.7404 0000 83.7137 218
16.7785 0000 83.7175 216
16.8202 0000 83.7543 206
16.8587 0000 83.7620 193
16.8974 0000 83.7716 184
16.9400 0000 83.8161 182
16.9789 0000 83.8277 181
17.0196 0000 83.8548 192
17.0581 0000 83.8625 185
17.0951 0000 83.8565 187
17.1299 0000 83.8311 175
17.1651 0000 83.8097 162
17.2048 0000 83.8270 145
17.2452 0000 83.8522 128
17.2835 0000 83.8579 123
17.3236 0000 83.8792 131
17.3624 0000 83.8888 138
17.4033 0000 83.9179 130
17.4419 0000 83.9256 116
17.4820 0000 83.9469 112
17.5194 0000 83.9448 108
17.5546 0000 83.9233 99
17.5898 0000 83.9018 104
17.6268 0000 83.8959 99
17.6635 0000 83.8880 96
17.6982 0000 83.8626 97
17.7352 0000 83.8567 105
17.7683 0000 83.8177 116
17.8048 0000 83.8079 126
17.8417 0000 83.8019 135
17.8789 0000 83.7979 158
17.9163 0000 83.7959 178
17.9543 0000 83.7997 181
17.9951 0000 83.8268 165
18.0359 0000 83.8539 188
18.0740 0000 83.8577 200
18.1119 0000 83.8595 181
18.1486 0000 83.8516 160
18.1809 0000 83.8068 151
18.2166 0000 83.7912 142
18.2505 0000 83.7600 133
18.2853 0000 83.7366 144
18.3224 0000 83.7326 156
18.3600 0000 83.7325 169
18.3975 0000 83.7324 159
18.4349 0000 83.7304 142
18.4694 0000 83.7051 148
18.5046 0000 83.6856 149
18.5426 0000 83.6893 152
18.5816 0000 83.7009 156
18.6191 0000 83.7008 155
18.6595 0000 83.7239 136
18.6983 0000 83.7335 142
18.7315 0000 83.6985 175
18.7662 0000 83.6751 183
18.7983 0000 83.6305 143
18.8282 0000 83.5684 129
18.8621 0000 83.5393 138
18.8991 0000 83.5353 136
18.9363 0000 83.5332 130
18.9733 0000 83.5293 121
19.0082 0000 83.5079 108
19.0433 0000 83.4884 119
19.0805 0000 83.4864 128
19.1180 0000 83.4863 138
19.1554 0000 83.4862 135
19.1985 0000 83.5306 118
19.2442 0000 83.5962 115
19.2863 0000 83.6329 119
19.3250 0000 83.6425 138
19.3657 0000 83.6675 168
19.4032 0000 83.6674 180
19.4377 0000 83.6441 183
19.4740 0000 83.6343 190
19.5053 0000 83.5858 183
19.5393 0000 83.5586 176
19.5755 0000 83.5488 184
19.6060 0000 83.4946 188
19.6427 0000 83.4887 196
19.6806 0000 83.4924 194
19.7183 0000 83.4943 181
19.7557 0000 83.4941 172
19.7964 0000 83.5192 173
19.8353 0000 83.5306 170
19.8768 0000 83.5615 173
19.9165 0000 83.5788 154
19.9531 0000 83.5729 150
19.9868 0000 83.5437 157
20.0204 0000 83.5146 161
20.0573 0000 83.5107 175
20.0914 0000 83.4855 186
20.1255 0000 83.4602 173
20.1593 0000 83.4331 183
20.1911 0000 83.3906 158
20.2205 0000 83.3307 147
20.2584 0000 83.3344 151
20.2970 0000 83.3440 163
20.3377 0000 83.3690 193
20.3778 0000 83.3901 201
20.4180 0000 83.4112 229
20.4561 0000 83.4169 226
20.4937 0000 83.4187 194
20.5313 0000 83.4205 157
20.5678 0000 83.4147 136
20.6031 0000 83.3991 119
20.6334 0000 83.3470 99
20.6634 0000 83.2929 86
20.6965 0000 83.2620 96
20.7362 0000 83.2793 104
20.7703 0000 83.2561 112
20.8073 0000 83.2541 126
20.8448 0000 83.2559 144
20.8821 0000 83.2558 172
20.9191 0000 83.2538 196
20.9555 0000 83.2480 200
20.9859 0000 83.1979 193
21.0221 0000 83.1901 192
21.0572 0000 83.1746 204
21.0952 0000 83.1803 197
21.1329 0000 83.1841 187
21.1696 0000 83.1802 173
21.2025 0000 83.1493 149
21.2347 0000 83.1127 143
21.2668 0000 83.0762 133
21.2999 0000 83.0473 152
21.3365 0000 83.0434 183
21.3702 0000 83.0184 203
21.4062 0000 83.0107 216
21.4431 0000 83.0087 231
21.4813 0000 83.0163 248
21.5214 0000 83.0373 265
21.5588 0000 83.0392 256
21.5951 0000 83.0333 253
21.6292 0000 83.0122 239
21.6663 0000 83.0121 236
21.7034 0000 83.0120 222
21.7394 0000 83.0043 209
21.7696 0000 82.9563 209
21.8056 0000 82.9486 214
21.8358 0000 82.9006 229
21.8723 0000 82.8968 248
21.9088 0000 82.8929 247
21.9459 0000 82.8928 239
21.9835 0000 82.8966 234
22.0208 0000 82.8984 229
22.0581 0000 82.9003 232
22.0976 0000 82.9175 251
22.1346 0000 82.9174 242
22.1686 0000 82.8963 228
22.2051 0000 82.8924 240
22.2418 0000 82.8904 252
22.2780 0000 82.8846 270
22.3150 0000 82.8846 281
22.3528 0000 82.8903 274
22.3898 0000 82.8902 262
22.4263 0000 82.8864 260
22.4621 0000 82.8786 274
22.4929 0000 82.8365 299
22.5301 0000 82.8384 314
22.5671 0000 82.8383 316
22.6038 0000 82.8363 305
22.6436 0000 82.8554 269
22.6846 0000 82.8822 264
22.7233 0000 82.8936 248
22.7645 0000 82.9223 229
22.8021 0000 82.9261 232
22.8388 0000 82.9241 241
22.8755 0000 82.9221 253
22.9081 0000 82.8934 257
22.9396 0000 82.8569 268
22.9708 0000 82.8186 264
22.9988 0000 82.7593 297
23.0314 0000 82.7306 285
23.0645 0000 82.7057 291
23.1012 0000 82.7038 291
23.1383 0000 82.7056 280
23.1755 0000 82.7075 249
23.2125 0000 82.7075 213
23.2485 0000 82.7017 187
23.2848 0000 82.6978 167
23.3214 0000 82.6959 142
23.3551 0000 82.6748 127
23.3911 0000 82.6690 116
23.4233 0000 82.6385 119
23.4560 0000 82.6117 105
23.4894 0000 82.5888 101
23.5248 0000 82.5792 98
23.5584 0000 82.5582 97
23.5944 0000 82.5524 103
23.6303 0000 82.5467 109
23.6642 0000 82.5276 117
23.7011 0000 82.5275 102
