wt=149907016, DLLFiFo=0
-25.6782 0000 92.6742 90
-25.6380 0000 92.6693 101
-25.5978 0000 92.6644 115
-25.5551 0000 92.6423 119
-25.5112 0000 92.6116 100
-25.4676 0000 92.5831 116
-25.4274 0000 92.5782 134
-25.3848 0000 92.5561 138
-25.3440 0000 92.5469 152
-25.3082 0000 92.5721 146
-25.2748 0000 92.6145 154
-25.2399 0000 92.6461 140
-25.1994 0000 92.6391 127
-25.1580 0000 92.6256 129
-25.1163 0000 92.6099 131
-25.0820 0000 92.6459 129
-25.0461 0000 92.6711 130
-25.0026 0000 92.6425 140
-24.9584 0000 92.6097 119
-24.9149 0000 92.5812 123
-24.8747 0000 92.5763 113
-24.8355 0000 92.5778 105
-24.7965 0000 92.5815 101
-24.7515 0000 92.5423 87
-24.7026 0000 92.4751 89
-24.6625 0000 92.4702 92
-24.6245 0000 92.4804 92
-24.5912 0000 92.5249 92
-24.5526 0000 92.5307 91
-24.5215 0000 92.5903 98
-24.4879 0000 92.6328 93
-24.4495 0000 92.6408 77
-24.3998 0000 92.5671 51
-24.3311 0000 92.3561 46
-24.2918 0000 92.3576 46
-24.2580 0000 92.3978 53
-24.2229 0000 92.4294 53
-24.1863 0000 92.4503 47
-24.1429 0000 92.4219 38
0.0000 0000 0.0000 0
0.0000 0000 0.0000 0
-24.0711 0000 92.7622 51
-24.0312 0000 92.7595 78
-23.9889 0000 92.7396 105
-23.9475 0000 92.7261 121
-23.9091 0000 92.7342 108
-23.8657 0000 92.7056 92
-23.8229 0000 92.6814 67
-23.7754 0000 92.6227 53
-23.7312 0000 92.5877 46
-23.6916 0000 92.5872 47
-23.6529 0000 92.5931 64
-23.6136 0000 92.5947 75
-23.5737 0000 92.5921 62
-23.5335 0000 92.5872 49
-23.4948 0000 92.5932 45
-23.4615 0000 92.6400 46
-23.4256 0000 92.6675 49
-23.3888 0000 92.6886 45
-23.3506 0000 92.6988 50
-23.3161 0000 92.7371 69
-23.2770 0000 92.7410 81
-23.2360 0000 92.7297 69
-23.1912 0000 92.6904 48
-23.1473 0000 92.6576 39
-23.1247 0000 92.7865 38
-23.0997 0000 92.8983 48
-23.0636 0000 92.9260 84
-23.0217 0000 92.9082 102
-22.9837 0000 92.9207 112
-22.9473 0000 92.9462 123
-22.9093 0000 92.9587 135
-22.8769 0000 93.0145 152
-22.8410 0000 93.0444 162
-22.7982 0000 93.0201 180
-22.7585 0000 93.0197 181
-22.7185 0000 93.0171 178
-22.6779 0000 93.0102 183
-22.6376 0000 93.0054 193
-22.5918 0000 92.9573 192
-22.5507 0000 92.9461 189
-22.5087 0000 92.9284 206
-22.4698 0000 92.9344 223
-22.4282 0000 92.9189 233
-22.3934 0000 92.9574 253
-22.3536 0000 92.9570 267
-22.3136 0000 92.9544 244
-22.2709 0000 92.9302 187
-22.2287 0000 92.9103 125
-22.1857 0000 92.8839 101
-22.1457 0000 92.8814 71
-22.1076 0000 92.8939 58
-22.0722 0000 92.9281 69
-22.0327 0000 92.9299 75
-21.9951 0000 92.9468 86
-21.9586 0000 92.9724 130
-21.9199 0000 92.9806 187
-21.8806 0000 92.9846 200
-21.8414 0000 92.9885 175
-21.8022 0000 92.9925 153
-21.7648 0000 93.0116 177
-21.7253 0000 93.0133 179
-21.6855 0000 93.0129 126
-21.6452 0000 93.0082 100
-21.6009 0000 92.9710 96
-21.5569 0000 92.9360 108
-21.5182 0000 92.9443 145
-21.4798 0000 92.9547 175
-21.4458 0000 93.0020 185
-21.4110 0000 93.0428 191
-21.3793 0000 93.1096 207
-21.3436 0000 93.1439 230
-21.3080 0000 93.1782 242
-21.2687 0000 93.1822 253
-21.2312 0000 93.2013 281
-21.1841 0000 93.1402 301
-21.1355 0000 93.0661 320
-21.0902 0000 93.0202 356
-21.0471 0000 92.9917 319
-21.0065 0000 92.9848 286
-20.9665 0000 92.9823 252
-20.9270 0000 92.9841 228
-20.8872 0000 92.9837 212
-20.8448 0000 92.9617 190
-20.8017 0000 92.9332 193
-20.7589 0000 92.9068 208
-20.7163 0000 92.8826 191
-20.6758 0000 92.8758 165
-20.6343 0000 92.8603 134
-20.5809 0000 92.7432 135
-20.5319 0000 92.6630 179
-20.4919 0000 92.6604 207
-20.4515 0000 92.6536 214
-20.4090 0000 92.6295 196
-20.3685 0000 92.6226 183
-20.3293 0000 92.6265 139
-20.2960 0000 92.6822 101
-20.2671 0000 92.7768 96
-20.2348 0000 92.8413 108
-20.1960 0000 92.8495 111
-20.1530 0000 92.8210 130
-20.1128 0000 92.8163 158
-20.0715 0000 92.8030 194
-20.0303 0000 92.7896 229
-19.9859 0000 92.7482 238
-19.9442 0000 92.7305 209
-19.8996 0000 92.6869 149
-19.8564 0000 92.6563 111
-19.8140 0000 92.6322 90
-19.7738 0000 92.6275 72
-19.7341 0000 92.6271 71
-19.6946 0000 92.6288 74
-19.6544 0000 92.6241 65
-19.6137 0000 92.6151 58
-19.5706 0000 92.5845 53
-19.5368 0000 92.6380 71
-19.5009 0000 92.6721 105
-19.4654 0000 92.7106 145
-19.4264 0000 92.7166 187
-19.3866 0000 92.7162 203
-19.3469 0000 92.7158 204
-19.3073 0000 92.7176 195
-19.2680 0000 92.7215 178
-19.2285 0000 92.7232 178
-19.1866 0000 92.7034 202
-19.1450 0000 92.6857 215
-19.1022 0000 92.6572 244
-19.0580 0000 92.6158 270
-19.0171 0000 92.6046 261
-18.9741 0000 92.5740 195
-18.9309 0000 92.5413 165
-18.8884 0000 92.5150 153
-18.8453 0000 92.4823 156
-18.8030 0000 92.4582 191
-18.7635 0000 92.4599 194
-18.7329 0000 92.5457 180
-18.7030 0000 92.6380 202
-18.6646 0000 92.6506 234
-18.6244 0000 92.6458 246
-18.5840 0000 92.6389 237
-18.5440 0000 92.6364 232
-18.5040 0000 92.6338 224
-18.4638 0000 92.6291 203
-18.4220 0000 92.6092 210
-18.3817 0000 92.6045 235
-18.3395 0000 92.5804 244
-18.2957 0000 92.5411 241
-18.2520 0000 92.5019 289
-18.2096 0000 92.4757 345
-18.1714 0000 92.4903 438
-18.1319 0000 92.4921 496
-18.0921 0000 92.4917 523
-18.0504 0000 92.4719 516
-18.0082 0000 92.4477 386
-17.9663 0000 92.4258 324
-17.9229 0000 92.3888 315
-17.8799 0000 92.3561 289
-17.8390 0000 92.3449 307
-17.7989 0000 92.3402 307
-17.7570 0000 92.3183 304
-17.7164 0000 92.3093 268
-17.6748 0000 92.2895 219
-17.6348 0000 92.2870 204
-17.5947 0000 92.2823 203
-17.5546 0000 92.2775 199
-17.5140 0000 92.2685 192
-17.4717 0000 92.2423 189
-17.4316 0000 92.2376 166
-17.3870 0000 92.1878 152
-17.3469 0000 92.1831 158
-17.3070 0000 92.1806 155
-17.2648 0000 92.1544 127
-17.2238 0000 92.1411 94
-17.1866 0000 92.1665 84
-17.1515 0000 92.2133 82
-17.1124 0000 92.2193 88
-17.0717 0000 92.2082 99
-17.0278 0000 92.1648 117
-16.9850 0000 92.1322 129
-16.9453 0000 92.1318 147
-16.9052 0000 92.1271 164
-16.8653 0000 92.1246 186
-16.8254 0000 92.1220 200
-16.7853 0000 92.1173 190
-16.7431 0000 92.0912 148
-16.7012 0000 92.0672 114
-16.6635 0000 92.0882 78
-16.6035 0000 91.8714 49
-16.5369 0000 91.5846 75
-16.4979 0000 91.5906 86
-16.4587 0000 91.5945 90
-16.4197 0000 91.6005 81
-16.3823 0000 91.6235 77
-16.3431 0000 91.6274 64
-16.3043 0000 91.6355 61
-16.2673 0000 91.6629 74
-16.2259 0000 91.6432 76
-16.1857 0000 91.6364 81
-16.1439 0000 91.6125 68
-16.1035 0000 91.6036 59
-16.0686 0000 91.6544 60
-16.0317 0000 91.6839 106
-15.9936 0000 91.7006 154
-15.9522 0000 91.6809 193
-15.9110 0000 91.6634 212
-15.8718 0000 91.6673 182
-15.8306 0000 91.6498 134
-15.7885 0000 91.6216 137
-15.7483 0000 91.6148 130
-15.7083 0000 91.6101 136
-15.6677 0000 91.5991 153
-15.6251 0000 91.5645 143
-15.5835 0000 91.5427 150
-15.5443 0000 91.5466 153
-15.5052 0000 91.5526 144
-15.4669 0000 91.5671 144
-15.4297 0000 91.5945 150
-15.3899 0000 91.5919 155
-15.3484 0000 91.5702 165
-15.3079 0000 91.5591 147
-15.2607 0000 91.4712 136
-15.2124 0000 91.3706 156
-15.1682 0000 91.3170 214
-15.1285 0000 91.3145 264
-15.0905 0000 91.3332 233
-15.0575 0000 91.4095 188
-15.0255 0000 91.4986 171
-14.9913 0000 91.5622 162
-14.9531 0000 91.5789 157
-14.9147 0000 91.5934 188
-14.8745 0000 91.5866 211
-14.8346 0000 91.5840 206
-14.7928 0000 91.5580 170
-14.7530 0000 91.5554 137
-14.7172 0000 91.6020 120
-14.6792 0000 91.6208 123
-14.6434 0000 91.6674 142
-14.6069 0000 91.7055 153
-14.5700 0000 91.7393 185
-14.5287 0000 91.7197 196
-14.4872 0000 91.6979 245
-14.4451 0000 91.6675 316
-14.4050 0000 91.6629 298
-14.3638 0000 91.6432 264
-14.3222 0000 91.6193 387
-14.2815 0000 91.6061 464
-14.2411 0000 91.5971 412
-14.2006 0000 91.5860 314
-14.1593 0000 91.5664 254
-14.1176 0000 91.5403 160
-14.0774 0000 91.5335 140
-14.0388 0000 91.5459 153
-14.0023 0000 91.5861 157
-13.9629 0000 91.5900 152
-13.9207 0000 91.5575 163
-13.8780 0000 91.5187 155
-13.8360 0000 91.4884 161
-13.7945 0000 91.4645 122
-13.7512 0000 91.4172 154
-13.7089 0000 91.3826 213
-13.6671 0000 91.3545 292
-13.6265 0000 91.3413 315
-13.5863 0000 91.3345 276
-13.5465 0000 91.3320 225
-13.5093 0000 91.3635 169
-13.4766 0000 91.4548 112
-13.4437 0000 91.5441 115
-13.4063 0000 91.5736 132
-13.3677 0000 91.5881 121
-13.3273 0000 91.5792 156
-13.2859 0000 91.5553 269
-13.2449 0000 91.5378 285
-13.2042 0000 91.5245 244
-13.1638 0000 91.5135 187
-13.1242 0000 91.5152 156
-13.0859 0000 91.5340 158
-13.0484 0000 91.5635 185
-13.0096 0000 91.5759 178
-12.9715 0000 91.5969 156
-12.9322 0000 91.6029 147
-12.8945 0000 91.6303 176
-12.8565 0000 91.6534 189
-12.8174 0000 91.6616 184
-12.7782 0000 91.6697 174
-12.7387 0000 91.6715 162
-12.6991 0000 91.6732 138
-12.6589 0000 91.6664 113
-12.6185 0000 91.6574 91
-12.5791 0000 91.6613 77
-12.5417 0000 91.6952 77
-12.5024 0000 91.7012 79
-12.4623 0000 91.6944 79
-12.4221 0000 91.6875 75
-12.3823 0000 91.6871 68
-12.3454 0000 91.7274 72
-12.3086 0000 91.7698 116
-12.2701 0000 91.7887 136
-12.2303 0000 91.7883 144
-12.1903 0000 91.7836 137
-12.1508 0000 91.7875 132
-12.1126 0000 91.8107 136
-12.0736 0000 91.8210 127
-12.0363 0000 91.8571 118
-12.0025 0000 91.9468 123
-11.9683 0000 92.0302 146
-11.9325 0000 92.0899 174
-11.8935 0000 92.1024 178
-11.8552 0000 92.1257 159
-11.8134 0000 92.0952 125
-11.7690 0000 92.0260 128
-11.7269 0000 91.9913 154
-11.6867 0000 91.9844 168
-11.6469 0000 91.9840 189
-11.6074 0000 91.9879 213
-11.5678 0000 91.9918 199
-11.5312 0000 92.0408 162
-11.4940 0000 92.0813 134
-11.4527 0000 92.0594 135
-11.4126 0000 92.0547 138
-11.3699 0000 92.0092 120
-11.3289 0000 91.9895 98
-11.2888 0000 91.9848 89
-11.2491 0000 91.9865 83
-11.2112 0000 92.0162 78
-11.1731 0000 92.0437 82
-11.1355 0000 92.0799 84
-11.1000 0000 92.1483 87
-11.0629 0000 92.1931 94
-11.0250 0000 92.2250 115
-10.9839 0000 92.2052 123
-10.9430 0000 92.1876 183
-10.9005 0000 92.1442 310
-10.8598 0000 92.1287 369
-10.8191 0000 92.1154 282
-10.7779 0000 92.0914 209
-10.7347 0000 92.0351 191
-10.6927 0000 91.9982 158
-10.6519 0000 91.9806 150
-10.6141 0000 92.0146 114
-10.5770 0000 92.0615 80
-10.5449 0000 92.1923 71
-10.5078 0000 92.2393 95
-10.4651 0000 92.1915 119
-10.4246 0000 92.1803 153
-10.3852 0000 92.1864 201
-10.3458 0000 92.1946 208
-10.3079 0000 92.2287 164
-10.2725 0000 92.3080 115
-10.2358 0000 92.3637 99
-10.1976 0000 92.3935 89
-10.1584 0000 92.4060 84
-10.1174 0000 92.3862 77
-10.0805 0000 92.4398 80
-10.0417 0000 92.4588 81
-10.0022 0000 92.4670 79
-9.9575 0000 92.3803 73
-9.9104 0000 92.2485 90
-9.8663 0000 92.1706 133
-9.8260 0000 92.1616 178
-9.7859 0000 92.1569 183
-9.7453 0000 92.1436 158
-9.7070 0000 92.1712 118
-9.6723 0000 92.2677 128
-9.6366 0000 92.3470 178
-9.5981 0000 92.3725 242
-9.5579 0000 92.3678 216
-9.5179 0000 92.3652 144
-9.4781 0000 92.3670 120
-9.4393 0000 92.3882 131
-9.4003 0000 92.4051 139
-9.3645 0000 92.4845 135
-9.3284 0000 92.5598 125
-9.2904 0000 92.5983 126
-9.2502 0000 92.5936 109
-9.2094 0000 92.5759 78
-9.1664 0000 92.5150 59
-9.1232 0000 92.4498 48
-9.0829 0000 92.4430 47
-9.0430 0000 92.4426 43
-9.0064 0000 92.5091 44
-8.9710 0000 92.6017 56
-8.9348 0000 92.6792 77
-8.8967 0000 92.7178 111
-8.8571 0000 92.7261 145
-8.8175 0000 92.7344 184
-8.7784 0000 92.7535 186
-8.7386 0000 92.7575 152
-8.6973 0000 92.7289 102
-8.6536 0000 92.6506 68
-8.6102 0000 92.5766 68
-8.5691 0000 92.5525 90
-8.5294 0000 92.5586 102
-8.4898 0000 92.5647 86
-8.4506 0000 92.5816 64
-8.4120 0000 92.6115 53
-8.3753 0000 92.6826 71
-8.3369 0000 92.7190 96
-8.2983 0000 92.7490 120
-8.2606 0000 92.8006 154
-8.2212 0000 92.8154 191
-8.1817 0000 92.8259 214
-8.1428 0000 92.8516 206
-8.1029 0000 92.8555 190
-8.0617 0000 92.8291 165
-8.0211 0000 92.8157 125
-7.9807 0000 92.8067 97
-7.9414 0000 92.8237 123
-7.9027 0000 92.8537 160
-7.8629 0000 92.8598 191
-7.8236 0000 92.8768 190
-7.7825 0000 92.8526 196
-7.7412 0000 92.8197 235
-7.6999 0000 92.7889 255
-7.6596 0000 92.7821 255
-7.6195 0000 92.7817 225
-7.5797 0000 92.7857 214
-7.5396 0000 92.7831 213
-7.4992 0000 92.7741 211
-7.4580 0000 92.7456 235
-7.4178 0000 92.7409 231
-7.3777 0000 92.7383 219
-7.3380 0000 92.7445 228
-7.2990 0000 92.7723 261
-7.2590 0000 92.7719 258
-7.2181 0000 92.7477 221
-7.1779 0000 92.7452 191
-7.1379 0000 92.7449 150
-7.0972 0000 92.7250 112
-7.0527 0000 92.6055 103
-7.0097 0000 92.5230 111
-6.9697 0000 92.5226 118
-6.9300 0000 92.5309 141
-6.8902 0000 92.5349 135
-6.8502 0000 92.5345 109
-6.8101 0000 92.5298 133
-6.7701 0000 92.5295 179
-6.7301 0000 92.5270 176
-6.6895 0000 92.5093 130
-6.6493 0000 92.5046 99
-6.6101 0000 92.5259 82
-6.5706 0000 92.5385 74
-6.5324 0000 92.5901 79
-6.4926 0000 92.5963 82
-6.4511 0000 92.5526 74
-6.4106 0000 92.5372 62
-6.3679 0000 92.4525 56
-6.3252 0000 92.3723 54
-6.2834 0000 92.3136 76
-6.2432 0000 92.3047 129
-6.2025 0000 92.2828 173
-6.1626 0000 92.2824 196
-6.1228 0000 92.2842 183
-6.0827 0000 92.2796 157
-6.0425 0000 92.2706 125
-6.0025 0000 92.2681 106
-5.9625 0000 92.2656 103
-5.9219 0000 92.2437 102
-5.8825 0000 92.2606 86
-5.8427 0000 92.2646 87
-5.8019 0000 92.2341 106
-5.7611 0000 92.2057 215
-5.7212 0000 92.2032 362
-5.6812 0000 92.2029 448
-5.6413 0000 92.2004 465
-5.6013 0000 92.1979 461
-5.5616 0000 92.2062 464
-5.5220 0000 92.2166 471
-5.4826 0000 92.2357 416
-5.4429 0000 92.2440 395
-5.4040 0000 92.2781 328
-5.3649 0000 92.3080 222
-5.3269 0000 92.3810 147
-5.2903 0000 92.5038 109
-5.2555 0000 92.7005 126
-5.2164 0000 92.7327 133
-5.1766 0000 92.7410 155
-5.1360 0000 92.7212 145
-5.0950 0000 92.6818 131
-5.0534 0000 92.6230 112
-5.0121 0000 92.5707 134
-4.9723 0000 92.5769 128
-4.9327 0000 92.5939 146
-4.8934 0000 92.6217 169
-4.8536 0000 92.6322 171
-4.8135 0000 92.6275 158
-4.7733 0000 92.6185 178
-4.7332 0000 92.6160 197
-4.6930 0000 92.6092 179
-4.6509 0000 92.5158 158
-4.6083 0000 92.4031 209
-4.5669 0000 92.3423 293
-4.5274 0000 92.3592 248
-4.4878 0000 92.3740 198
-4.4475 0000 92.3607 128
-4.4083 0000 92.3949 105
-4.3698 0000 92.4638 101
-4.3302 0000 92.4786 111
-4.2902 0000 92.4804 113
-4.2501 0000 92.4736 120
-4.2100 0000 92.4689 137
-4.1700 0000 92.4643 145
-4.1298 0000 92.4553 138
-4.0893 0000 92.4268 122
-4.0487 0000 92.3963 79
-4.0081 0000 92.3657 64
-3.9687 0000 92.3913 57
-3.9288 0000 92.3953 52
-3.8901 0000 92.4619 62
-3.8510 0000 92.5092 108
-3.8110 0000 92.5110 172
-3.7706 0000 92.4869 172
-3.7305 0000 92.4779 154
-3.6902 0000 92.4646 134
-3.6493 0000 92.4081 122
-3.6090 0000 92.3926 123
-3.5686 0000 92.3663 124
-3.5292 0000 92.3963 150
-3.4894 0000 92.4089 178
-3.4504 0000 92.4647 218
-3.4114 0000 92.5293 293
-3.3716 0000 92.5398 346
-3.3315 0000 92.5351 335
-3.2914 0000 92.5261 334
-3.2514 0000 92.5236 348
-3.2110 0000 92.5017 314
-3.1709 0000 92.4884 319
-3.1307 0000 92.4751 370
-3.0900 0000 92.4272 428
-3.0499 0000 92.4160 442
-3.0095 0000 92.3854 396
-2.9694 0000 92.3722 378
-2.9290 0000 92.3437 400
-2.8889 0000 92.3261 399
-2.8488 0000 92.3150 306
-2.8086 0000 92.2953 217
-2.7682 0000 92.2582 172
-2.7283 0000 92.2622 153
-2.6889 0000 92.3115 149
-2.6497 0000 92.3738 178
-2.6099 0000 92.3908 233
-2.5702 0000 92.4099 261
-2.5302 0000 92.4074 326
-2.4902 0000 92.4006 415
-2.4502 0000 92.3981 454
-2.4103 0000 92.4064 391
-2.3712 0000 92.4947 281
-2.3321 0000 92.5853 215
-2.2916 0000 92.5352 210
-2.2514 0000 92.5132 218
-2.2117 0000 92.5454 208
-2.1718 0000 92.5667 191
-2.1324 0000 92.6335 189
-2.0922 0000 92.6072 203
-2.0523 0000 92.6285 225
-2.0121 0000 92.6000 226
-1.9720 0000 92.5954 186
-1.9320 0000 92.5929 156
-1.8917 0000 92.5492 152
-1.8515 0000 92.5229 163
-1.8113 0000 92.4945 140
-1.7713 0000 92.4920 121
-1.7314 0000 92.5133 115
-1.6912 0000 92.4632 109
-1.6510 0000 92.4413 109
-1.6109 0000 92.4064 126
-1.5708 0000 92.3866 124
-1.5310 0000 92.4295 135
-1.4911 0000 92.4421 170
-1.4513 0000 92.4721 216
-1.4113 0000 92.4826 266
-1.3715 0000 92.5299 278
-1.3316 0000 92.5447 259
-1.2916 0000 92.5487 236
-1.2516 0000 92.5397 195
-1.2115 0000 92.5048 165
-1.1714 0000 92.4785 125
-1.1313 0000 92.4479 101
-1.0913 0000 92.4108 86
-1.0513 0000 92.4040 79
-1.0112 0000 92.3497 85
-0.9713 0000 92.3774 98
-0.9314 0000 92.4333 126
-0.8915 0000 92.4719 151
-0.8515 0000 92.5084 190
-0.8115 0000 92.5427 202
-0.7716 0000 92.5705 236
-0.7315 0000 92.5745 230
-0.6915 0000 92.5742 196
-0.6515 0000 92.5674 156
-0.6115 0000 92.5151 131
-0.5715 0000 92.5061 113
-0.5316 0000 92.5037 95
-0.4915 0000 92.5098 84
-0.4515 0000 92.5636 83
-0.4115 0000 92.5611 98
-0.3715 0000 92.5370 118
-0.3315 0000 92.5410 137
-0.2915 0000 92.5429 158
-0.2515 0000 92.5317 178
-0.2116 0000 92.5054 207
-0.1716 0000 92.5073 202
-0.1315 0000 92.5351 172
-0.0914 0000 92.5629 185
-0.0514 0000 92.5734 192
-0.0113 0000 92.5818 175
0.0287 0000 92.5966 136
0.0686 0000 92.5595 118
0.1083 0000 92.5007 109
0.1484 0000 92.5090 125
0.1885 0000 92.5347 127
0.2289 0000 92.6210 116
0.2692 0000 92.6597 115
0.3091 0000 92.6377 125
0.3491 0000 92.6482 142
0.3892 0000 92.6544 162
0.4294 0000 92.6735 155
0.4694 0000 92.6732 168
0.5094 0000 92.6772 196
0.5496 0000 92.7029 201
0.5899 0000 92.7264 225
0.6299 0000 92.7283 233
0.6699 0000 92.7280 220
0.7100 0000 92.7276 203
0.7501 0000 92.7316 186
0.7902 0000 92.7422 172
0.8305 0000 92.7765 188
0.8706 0000 92.7784 178
0.9106 0000 92.7715 185
0.9504 0000 92.7452 199
0.9904 0000 92.7383 191
1.0300 0000 92.7011 167
1.0697 0000 92.6661 162
1.1097 0000 92.6593 146
1.1497 0000 92.6633 142
1.1901 0000 92.6955 110
1.2303 0000 92.7125 103
1.2709 0000 92.7621 113
1.3110 0000 92.7704 127
1.3512 0000 92.7831 129
1.3918 0000 92.8305 123
1.4321 0000 92.8454 113
1.4722 0000 92.8537 105
1.5123 0000 92.8512 99
1.5522 0000 92.8444 105
1.5926 0000 92.8701 122
1.6330 0000 92.8958 161
1.6735 0000 92.9259 157
1.7145 0000 92.9930 143
1.7560 0000 93.0928 137
1.7962 0000 93.1033 142
1.8368 0000 93.1379 154
1.8771 0000 93.1484 166
1.9176 0000 93.1721 182
1.9581 0000 93.1979 169
1.9983 0000 93.2063 172
2.0386 0000 93.2125 174
2.0789 0000 93.2252 157
2.1195 0000 93.2533 137
2.1595 0000 93.2442 114
2.1985 0000 93.1741 107
2.2374 0000 93.0996 132
2.2768 0000 93.0601 203
2.3172 0000 93.0750 244
2.3572 0000 93.0681 265
2.3971 0000 93.0569 244
2.4372 0000 93.0566 174
2.4772 0000 93.0497 140
2.5172 0000 93.0450 145
2.5573 0000 93.0447 157
2.5973 0000 93.0422 160
2.6373 0000 93.0353 146
2.6773 0000 93.0306 117
2.7172 0000 93.0215 92
2.7577 0000 93.0408 76
2.7976 0000 93.0339 59
2.8376 0000 93.0271 45
2.8757 0000 92.9288 39
2.9165 0000 92.9633 37
2.9580 0000 93.0326 40
2.9987 0000 93.0649 39
3.0383 0000 93.0406 46
3.0790 0000 93.0664 87
3.1196 0000 93.0900 158
3.1600 0000 93.1028 243
3.2004 0000 93.1199 303
3.2415 0000 93.1609 319
3.2819 0000 93.1759 287
3.3227 0000 93.2039 212
3.3631 0000 93.2145 164
3.4030 0000 93.2076 139
3.4424 0000 93.1745 146
3.4825 0000 93.1764 151
3.5229 0000 93.1848 148
3.5630 0000 93.1866 140
3.6032 0000 93.1863 141
3.6431 0000 93.1794 139
3.6827 0000 93.1594 132
3.7219 0000 93.1221 117
3.7514 0000 92.7043 71
3.7832 0000 92.3836 131
3.8229 0000 92.3747 177
3.8620 0000 92.3398 193
3.9007 0000 92.2941 199
3.9396 0000 92.2571 221
3.9788 0000 92.2309 198
4.0180 0000 92.2047 233
4.0576 0000 92.1936 243
4.0974 0000 92.1933 211
4.1373 0000 92.1908 172
4.1768 0000 92.1775 178
4.2166 0000 92.1772 243
4.2569 0000 92.1920 307
4.2972 0000 92.2046 304
4.3378 0000 92.2301 249
4.3787 0000 92.2643 258
4.4190 0000 92.2791 239
4.4590 0000 92.2831 199
4.4990 0000 92.2849 166
4.5389 0000 92.2846 153
4.5798 0000 92.3167 152
4.6198 0000 92.3207 161
4.6599 0000 92.3290 142
4.7007 0000 92.3567 110
4.7419 0000 92.3953 73
4.7956 0000 92.8304 55
4.8411 0000 93.0019 85
4.8800 0000 92.9645 97
4.9182 0000 92.9099 105
4.9561 0000 92.8422 118
4.9952 0000 92.8136 152
5.0352 0000 92.8133 165
5.0764 0000 92.8499 153
5.1201 0000 92.9561 143
5.1625 0000 93.0254 131
5.2040 0000 93.0687 135
5.2434 0000 93.0488 142
5.2821 0000 93.0093 139
5.3218 0000 92.9981 108
5.3609 0000 92.9695 88
5.4003 0000 92.9496 102
5.4400 0000 92.9406 113
5.4796 0000 92.9294 133
5.5196 0000 92.9269 153
5.5598 0000 92.9309 146
5.5999 0000 92.9328 118
5.6392 0000 92.9108 93
5.6790 0000 92.9061 68
5.7189 0000 92.9014 62
5.7579 0000 92.8729 72
5.7968 0000 92.8443 121
5.8359 0000 92.8201 159
5.8760 0000 92.8220 185
5.9173 0000 92.8543 201
5.9578 0000 92.8670 214
5.9991 0000 92.8993 197
6.0407 0000 92.9382 207
6.0809 0000 92.9422 195
6.1198 0000 92.9136 166
6.1603 0000 92.9242 147
6.2001 0000 92.9174 146
6.2397 0000 92.9062 155
6.2783 0000 92.8733 171
6.3166 0000 92.8296 178
6.3563 0000 92.8228 173
6.3941 0000 92.7682 155
6.4334 0000 92.7527 139
6.4732 0000 92.7481 134
6.5138 0000 92.7608 146
6.5563 0000 92.8191 175
6.5965 0000 92.8254 207
6.6366 0000 92.8272 224
6.6765 0000 92.8226 222
6.7151 0000 92.7898 228
6.7532 0000 92.7482 218
6.7908 0000 92.6937 228
6.8303 0000 92.6826 227
6.8699 0000 92.6737 212
6.9087 0000 92.6474 193
6.9472 0000 92.6146 204
6.9869 0000 92.6078 204
7.0249 0000 92.5642 193
7.0639 0000 92.5445 181
7.1010 0000 92.4814 183
7.1387 0000 92.4336 206
7.1761 0000 92.3793 217
7.2156 0000 92.3704 207
7.2560 0000 92.3809 183
7.2967 0000 92.3979 163
7.3364 0000 92.3933 147
7.3753 0000 92.3715 138
7.4143 0000 92.3518 138
7.4542 0000 92.3515 135
7.4945 0000 92.3598 123
7.5346 0000 92.3639 107
7.5747 0000 92.3679 94
7.6160 0000 92.3979 98
7.6578 0000 92.4365 100
7.6985 0000 92.4514 120
7.7312 0000 92.3064 137
7.7655 0000 92.1940 170
7.7981 0000 92.0473 267
7.8382 0000 92.0535 274
7.8770 0000 92.0339 236
7.9156 0000 92.0099 252
7.9534 0000 91.9688 283
7.9919 0000 91.9428 311
8.0291 0000 91.8931 392
8.0687 0000 91.8885 453
8.1091 0000 91.9012 383
8.1502 0000 91.9267 230
8.1925 0000 91.9737 155
8.2351 0000 92.0272 137
8.2776 0000 92.0785 122
8.3203 0000 92.1321 109
8.3613 0000 92.1534 107
8.4010 0000 92.1510 104
8.4384 0000 92.1055 113
8.4768 0000 92.0794 147
8.5142 0000 92.0339 191
8.5539 0000 92.0315 221
8.5937 0000 92.0313 211
8.6335 0000 92.0310 169
8.6731 0000 92.0286 137
8.7127 0000 92.0240 115
8.7510 0000 91.9958 90
8.7882 0000 91.9504 68
8.8278 0000 91.9458 58
8.8696 0000 91.9821 55
8.9131 0000 92.0485 58
8.9536 0000 92.0590 64
8.9970 0000 92.1233 72
9.0370 0000 92.1252 78
9.0765 0000 92.1207 82
9.1167 0000 92.1269 96
9.1587 0000 92.1632 122
9.2002 0000 92.1931 160
9.2415 0000 92.2166 138
9.2815 0000 92.2206 113
9.3191 0000 92.1816 93
9.3489 0000 92.0112 95
9.3874 0000 91.9895 106
9.4275 0000 91.9957 122
9.4677 0000 92.0019 113
9.5101 0000 92.0446 109
9.5519 0000 92.0788 137
9.5934 0000 92.1065 210
9.6332 0000 92.1062 318
9.6728 0000 92.1017 415
9.7103 0000 92.0648 465
9.7492 0000 92.0495 452
9.7878 0000 92.0299 406
9.8246 0000 91.9823 380
9.8640 0000 91.9756 358
9.9036 0000 91.9732 318
9.9430 0000 91.9665 280
9.9811 0000 91.9404 227
10.0187 0000 91.9058 194
10.0578 0000 91.8948 171
10.0959 0000 91.8688 176
10.1353 0000 91.8642 183
10.1735 0000 91.8404 204
10.2115 0000 91.8122 177
10.2488 0000 91.7755 149
10.2859 0000 91.7345 148
10.3218 0000 91.6764 158
10.3615 0000 91.6761 183
10.4020 0000 91.6887 209
10.4438 0000 91.7206 223
10.4842 0000 91.7311 207
10.5248 0000 91.7437 166
10.5662 0000 91.7692 143
10.6073 0000 91.7904 114
10.6470 0000 91.7901 110
10.6869 0000 91.7920 106
10.7280 0000 91.8132 111
10.7717 0000 91.8709 134
10.8124 0000 91.8857 162
10.8538 0000 91.9091 167
10.8933 0000 91.9067 166
10.9323 0000 91.8957 148
10.9697 0000 91.8611 136
11.0072 0000 91.8286 126
11.0466 0000 91.8241 144
11.0864 0000 91.8260 168
11.1260 0000 91.8236 194
11.1648 0000 91.8105 223
11.2043 0000 91.8081 245
11.2436 0000 91.8014 280
11.2839 0000 91.8098 289
11.3231 0000 91.8031 288
11.3598 0000 91.7600 295
11.3973 0000 91.7297 300
11.4303 0000 91.6374 323
11.4666 0000 91.5901 460
11.5048 0000 91.5706 542
11.5432 0000 91.5532 491
11.5830 0000 91.5552 462
11.6228 0000 91.5571 428
11.6627 0000 91.5611 350
11.7039 0000 91.5823 260
11.7450 0000 91.6013 155
11.7880 0000 91.6460 95
11.8329 0000 91.7164 63
11.9202 0000 92.3550 74
11.9591 0000 92.3418 97
11.9985 0000 92.3372 109
12.0354 0000 92.2981 100
12.0741 0000 92.2828 108
12.1142 0000 92.2869 124
12.1556 0000 92.3082 159
12.1961 0000 92.3166 171
12.2377 0000 92.3401 144
12.2785 0000 92.3529 128
12.3220 0000 92.4001 137
12.3638 0000 92.4258 208
12.4045 0000 92.4364 303
12.4446 0000 92.4405 380
12.4846 0000 92.4424 473
12.5258 0000 92.4595 519
12.5656 0000 92.4593 489
12.6044 0000 92.4461 421
12.6425 0000 92.4242 462
12.6810 0000 92.4067 458
12.7201 0000 92.3979 442
12.7578 0000 92.3717 396
12.7968 0000 92.3607 360
12.8359 0000 92.3519 336
12.8753 0000 92.3473 264
12.9153 0000 92.3493 179
12.9549 0000 92.3469 120
12.9947 0000 92.3467 90
13.0364 0000 92.3702 56
13.1241 0000 92.9592 47
13.1674 0000 93.0002 53
13.2052 0000 92.9739 59
13.2453 0000 92.9759 72
13.2928 0000 93.0670 89
13.3372 0000 93.1212 121
13.3770 0000 93.1188 159
13.4169 0000 93.1185 192
13.4547 0000 93.0922 197
13.4889 0000 93.0223 214
13.5248 0000 92.9742 259
13.5651 0000 92.9784 266
13.6106 0000 93.0455 234
13.6561 0000 93.1106 186
13.7017 0000 93.1779 192
13.7420 0000 93.1820 186
13.7820 0000 93.1817 178
13.8218 0000 93.1793 181
13.8617 0000 93.1791 193
13.9035 0000 93.2006 191
13.9444 0000 93.2113 192
13.9889 0000 93.2634 178
14.0296 0000 93.2719 149
14.0695 0000 93.2716 135
14.1072 0000 93.2452 105
14.1470 0000 93.2428 97
14.1854 0000 93.2251 107
14.2254 0000 93.2249 113
14.2653 0000 93.2246 108
14.3100 0000 93.2789 108
14.3536 0000 93.3201 117
14.3984 0000 93.3744 139
14.4392 0000 93.3829 180
14.4813 0000 93.4067 228
14.5220 0000 93.4151 276
14.5626 0000 93.4215 286
14.6033 0000 93.4299 276
14.6455 0000 93.4537 275
14.6854 0000 93.4535 244
14.7254 0000 93.4532 215
14.7658 0000 93.4573 187
14.8055 0000 93.4549 160
14.8443 0000 93.4415 149
14.8823 0000 93.4195 169
14.9235 0000 93.4323 160
14.9636 0000 93.4342 173
15.0064 0000 93.4646 171
15.0495 0000 93.4993 173
15.0911 0000 93.5165 206
15.1311 0000 93.5162 217
15.1709 0000 93.5138 204
15.2072 0000 93.4742 176
15.2467 0000 93.4696 152
15.2789 0000 93.3863 149
15.3089 0000 93.2792 173
15.3443 0000 93.2310 197
15.3842 0000 93.2308 207
15.4247 0000 93.2370 169
15.4671 0000 93.2629 138
15.5086 0000 93.2801 122
15.5506 0000 93.3017 127
15.5930 0000 93.3276 106
15.6366 0000 93.3666 98
15.6823 0000 93.4274 108
15.7260 0000 93.4665 122
15.7685 0000 93.4924 171
15.8086 0000 93.4943 221
15.8511 0000 93.5203 231
15.8919 0000 93.5288 233
15.9324 0000 93.5351 226
15.9728 0000 93.5392 216
16.0125 0000 93.5367 205
16.0499 0000 93.5102 202
16.0855 0000 93.4663 172
16.1188 0000 93.3983 158
16.1553 0000 93.3631 161
16.1941 0000 93.3520 180
16.2342 0000 93.3539 196
16.2752 0000 93.3645 183
16.3157 0000 93.3708 164
16.3530 0000 93.3444 133
16.3861 0000 93.2765 116
16.4180 0000 93.1957 109
16.4526 0000 93.1432 121
16.4918 0000 93.1364 133
16.5305 0000 93.1252 159
16.5690 0000 93.1119 162
16.6086 0000 93.1095 197
16.6482 0000 93.1070 229
16.6876 0000 93.1024 213
16.7280 0000 93.1086 174
16.7683 0000 93.1127 122
16.8136 0000 93.1668 95
16.8583 0000 93.2145 81
16.9046 0000 93.2774 83
16.9456 0000 93.2880 94
16.9859 0000 93.2921 104
17.0266 0000 93.3005 105
17.0667 0000 93.3024 104
17.1067 0000 93.3043 111
17.1466 0000 93.3040 119
17.1859 0000 93.2994 121
17.2256 0000 93.2969 114
17.2674 0000 93.3163 116
17.3070 0000 93.3138 131
17.3496 0000 93.3397 156
17.3904 0000 93.3481 200
17.4334 0000 93.3784 230
17.4737 0000 93.3825 243
17.5103 0000 93.3517 226
17.5458 0000 93.3100 229
17.5793 0000 93.2509 224
17.6189 0000 93.2484 215
17.6592 0000 93.2525 200
17.6997 0000 93.2587 169
17.7395 0000 93.2585 145
17.7779 0000 93.2451 109
17.8165 0000 93.2339 102
17.8561 0000 93.2315 110
17.8935 0000 93.2094 119
17.9330 0000 93.2070 138
17.9731 0000 93.2089 155
18.0128 0000 93.2086 160
18.0500 0000 93.1844 170
18.0862 0000 93.1515 157
18.1245 0000 93.1381 168
18.1614 0000 93.1118 170
18.2005 0000 93.1050 158
18.2345 0000 93.0525 131
18.2665 0000 92.9828 126
18.2976 0000 92.9044 121
18.3260 0000 92.8023 99
18.3546 0000 92.7025 104
18.3940 0000 92.7000 96
18.4327 0000 92.6911 83
18.4716 0000 92.6843 76
18.5185 0000 92.7490 71
18.5667 0000 92.8245 78
18.6115 0000 92.8697 98
18.6519 0000 92.8759 123
18.6918 0000 92.8778 150
18.7307 0000 92.8710 171
18.7694 0000 92.8621 186
18.8066 0000 92.8402 182
18.8463 0000 92.8399 179
18.8882 0000 92.8591 156
18.9313 0000 92.8892 143
18.9717 0000 92.8954 125
19.0104 0000 92.8865 112
19.0420 0000 92.8169 104
19.0732 0000 92.7430 104
19.1088 0000 92.7081 124
19.1482 0000 92.7057 150
19.1883 0000 92.7098 183
19.2284 0000 92.7138 202
19.2688 0000 92.7200 202
19.3081 0000 92.7176 187
19.3442 0000 92.6871 140
19.3759 0000 92.6198 112
19.4064 0000 92.5418 106
19.4424 0000 92.5113 125
19.4824 0000 92.5154 143
19.5217 0000 92.5130 157
19.5513 0000 92.4286 144
19.5829 0000 92.3616 142
19.6183 0000 92.3269 150
19.6557 0000 92.3094 133
19.6921 0000 92.2833 143
19.7292 0000 92.2637 131
19.7646 0000 92.2290 113
19.8022 0000 92.2137 116
19.8386 0000 92.1877 122
19.8775 0000 92.1831 112
19.9198 0000 92.2065 103
19.9603 0000 92.2148 101
20.0021 0000 92.2339 98
20.0423 0000 92.2401 87
20.0873 0000 92.2850 70
20.1457 0000 92.4398 66
20.1971 0000 92.5366 77
20.2454 0000 92.6076 91
20.2966 0000 92.7024 115
20.3373 0000 92.7108 151
20.3811 0000 92.7451 178
20.4241 0000 92.7730 223
20.4610 0000 92.7511 233
20.5000 0000 92.7466 246
20.5380 0000 92.7333 251
20.5700 0000 92.6725 255
20.6079 0000 92.6593 257
20.6412 0000 92.6094 250
20.6794 0000 92.5983 236
20.7175 0000 92.5873 226
20.7505 0000 92.5352 226
20.7886 0000 92.5242 234
20.8245 0000 92.4959 294
20.8637 0000 92.4935 357
20.9046 0000 92.5040 380
20.9471 0000 92.5275 332
20.9844 0000 92.5100 318
21.0194 0000 92.4753 267
21.0542 0000 92.4384 271
21.0887 0000 92.3994 240
21.1267 0000 92.3883 235
21.1656 0000 92.3838 241
21.2045 0000 92.3793 240
21.2417 0000 92.3618 219
21.2811 0000 92.3616 205
21.3189 0000 92.3484 191
21.3502 0000 92.2858 190
21.3887 0000 92.2791 195
21.4301 0000 92.2939 205
21.4754 0000 92.3389 246
21.5210 0000 92.3861 289
21.5610 0000 92.3902 289
21.6010 0000 92.3943 249
21.6407 0000 92.3962 209
21.6704 0000 92.3228 149
21.6899 0000 92.1720 121
21.7202 0000 92.1031 134
21.7601 0000 92.1072 144
21.7968 0000 92.0877 113
21.8273 0000 92.0209 81
21.8658 0000 92.0143 79
21.9045 0000 92.0098 93
21.9435 0000 92.0075 107
21.9897 0000 92.0588 119
22.0311 0000 92.0736 133
22.0707 0000 92.0756 135
22.1089 0000 92.0668 136
22.1467 0000 92.0559 142
22.1901 0000 92.0858 136
22.2356 0000 92.1307 137
22.2766 0000 92.1435 148
22.3139 0000 92.1283 170
22.3477 0000 92.0873 203
22.3870 0000 92.0871 193
22.4257 0000 92.0827 155
22.4665 0000 92.0933 145
22.5064 0000 92.0974 143
22.5452 0000 92.0930 134
22.5839 0000 92.0886 120
22.6214 0000 92.0755 100
22.6459 0000 91.9682 85
22.6745 0000 91.8909 73
22.7051 0000 91.8287 79
22.7399 0000 91.7965 105
22.7777 0000 91.7857 139
22.8160 0000 91.7792 183
22.8556 0000 91.7812 208
22.8933 0000 91.7705 207
22.9316 0000 91.7639 240
22.9676 0000 91.7403 278
23.0065 0000 91.7381 230
23.0460 0000 91.7402 165
23.0870 0000 91.7529 148
23.1266 0000 91.7549 154
23.1634 0000 91.7378 174
23.2011 0000 91.7270 230
23.2363 0000 91.6992 277
23.2731 0000 91.6820 375
23.3120 0000 91.6798 408
23.3515 0000 91.6819 429
23.3917 0000 91.6882 443
23.4348 0000 91.7159 385
23.4737 0000 91.7137 297
23.5114 0000 91.7030 258
23.5512 0000 91.7072 217
23.6033 0000 91.7969 149
23.6521 0000 91.8632 133
23.6932 0000 91.8759 138
23.7331 0000 91.8802 136
23.7720 0000 91.8780 127
23.8106 0000 91.8737 119
23.8461 0000 91.8480 106
23.8813 0000 91.8201 102
23.9184 0000 91.8051 90
23.9560 0000 91.7944 82
23.9952 0000 91.7944 86
24.0307 0000 91.7687 105
24.0671 0000 91.7494 121
24.1116 0000 91.7857 126
24.1534 0000 91.8028 102
24.2008 0000 91.8584 85
24.2403 0000 91.8605 79
24.2761 0000 91.8369 76
24.3109 0000 91.8070 70
24.3539 0000 91.8326 78
24.3947 0000 91.8433 76
24.4380 0000 91.8711 68
24.4731 0000 91.8432 60
24.5264 0000 91.9373 81
24.5717 0000 91.9779 99
24.6128 0000 91.9908 111
24.6582 0000 92.0314 115
24.7016 0000 92.0592 133
24.7405 0000 92.0571 147
24.7788 0000 92.0506 148
24.8152 0000 92.0313 136
24.8545 0000 92.0313 139
24.8911 0000 92.0142 132
24.9346 0000 92.0420 131
24.9742 0000 92.0441 116
25.0079 0000 92.0077 96
25.0381 0000 91.9478 88
25.0607 0000 91.8388 85
25.0967 0000 91.8174 94
25.1372 0000 91.8260 107
