wt=151001088, DLLFiFo=0
-25.1062 0000 88.7494 133
-25.0712 0000 88.7733 131
-25.0358 0000 88.7953 155
-24.9983 0000 88.8028 161
-24.9631 0000 88.8268 162
-24.9253 0000 88.8323 205
-24.8878 0000 88.8398 264
-24.8503 0000 88.8474 309
-24.8127 0000 88.8549 323
-24.7746 0000 88.8583 285
-24.7362 0000 88.8597 211
-24.6974 0000 88.8590 159
-24.6620 0000 88.8810 170
-24.6241 0000 88.8865 172
-24.5854 0000 88.8858 136
-24.5499 0000 88.9078 123
-24.5123 0000 88.9154 125
-24.4777 0000 88.9435 111
-24.4398 0000 88.9490 113
-24.4011 0000 88.9484 115
-24.3655 0000 88.9704 125
-24.3276 0000 88.9759 138
-24.2912 0000 88.9917 146
-24.2530 0000 88.9951 159
-24.2154 0000 89.0027 162
-24.1767 0000 89.0021 149
-24.1373 0000 88.9973 131
-24.0980 0000 88.9925 117
-24.0595 0000 88.9939 100
-24.0213 0000 88.9974 101
-23.9848 0000 89.0132 136
-23.9472 0000 89.0208 137
-23.9093 0000 89.0263 110
-23.8699 0000 89.0216 94
-23.8308 0000 89.0189 97
-23.7923 0000 89.0203 110
-23.7539 0000 89.0217 131
-23.7154 0000 89.0231 173
-23.6751 0000 89.0121 184
-23.6366 0000 89.0136 174
-23.5996 0000 89.0253 163
-23.5622 0000 89.0350 139
-23.5234 0000 89.0344 144
-23.4846 0000 89.0337 161
-23.4435 0000 89.0166 173
-23.4033 0000 89.0056 195
-23.3643 0000 89.0030 194
-23.3269 0000 89.0127 199
-23.2875 0000 89.0079 204
-23.2487 0000 89.0073 208
-23.2085 0000 88.9964 245
-23.1700 0000 88.9978 209
-23.1312 0000 88.9972 158
-23.0919 0000 88.9925 136
-23.0531 0000 88.9919 125
-23.0148 0000 88.9954 118
-22.9788 0000 89.0154 107
-22.9408 0000 89.0210 108
-22.9009 0000 89.0122 154
-22.8615 0000 89.0075 188
-22.8211 0000 88.9945 171
-22.7831 0000 89.0001 139
-22.7454 0000 89.0078 134
-22.7082 0000 89.0196 125
-22.6707 0000 89.0293 144
-22.6292 0000 89.0081 148
-22.5879 0000 88.9890 172
-22.5488 0000 88.9863 151
-22.5095 0000 88.9817 132
-22.4690 0000 88.9687 165
-22.4275 0000 88.9475 182
-22.3882 0000 88.9429 178
-22.3475 0000 88.9279 244
-22.3084 0000 88.9253 294
-22.2701 0000 88.9288 209
-22.2307 0000 88.9242 150
-22.1903 0000 88.9113 132
-22.1518 0000 88.9128 98
-22.1156 0000 88.9329 82
-22.0802 0000 88.9592 68
-22.0411 0000 88.9566 68
-22.0013 0000 88.9478 83
-21.9653 0000 88.9700 96
-21.9278 0000 88.9798 105
-21.8808 0000 88.9153 129
-21.8338 0000 88.8509 184
-21.7922 0000 88.8278 229
-21.7533 0000 88.8273 176
-21.7135 0000 88.8185 137
-21.6773 0000 88.8386 183
-21.6390 0000 88.8422 201
-21.6022 0000 88.8582 179
-21.5639 0000 88.8619 216
-21.5251 0000 88.8614 258
-21.4863 0000 88.8609 247
-21.4477 0000 88.8625 225
-21.4086 0000 88.8599 192
-21.3675 0000 88.8409 160
-21.3289 0000 88.8425 147
-21.2906 0000 88.8461 202
-21.2523 0000 88.8498 286
-21.2147 0000 88.8596 275
-21.1751 0000 88.8530 243
-21.1322 0000 88.8195 234
-21.0903 0000 88.7944 183
-21.0545 0000 88.8186 151
-21.0167 0000 88.8264 106
-20.9849 0000 88.8836 84
-20.9523 0000 88.9348 83
-20.9130 0000 88.9302 98
-20.8729 0000 88.9194 172
-20.8323 0000 88.9045 233
-20.7922 0000 88.8938 233
-20.7493 0000 88.8603 197
-20.7107 0000 88.8619 210
-20.6724 0000 88.8656 260
-20.6330 0000 88.8610 293
-20.5937 0000 88.8565 282
-20.5555 0000 88.8622 244
-20.5177 0000 88.8700 210
-20.4793 0000 88.8737 186
-20.4404 0000 88.8733 191
-20.4008 0000 88.8667 243
-20.3617 0000 88.8642 321
-20.3231 0000 88.8658 340
-20.2862 0000 88.8819 309
-20.2476 0000 88.8835 238
-20.2111 0000 88.9037 183
-20.1730 0000 88.9094 163
-20.1343 0000 88.9111 166
-20.0964 0000 88.9189 196
-20.0580 0000 88.9226 236
-20.0180 0000 88.9119 296
-19.9779 0000 88.9011 346
-19.9388 0000 88.8986 327
-19.8999 0000 88.8982 308
-19.8612 0000 88.8999 302
-19.8231 0000 88.9056 249
-19.7847 0000 88.9093 194
-19.7474 0000 88.9234 196
-19.7133 0000 88.9642 231
-19.6748 0000 88.9679 265
-19.6360 0000 88.9675 275
-19.5968 0000 88.9650 244
-19.5560 0000 88.9481 230
-19.5169 0000 88.9456 197
-19.4778 0000 88.9431 162
-19.4387 0000 88.9407 130
-19.4012 0000 88.9526 134
-19.3667 0000 88.9915 187
-19.3280 0000 88.9931 223
-19.2893 0000 88.9948 215
-19.2508 0000 88.9985 186
-19.2115 0000 88.9939 184
-19.1719 0000 88.9873 250
-19.1334 0000 88.9910 309
-19.0952 0000 88.9968 279
-19.0567 0000 89.0006 227
-19.0180 0000 89.0022 224
-18.9793 0000 89.0039 229
-18.9404 0000 89.0035 231
-18.9035 0000 89.0216 231
-18.8651 0000 89.0254 264
-18.8264 0000 89.0270 299
-18.7901 0000 89.0514 305
-18.7532 0000 89.0696 323
-18.7174 0000 89.0982 351
-18.6791 0000 89.1040 312
-18.6402 0000 89.1036 241
-18.6014 0000 89.1052 197
-18.5643 0000 89.1214 205
-18.5253 0000 89.1209 208
-18.4846 0000 89.1040 232
-18.4494 0000 89.1388 302
-18.4113 0000 89.1466 337
-18.3730 0000 89.1524 321
-18.3338 0000 89.1499 259
-18.2948 0000 89.1495 199
-18.2563 0000 89.1533 198
-18.2173 0000 89.1528 230
-18.1783 0000 89.1524 257
-18.1402 0000 89.1603 283
-18.1021 0000 89.1682 297
-18.0633 0000 89.1698 264
-18.0263 0000 89.1880 204
-17.9899 0000 89.2125 211
-17.9515 0000 89.2183 221
-17.9128 0000 89.2200 226
-17.8740 0000 89.2216 283
-17.8356 0000 89.2274 387
-17.7983 0000 89.2436 433
-17.7597 0000 89.2473 479
-17.7214 0000 89.2531 478
-17.6836 0000 89.2651 432
-17.6480 0000 89.2979 417
-17.6104 0000 89.3120 355
-17.5750 0000 89.3469 271
-17.5422 0000 89.4087 256
-17.5068 0000 89.4436 270
-17.4685 0000 89.4515 249
-17.4320 0000 89.4761 233
-17.3937 0000 89.4839 264
-17.3574 0000 89.5106 319
-17.3201 0000 89.5288 425
-17.2813 0000 89.5305 421
-17.2428 0000 89.5363 319
-17.2045 0000 89.5442 208
-17.1656 0000 89.5458 140
-17.1269 0000 89.5496 133
-17.0874 0000 89.5450 145
-17.0483 0000 89.5445 174
-17.0100 0000 89.5524 182
-16.9734 0000 89.5770 155
-16.9353 0000 89.5869 155
-16.9010 0000 89.6365 143
-16.8651 0000 89.6694 157
-16.8280 0000 89.6898 201
-16.7885 0000 89.6852 266
-16.7483 0000 89.6743 265
-16.7102 0000 89.6843 245
-16.6750 0000 89.7256 200
-16.6373 0000 89.7397 147
-16.6011 0000 89.7706 153
-16.5619 0000 89.7701 194
-16.5227 0000 89.7697 250
-16.4851 0000 89.7859 295
-16.4485 0000 89.8126 345
-16.4109 0000 89.8289 395
-16.3739 0000 89.8514 404
-16.3361 0000 89.8656 328
-16.3000 0000 89.8986 263
-16.2633 0000 89.9254 257
-16.2271 0000 89.9563 224
-16.1890 0000 89.9684 207
-16.1496 0000 89.9659 199
-16.1086 0000 89.9466 221
-16.0709 0000 89.9629 226
-16.0324 0000 89.9708 215
-15.9953 0000 89.9934 193
-15.9576 0000 90.0097 186
-15.9251 0000 90.0826 228
-15.8896 0000 90.1240 292
-15.8511 0000 90.1320 378
-15.8117 0000 90.1294 404
-15.7724 0000 90.1290 351
-15.7335 0000 90.1327 256
-15.7002 0000 90.1994 222
-15.6658 0000 90.2536 264
-15.6278 0000 90.2679 314
-15.5897 0000 90.2800 351
-15.5520 0000 90.2985 308
-15.5146 0000 90.3191 256
-15.4761 0000 90.3291 192
-15.4372 0000 90.3329 161
-15.3999 0000 90.3556 145
-15.3616 0000 90.3678 128
-15.3273 0000 90.4242 152
-15.2890 0000 90.4364 191
-15.2535 0000 90.4802 197
-15.2171 0000 90.5134 202
-15.1791 0000 90.5299 252
-15.1423 0000 90.5590 297
-15.1052 0000 90.5860 283
-15.0667 0000 90.5961 333
-15.0275 0000 90.5977 350
-14.9899 0000 90.6184 294
-14.9512 0000 90.6264 257
-14.9112 0000 90.6197 242
-14.8711 0000 90.6108 231
-14.8306 0000 90.5977 214
-14.7931 0000 90.6205 201
-14.7544 0000 90.6285 182
-14.7151 0000 90.6302 175
-14.6755 0000 90.6276 178
-14.6363 0000 90.6293 154
-14.5968 0000 90.6289 111
-14.5588 0000 90.6454 97
-14.5218 0000 90.6745 94
-14.4839 0000 90.6931 105
-14.4481 0000 90.7371 115
-14.4086 0000 90.7366 124
-14.3679 0000 90.7214 177
-14.3288 0000 90.7252 204
-14.2908 0000 90.7438 282
-14.2519 0000 90.7498 310
-14.2129 0000 90.7557 347
-14.1748 0000 90.7722 349
-14.1358 0000 90.7781 374
-14.0961 0000 90.7756 354
-14.0563 0000 90.7709 301
-14.0170 0000 90.7726 256
-13.9773 0000 90.7701 232
-13.9365 0000 90.7527 238
-13.8968 0000 90.7502 227
-13.8572 0000 90.7477 231
-13.8175 0000 90.7451 228
-13.7777 0000 90.7405 201
-13.7382 0000 90.7401 172
-13.6990 0000 90.7439 175
-13.6602 0000 90.7519 191
-13.6221 0000 90.7705 184
-13.5828 0000 90.7722 205
-13.5431 0000 90.7697 228
-13.5036 0000 90.7693 230
-13.4638 0000 90.7646 214
-13.4241 0000 90.7621 196
-13.3844 0000 90.7596 170
-13.3452 0000 90.7634 166
-13.3054 0000 90.7588 216
-13.2657 0000 90.7562 260
-13.2268 0000 90.7643 258
-13.1880 0000 90.7723 244
-13.1488 0000 90.7762 228
-13.1111 0000 90.8012 223
-13.0735 0000 90.8262 272
-13.0344 0000 90.8321 244
-12.9950 0000 90.8338 184
-12.9559 0000 90.8398 154
-12.9167 0000 90.8436 176
-12.8770 0000 90.8411 225
-12.8372 0000 90.8364 226
-12.7978 0000 90.8381 175
-12.7601 0000 90.8632 140
-12.7205 0000 90.8628 116
-12.6811 0000 90.8645 115
-12.6419 0000 90.8683 136
-12.6022 0000 90.8658 168
-12.5626 0000 90.8654 181
-12.5231 0000 90.8650 166
-12.4837 0000 90.8667 161
-12.4443 0000 90.8684 170
-12.4034 0000 90.8490 163
-12.3634 0000 90.8422 171
-12.3237 0000 90.8397 180
-12.2846 0000 90.8456 184
-12.2452 0000 90.8474 187
-12.2068 0000 90.8639 208
-12.1672 0000 90.8635 204
-12.1290 0000 90.8822 168
-12.0899 0000 90.8882 153
-12.0507 0000 90.8941 172
-12.0113 0000 90.8959 186
-11.9716 0000 90.8934 162
-11.9308 0000 90.8739 164
-11.8912 0000 90.8735 188
-11.8511 0000 90.8646 206
-11.8098 0000 90.8388 198
-11.7699 0000 90.8321 218
-11.7301 0000 90.8274 242
-11.6898 0000 90.8165 255
-11.6501 0000 90.8139 293
-11.6110 0000 90.8199 319
-11.5714 0000 90.8195 276
-11.5315 0000 90.8128 225
-11.4921 0000 90.8145 193
-11.4527 0000 90.8163 170
-11.4126 0000 90.8074 185
-11.3728 0000 90.8028 218
-11.3331 0000 90.8003 223
-11.2910 0000 90.7597 236
-11.2512 0000 90.7550 280
-11.2117 0000 90.7547 292
-11.1724 0000 90.7585 257
-11.1344 0000 90.7835 273
-11.0954 0000 90.7916 295
-11.0569 0000 90.8082 285
-11.0178 0000 90.8142 302
-10.9787 0000 90.8222 315
-10.9389 0000 90.8176 332
-10.8990 0000 90.8109 306
-10.8584 0000 90.7936 275
-10.8185 0000 90.7868 227
-10.7786 0000 90.7801 205
-10.7389 0000 90.7776 193
-10.6996 0000 90.7815 171
-10.6603 0000 90.7853 159
-10.6209 0000 90.7871 159
-10.5812 0000 90.7846 182
-10.5424 0000 90.7969 203
-10.5025 0000 90.7901 215
-10.4620 0000 90.7728 245
-10.4218 0000 90.7619 243
-10.3843 0000 90.7954 219
-10.3448 0000 90.7971 164
-10.3041 0000 90.7755 150
-10.2645 0000 90.7752 154
-10.2254 0000 90.7811 171
-10.1871 0000 90.8040 181
-10.1463 0000 90.7804 230
-10.1052 0000 90.7525 255
-10.0653 0000 90.7458 261
-10.0255 0000 90.7411 216
-9.9861 0000 90.7429 173
-9.9468 0000 90.7467 149
-9.9077 0000 90.7548 132
-9.8712 0000 90.8095 111
-9.8299 0000 90.7773 98
-9.7889 0000 90.7494 109
-9.7486 0000 90.7342 116
-9.7089 0000 90.7317 137
-9.6696 0000 90.7356 161
-9.6311 0000 90.7543 146
-9.5926 0000 90.7729 143
-9.5528 0000 90.7683 136
-9.5118 0000 90.7404 136
-9.4722 0000 90.7379 152
-9.4318 0000 90.7206 160
-9.3922 0000 90.7202 142
-9.3539 0000 90.7431 140
-9.3143 0000 90.7406 124
-9.2762 0000 90.7677 114
-9.2366 0000 90.7674 140
-9.1969 0000 90.7627 187
-9.1569 0000 90.7539 209
-9.1186 0000 90.7789 250
-9.0789 0000 90.7743 293
-9.0384 0000 90.7548 311
-8.9976 0000 90.7291 384
-8.9568 0000 90.7033 367
-8.9170 0000 90.6966 375
-8.8781 0000 90.7089 391
-8.8402 0000 90.7423 392
-8.8009 0000 90.7462 326
-8.7613 0000 90.7458 287
-8.7218 0000 90.7454 257
-8.6819 0000 90.7366 210
-8.6408 0000 90.7044 172
-8.6000 0000 90.6766 167
-8.5615 0000 90.6973 228
-8.5220 0000 90.6991 276
-8.4826 0000 90.7008 253
-8.4442 0000 90.7237 244
-8.4051 0000 90.7339 244
-8.3656 0000 90.7335 290
-8.3258 0000 90.7267 372
-8.2866 0000 90.7348 377
-8.2483 0000 90.7619 279
-8.2081 0000 90.7467 279
-8.1681 0000 90.7358 320
-8.1284 0000 90.7312 340
-8.0889 0000 90.7308 306
-8.0492 0000 90.7283 259
-8.0098 0000 90.7300 235
-7.9704 0000 90.7318 228
-7.9306 0000 90.7271 224
-7.8912 0000 90.7289 248
-7.8518 0000 90.7327 313
-7.8122 0000 90.7302 361
-7.7727 0000 90.7298 340
-7.7331 0000 90.7295 271
-7.6934 0000 90.7248 223
-7.6538 0000 90.7224 251
-7.6142 0000 90.7199 317
-7.5744 0000 90.7131 410
-7.5337 0000 90.6853 491
-7.4934 0000 90.6658 587
-7.4537 0000 90.6612 537
-7.4143 0000 90.6630 473
-7.3749 0000 90.6668 403
-7.3361 0000 90.6834 286
-7.2975 0000 90.7084 246
-7.2582 0000 90.7122 216
-7.2189 0000 90.7182 200
-7.1796 0000 90.7242 185
-7.1401 0000 90.7238 166
-7.1004 0000 90.7213 156
-7.0610 0000 90.7231 160
-7.0214 0000 90.7206 153
-6.9814 0000 90.7096 156
-6.9414 0000 90.6966 194
-6.9013 0000 90.6814 249
-6.8619 0000 90.6853 242
-6.8218 0000 90.6701 208
-6.7822 0000 90.6676 193
-6.7433 0000 90.6842 176
-6.7041 0000 90.6923 158
-6.6652 0000 90.7088 170
-6.6256 0000 90.7085 205
-6.5860 0000 90.7060 209
-6.5458 0000 90.6866 184
-6.5069 0000 90.7053 199
-6.4673 0000 90.7028 201
-6.4275 0000 90.6961 189
-6.3880 0000 90.6978 186
-6.3488 0000 90.7059 182
-6.3094 0000 90.7098 162
-6.2700 0000 90.7137 144
-6.2318 0000 90.7536 138
-6.1923 0000 90.7553 140
-6.1522 0000 90.7402 157
-6.1128 0000 90.7440 191
-6.0738 0000 90.7606 245
-6.0342 0000 90.7603 326
-5.9945 0000 90.7536 358
-5.9550 0000 90.7553 340
-5.9157 0000 90.7634 326
-5.8768 0000 90.7843 319
-5.8371 0000 90.7818 381
-5.7970 0000 90.7624 502
-5.7573 0000 90.7599 561
-5.7177 0000 90.7575 598
-5.6781 0000 90.7571 599
-5.6388 0000 90.7631 531
-5.5994 0000 90.7713 431
-5.5599 0000 90.7730 355
-5.5202 0000 90.7663 313
-5.4807 0000 90.7681 281
-5.4414 0000 90.7805 256
-5.4025 0000 90.8013 247
-5.3631 0000 90.8094 210
-5.3237 0000 90.8133 189
-5.2841 0000 90.8130 180
-5.2454 0000 90.8466 184
-5.2068 0000 90.8823 272
-5.1678 0000 90.9032 340
-5.1283 0000 90.9071 404
-5.0887 0000 90.9067 398
-5.0491 0000 90.9085 369
-5.0095 0000 90.9103 370
-4.9699 0000 90.9099 370
-4.9304 0000 90.9117 348
-4.8915 0000 90.9390 321
-4.8526 0000 90.9705 392
-4.8133 0000 90.9829 438
-4.7743 0000 91.0059 419
-4.7352 0000 91.0311 462
-4.6958 0000 91.0414 491
-4.6563 0000 91.0453 518
-4.6167 0000 91.0449 488
-4.5770 0000 91.0446 419
-4.5378 0000 91.0655 333
-4.4983 0000 91.0716 299
-4.4590 0000 91.0861 268
-4.4194 0000 91.0879 201
-4.3798 0000 91.0918 144
-4.3403 0000 91.0979 104
-4.3014 0000 91.1316 90
-4.2625 0000 91.1674 81
-4.2235 0000 91.2011 68
-4.1844 0000 91.2285 58
-4.1447 0000 91.2281 55
-4.1064 0000 91.2960 66
-4.0668 0000 91.2999 89
-4.0272 0000 91.3039 124
-3.9880 0000 91.3313 154
-3.9484 0000 91.3352 189
-3.9087 0000 91.3391 215
-3.8691 0000 91.3430 218
-3.8293 0000 91.3384 187
-3.7899 0000 91.3573 162
-3.7504 0000 91.3676 138
-3.7117 0000 91.4249 118
-3.6732 0000 91.4930 107
-3.6344 0000 91.5504 121
-3.5955 0000 91.6035 136
-3.5563 0000 91.6353 133
-3.5167 0000 91.6456 143
-3.4777 0000 91.6946 138
-3.4381 0000 91.7092 112
-3.3988 0000 91.7368 90
-3.2897 0000 87.4205 126
-3.2504 0000 87.3896 207
-3.2120 0000 87.4096 297
-3.1734 0000 87.4235 294
-3.1343 0000 87.4069 224
-3.0950 0000 87.3740 175
-3.1201 0000 91.7344 185
-3.0801 0000 91.7191 213
-3.0400 0000 91.7016 156
-3.0004 0000 91.7163 97
-2.9613 0000 91.7652 64
-2.9237 0000 91.9366 82
-2.8844 0000 91.9814 118
-2.8452 0000 92.0306 153
-2.8057 0000 92.0625 167
-2.7661 0000 92.0902 203
-2.7267 0000 92.1264 213
-2.6869 0000 92.1390 227
-2.6471 0000 92.1452 227
-2.6072 0000 92.1448 224
-2.5673 0000 92.1445 222
-2.5275 0000 92.1528 209
-2.4879 0000 92.1848 216
-2.4480 0000 92.1888 234
-2.4081 0000 92.1863 258
-2.3681 0000 92.1859 264
-2.3286 0000 92.2266 243
-2.2888 0000 92.2392 216
-2.2491 0000 92.2691 187
-2.2096 0000 92.3140 197
-2.1698 0000 92.3310 185
-2.1300 0000 92.3501 147
-2.0901 0000 92.3498 97
-2.0506 0000 92.4143 90
-2.0109 0000 92.4529 103
-1.9710 0000 92.4590 121
-1.9310 0000 92.4587 125
-1.8912 0000 92.4843 129
-1.8514 0000 92.5121 122
-1.8115 0000 92.5204 124
-1.7718 0000 92.5786 125
-1.7319 0000 92.5956 140
-1.6921 0000 92.6256 156
-1.6522 0000 92.6513 127
-1.6124 0000 92.6835 131
-1.5724 0000 92.6940 147
-1.5325 0000 92.7197 140
-1.4925 0000 92.7259 150
-1.4524 0000 92.7321 191
-1.4124 0000 92.7382 240
-1.3724 0000 92.7379 287
-1.3323 0000 92.7419 325
-1.2924 0000 92.7633 335
-1.2524 0000 92.7847 235
-1.2124 0000 92.7974 207
-1.1723 0000 92.8014 231
-1.1323 0000 92.8206 316
-1.0923 0000 92.8507 373
-1.0522 0000 92.8634 477
-1.0122 0000 92.8653 503
-0.9721 0000 92.8693 452
-0.9320 0000 92.8777 368
-0.8920 0000 92.8795 250
-0.8519 0000 92.9183 172
-0.8118 0000 92.9202 148
-0.7717 0000 92.9264 135
-0.7316 0000 92.9522 124
-0.6916 0000 92.9301 136
-0.6515 0000 92.9602 161
-0.6113 0000 92.9882 218
-0.5712 0000 92.9966 228
-0.5311 0000 93.0202 209
-0.4910 0000 93.0307 221
-0.4508 0000 93.0522 246
-0.4107 0000 93.0519 231
-0.3706 0000 93.0537 202
-0.3305 0000 93.0599 173
-0.2903 0000 93.0639 155
-0.2502 0000 93.0636 138
-0.2101 0000 93.0655 127
-0.1699 0000 93.0717 131
-0.1297 0000 93.0931 138
-0.0897 0000 93.0797 165
-0.0496 0000 93.0685 176
-0.0095 0000 93.0508 194
0.0306 0000 93.0483 232
0.0707 0000 93.0566 268
0.1109 0000 93.0650 280
0.1510 0000 93.0712 262
0.1913 0000 93.0905 223
0.2315 0000 93.1120 237
0.2717 0000 93.1182 234
0.3119 0000 93.1309 246
0.3521 0000 93.1415 252
0.3923 0000 93.1630 205
0.4326 0000 93.1801 193
0.4726 0000 93.1645 205
0.5129 0000 93.1816 183
0.5530 0000 93.1834 160
0.5930 0000 93.1635 157
0.6330 0000 93.1457 151
0.6733 0000 93.1650 171
0.7136 0000 93.1821 165
0.7537 0000 93.1818 171
0.7939 0000 93.1793 180
0.8337 0000 93.1441 205
0.8737 0000 93.1328 243
0.9138 0000 93.1303 284
0.9540 0000 93.1322 294
0.9942 0000 93.1384 263
1.0345 0000 93.1598 204
1.0749 0000 93.1878 210
1.1151 0000 93.1919 218
1.1552 0000 93.1893 197
1.1953 0000 93.1825 149
1.2351 0000 93.1560 119
1.2752 0000 93.1469 100
1.3153 0000 93.1466 99
1.3552 0000 93.1288 118
1.3954 0000 93.1329 159
1.4357 0000 93.1521 195
1.4760 0000 93.1583 195
1.5163 0000 93.1754 186
1.5565 0000 93.1773 190
1.5964 0000 93.1660 187
1.6365 0000 93.1635 160
1.6766 0000 93.1566 143
1.7166 0000 93.1520 126
1.7563 0000 93.1211 115
1.7961 0000 93.0946 137
1.8362 0000 93.0921 138
1.8762 0000 93.0896 140
1.9166 0000 93.1067 148
1.9567 0000 93.1085 168
1.9969 0000 93.1082 164
2.0369 0000 93.1035 142
2.0771 0000 93.1075 146
2.1173 0000 93.1137 164
2.1573 0000 93.1090 153
2.1974 0000 93.1065 134
2.2376 0000 93.1105 128
2.2777 0000 93.1124 131
2.3177 0000 93.1055 150
2.3579 0000 93.1095 187
2.3982 0000 93.1201 205
2.4383 0000 93.1197 191
2.4781 0000 93.1041 174
2.5180 0000 93.0907 168
2.5577 0000 93.0664 150
2.5974 0000 93.0443 143
2.6384 0000 93.0919 139
2.6786 0000 93.0981 164
2.7188 0000 93.1021 181
2.7589 0000 93.1018 171
2.7989 0000 93.0993 162
2.8390 0000 93.0967 182
2.8791 0000 93.0986 218
2.9197 0000 93.1222 223
2.9600 0000 93.1328 233
3.0000 0000 93.1259 242
3.0395 0000 93.0972 250
3.0796 0000 93.0969 206
3.1204 0000 93.1271 150
3.1602 0000 93.1137 130
3.2002 0000 93.1090 118
3.2402 0000 93.1043 118
3.2803 0000 93.1039 121
3.3204 0000 93.1036 135
3.3605 0000 93.1054 144
3.4012 0000 93.1291 151
3.4415 0000 93.1375 158
3.4820 0000 93.1546 173
3.5215 0000 93.1281 251
3.5612 0000 93.1103 294
3.6012 0000 93.1078 310
3.6412 0000 93.1009 278
3.6811 0000 93.0941 250
3.7212 0000 93.0937 240
3.7612 0000 93.0912 218
3.8008 0000 93.0691 185
3.8408 0000 93.0666 187
3.8809 0000 93.0663 189
3.9215 0000 93.0855 190
3.9618 0000 93.0917 161
4.0019 0000 93.0914 140
4.0412 0000 93.0649 155
4.0812 0000 93.0603 180
4.1213 0000 93.0599 203
4.1619 0000 93.0770 197
4.2021 0000 93.0811 203
4.2422 0000 93.0829 192
4.2824 0000 93.0848 184
4.3225 0000 93.0844 203
4.3627 0000 93.0885 213
4.4029 0000 93.0925 209
4.4430 0000 93.0944 225
4.4831 0000 93.0940 229
4.5234 0000 93.1002 215
4.5648 0000 93.1435 211
4.6053 0000 93.1541 206
4.6456 0000 93.1603 190
4.6857 0000 93.1622 179
4.7258 0000 93.1597 185
4.7660 0000 93.1615 183
4.8067 0000 93.1808 184
4.8476 0000 93.2067 161
4.8878 0000 93.2085 164
4.9279 0000 93.2082 181
4.9681 0000 93.2101 199
5.0082 0000 93.2098 211
5.0478 0000 93.1920 279
5.0876 0000 93.1830 299
5.1286 0000 93.2088 291
5.1689 0000 93.2150 267
5.2094 0000 93.2256 285
5.2498 0000 93.2341 299
5.2901 0000 93.2381 258
5.3311 0000 93.2618 234
5.3719 0000 93.2833 313
5.4123 0000 93.2896 310
5.4529 0000 93.3024 272
5.4946 0000 93.3457 273
5.5354 0000 93.3629 290
5.5760 0000 93.3757 282
5.6163 0000 93.3776 277
5.6563 0000 93.3751 327
5.6965 0000 93.3748 353
5.7368 0000 93.3788 318
5.7783 0000 93.4157 306
5.8188 0000 93.4241 351
5.8592 0000 93.4282 385
5.8994 0000 93.4301 372
5.9389 0000 93.4123 330
5.9788 0000 93.4054 322
6.0189 0000 93.4029 327
6.0594 0000 93.4114 343
6.1015 0000 93.4614 353
6.1421 0000 93.4720 347
6.1832 0000 93.4958 331
6.2241 0000 93.5130 283
6.2648 0000 93.5258 256
6.3064 0000 93.5584 234
6.3465 0000 93.5581 216
6.3868 0000 93.5600 210
6.4274 0000 93.5684 220
6.4680 0000 93.5791 220
6.5102 0000 93.6270 206
6.5510 0000 93.6399 203
6.5915 0000 93.6461 196
6.6318 0000 93.6480 173
6.6742 0000 93.7004 153
6.7147 0000 93.7067 151
6.7552 0000 93.7108 162
6.7952 0000 93.7061 172
6.8353 0000 93.7036 166
6.8777 0000 93.7538 158
6.9186 0000 93.7688 187
6.9593 0000 93.7773 235
7.0000 0000 93.7880 268
7.0408 0000 93.8009 288
7.0817 0000 93.8160 303
7.1219 0000 93.8135 231
7.1620 0000 93.8110 163
7.2022 0000 93.8107 128
7.2451 0000 93.8676 106
7.2872 0000 93.9069 97
7.3302 0000 93.9660 96
7.3708 0000 93.9723 101
7.4128 0000 94.0072 100
7.4531 0000 94.0091 103
7.4922 0000 93.9846 105
7.5336 0000 94.0063 90
7.5742 0000 94.0127 92
7.6148 0000 94.0190 111
7.6552 0000 94.0231 129
7.6965 0000 94.0426 146
7.7380 0000 94.0666 125
7.7789 0000 94.0795 120
7.8209 0000 94.1145 121
7.8629 0000 94.1473 155
7.9034 0000 94.1514 176
7.9436 0000 94.1489 165
7.9841 0000 94.1530 150
8.0248 0000 94.1616 154
8.0662 0000 94.1811 144
8.1064 0000 94.1787 150
8.1467 0000 94.1784 163
8.1873 0000 94.1847 172
8.2279 0000 94.1910 178
8.2688 0000 94.2018 196
8.3102 0000 94.2214 226
8.3515 0000 94.2410 189
8.3927 0000 94.2561 173
8.4346 0000 94.2868 168
8.4761 0000 94.3086 209
8.5167 0000 94.3127 224
8.5574 0000 94.3191 198
8.5981 0000 94.3254 144
8.6397 0000 94.3494 124
8.6808 0000 94.3624 139
8.7227 0000 94.3909 155
8.7632 0000 94.3928 173
8.8037 0000 94.3948 185
8.8442 0000 94.3989 193
8.8869 0000 94.4407 202
8.9275 0000 94.4448 196
8.9684 0000 94.4534 179
9.0090 0000 94.4575 178
9.0495 0000 94.4595 180
9.0902 0000 94.4658 184
9.1309 0000 94.4700 192
9.1724 0000 94.4896 191
9.2135 0000 94.5026 154
9.2561 0000 94.5400 127
9.2977 0000 94.5619 129
9.3382 0000 94.5638 118
9.3787 0000 94.5658 115
9.4194 0000 94.5700 124
9.4597 0000 94.5675 139
9.5002 0000 94.5694 148
9.5421 0000 94.5957 136
9.5847 0000 94.6309 148
9.6268 0000 94.6595 147
9.6677 0000 94.6681 145
9.7084 0000 94.6723 126
9.7500 0000 94.6920 126
9.7902 0000 94.6873 138
9.8311 0000 94.6959 159
9.8736 0000 94.7289 151
9.9148 0000 94.7420 138
9.9564 0000 94.7595 150
9.9957 0000 94.7414 140
10.0361 0000 94.7412 128
10.0779 0000 94.7631 133
10.1162 0000 94.7295 134
10.1567 0000 94.7293 138
10.1996 0000 94.7690 148
10.2403 0000 94.7732 153
10.2808 0000 94.7729 160
10.3227 0000 94.7971 164
10.3637 0000 94.8057 172
10.4040 0000 94.8032 165
10.4436 0000 94.7896 170
10.4835 0000 94.7805 169
10.5222 0000 94.7536 181
10.5610 0000 94.7289 185
10.6001 0000 94.7086 205
10.6396 0000 94.6951 196
10.6796 0000 94.6882 187
10.7201 0000 94.6901 180
10.7605 0000 94.6899 177
10.8009 0000 94.6896 144
10.8418 0000 94.6960 109
10.8822 0000 94.6957 104
10.9211 0000 94.6733 108
10.9610 0000 94.6664 117
11.0016 0000 94.6683 123
11.0423 0000 94.6725 126
11.0813 0000 94.6523 128
11.1203 0000 94.6321 122
11.1599 0000 94.6207 130
11.2000 0000 94.6161 141
11.2402 0000 94.6136 137
11.2804 0000 94.6111 123
11.3180 0000 94.5710 111
11.3571 0000 94.5530 103
11.3939 0000 94.5018 101
11.4332 0000 94.4860 120
11.4713 0000 94.4548 141
11.5105 0000 94.4390 168
11.5502 0000 94.4299 194
11.5906 0000 94.4297 227
11.6299 0000 94.4162 240
11.6712 0000 94.4292 253
11.7115 0000 94.4289 210
11.7506 0000 94.4110 170
11.7889 0000 94.3842 174
11.8281 0000 94.3684 168
11.8647 0000 94.3174 166
11.9037 0000 94.2994 181
11.9425 0000 94.2793 184
11.9825 0000 94.2746 194
12.0224 0000 94.2700 203
12.0612 0000 94.2499 207
12.1010 0000 94.2430 183
12.1409 0000 94.2383 176
12.1807 0000 94.2314 185
12.2211 0000 94.2334 237
12.2619 0000 94.2397 300
12.3018 0000 94.2351 308
12.3419 0000 94.2326 299
12.3826 0000 94.2390 286
12.4227 0000 94.2365 235
12.4613 0000 94.2142 198
12.4974 0000 94.1610 242
12.5372 0000 94.1541 329
12.5776 0000 94.1561 402
12.6174 0000 94.1514 437
12.6573 0000 94.1468 454
12.6977 0000 94.1487 478
12.7384 0000 94.1551 487
12.7790 0000 94.1592 462
12.8192 0000 94.1590 393
12.8589 0000 94.1521 303
12.8969 0000 94.1232 224
12.9350 0000 94.0965 229
12.9743 0000 94.0853 235
13.0140 0000 94.0784 238
13.0538 0000 94.0737 228
13.0915 0000 94.0427 210
13.1308 0000 94.0314 182
13.1704 0000 94.0245 153
13.2106 0000 94.0243 127
13.2501 0000 94.0152 96
13.2874 0000 93.9798 88
13.3275 0000 93.9795 111
13.3689 0000 93.9947 134
13.4089 0000 93.9922 160
13.4496 0000 93.9986 181
13.4910 0000 94.0137 200
13.5336 0000 94.0421 200
13.5745 0000 94.0506 205
13.6165 0000 94.0724 221
13.6555 0000 94.0589 201
13.6955 0000 94.0565 193
13.7355 0000 94.0540 187
13.7756 0000 94.0537 179
13.8154 0000 94.0491 165
13.8554 0000 94.0466 160
13.8957 0000 94.0486 157
13.9377 0000 94.0703 157
13.9777 0000 94.0679 150
14.0141 0000 94.0236 159
14.0536 0000 94.0168 168
14.0934 0000 94.0121 192
14.1337 0000 94.0140 236
14.1744 0000 94.0204 242
14.2161 0000 94.0377 199
14.2562 0000 94.0375 176
14.2965 0000 94.0394 150
14.3391 0000 94.0678 137
14.3795 0000 94.0697 121
14.4196 0000 94.0694 113
14.4591 0000 94.0626 119
14.4971 0000 94.0381 138
14.5370 0000 94.0357 172
14.5772 0000 94.0354 203
14.6169 0000 94.0307 228
14.6564 0000 94.0239 246
14.6961 0000 94.0192 248
14.7339 0000 93.9926 249
14.7730 0000 93.9813 242
14.8129 0000 93.9789 260
14.8529 0000 93.9786 289
14.8932 0000 93.9805 311
14.9341 0000 93.9891 310
14.9752 0000 93.9998 302
15.0173 0000 94.0215 273
15.0580 0000 94.0279 266
15.0985 0000 94.0320 258
15.1384 0000 94.0295 244
15.1784 0000 94.0293 214
15.2193 0000 94.0378 173
15.2619 0000 94.0639 148
15.3026 0000 94.0703 138
15.3427 0000 94.0700 150
15.3825 0000 94.0675 162
15.4226 0000 94.0673 161
15.4627 0000 94.0670 142
15.5013 0000 94.0513 135
15.5431 0000 94.0687 124
15.5829 0000 94.0662 130
15.6232 0000 94.0681 127
15.6637 0000 94.0722 119
15.7057 0000 94.0918 124
15.7455 0000 94.0893 116
15.7858 0000 94.0912 112
15.8263 0000 94.0954 122
15.8666 0000 94.0973 128
15.9073 0000 94.1036 128
15.9478 0000 94.1078 133
15.9876 0000 94.1053 145
16.0277 0000 94.1050 158
16.0680 0000 94.1069 184
16.1099 0000 94.1265 190
16.1504 0000 94.1306 185
16.1909 0000 94.1347 179
16.2316 0000 94.1410 171
16.2739 0000 94.1628 151
16.3148 0000 94.1713 126
16.3557 0000 94.1799 130
16.4006 0000 94.2280 128
16.4442 0000 94.2630 120
16.4900 0000 94.3201 135
16.5316 0000 94.3352 155
16.5759 0000 94.3769 158
16.6195 0000 94.4119 173
16.6625 0000 94.4403 170
16.7026 0000 94.4400 180
16.7425 0000 94.4376 196
16.7817 0000 94.4284 240
16.8223 0000 94.4326 258
16.8628 0000 94.4367 264
16.9065 0000 94.4718 269
16.9478 0000 94.4825 241
16.9890 0000 94.4933 187
17.0319 0000 94.5195 157
17.0747 0000 94.5458 125
17.1180 0000 94.5764 136
17.1590 0000 94.5850 140
17.2019 0000 94.6113 123
17.2432 0000 94.6220 120
17.2840 0000 94.6284 134
17.3244 0000 94.6303 147
17.3645 0000 94.6300 151
17.4070 0000 94.6519 149
17.4508 0000 94.6870 166
17.4954 0000 94.7288 149
17.5400 0000 94.7706 147
17.5869 0000 94.8347 143
17.6332 0000 94.8921 139
17.6753 0000 94.9095 129
17.7214 0000 94.9648 123
17.7649 0000 94.9956 127
17.8063 0000 95.0064 132
17.8472 0000 95.0128 133
17.8905 0000 95.0414 110
17.9340 0000 95.0722 107
17.9779 0000 95.1053 100
18.0212 0000 95.1340 109
18.0622 0000 95.1403 112
18.1087 0000 95.1979 104
18.1506 0000 95.2132 100
18.1950 0000 95.2508 105
18.2386 0000 95.2818 127
18.2801 0000 95.2926 141
18.3240 0000 95.3258 138
18.3677 0000 95.3567 152
18.4114 0000 95.3877 142
18.4557 0000 95.4231 152
18.5009 0000 95.4675 142
18.5479 0000 95.5276 149
18.5899 0000 95.5430 153
18.6335 0000 95.5718 159
18.6775 0000 95.6050 127
18.7246 0000 95.6652 115
18.7679 0000 95.6918 117
18.8153 0000 95.7543 128
18.8615 0000 95.8056 143
18.9044 0000 95.8277 155
18.9511 0000 95.8836 158
18.9983 0000 95.9439 155
19.0420 0000 95.9729 152
19.0893 0000 96.0333 150
19.1346 0000 96.0758 157
19.1778 0000 96.1002 137
19.2167 0000 96.0864 139
19.2571 0000 96.0861 133
19.2978 0000 96.0881 126
19.3431 0000 96.1306 127
19.3872 0000 96.1618 130
19.4292 0000 96.1750 142
19.4709 0000 96.1860 174
19.5116 0000 96.1880 225
19.5541 0000 96.2057 235
19.5972 0000 96.2280 254
19.6386 0000 96.2367 231
19.6791 0000 96.2364 200
19.7190 0000 96.2316 166
19.7594 0000 96.2313 142
19.7980 0000 96.2152 157
19.8381 0000 96.2127 168
19.8796 0000 96.2214 176
19.9224 0000 96.2414 177
19.9658 0000 96.2659 163
20.0062 0000 96.2656 157
20.0451 0000 96.2518 136
20.0812 0000 96.2154 146
20.1219 0000 96.2174 179
20.1625 0000 96.2193 223
20.2048 0000 96.2348 247
20.2461 0000 96.2413 277
20.2870 0000 96.2455 281
20.3280 0000 96.2497 270
20.3689 0000 96.2539 231
20.4096 0000 96.2559 178
20.4506 0000 96.2601 151
20.4962 0000 96.3027 154
20.5374 0000 96.3091 158
20.5787 0000 96.3156 157
20.6224 0000 96.3424 158
20.6636 0000 96.3489 179
20.7043 0000 96.3508 194
20.7434 0000 96.3392 204
20.7802 0000 96.3096 224
20.8200 0000 96.3048 221
20.8607 0000 96.3068 218
20.9014 0000 96.3087 212
20.9423 0000 96.3129 200
20.9830 0000 96.3149 182
21.0237 0000 96.3168 164
21.0649 0000 96.3233 153
21.1079 0000 96.3433 145
21.1488 0000 96.3475 124
21.1901 0000 96.3540 115
21.2307 0000 96.3560 111
21.2709 0000 96.3534 110
21.3115 0000 96.3554 113
21.3528 0000 96.3618 118
21.3986 0000 96.4044 124
21.4398 0000 96.4109 136
21.4808 0000 96.4151 153
21.5189 0000 96.3968 165
21.5633 0000 96.4281 218
21.6074 0000 96.4571 217
21.6484 0000 96.4613 190
21.6879 0000 96.4543 152
21.7283 0000 96.4540 134
21.7696 0000 96.4605 127
21.8132 0000 96.4850 134
21.8564 0000 96.5073 127
21.8977 0000 96.5138 127
21.9387 0000 96.5180 122
21.9791 0000 96.5177 122
22.0189 0000 96.5129 133
22.0584 0000 96.5058 150
22.0988 0000 96.5055 155
22.1362 0000 96.4826 154
22.1766 0000 96.4823 187
22.2193 0000 96.5001 230
22.2603 0000 96.5043 226
22.3015 0000 96.5108 216
22.3425 0000 96.5151 211
22.3826 0000 96.5125 205
22.4223 0000 96.5077 190
22.4600 0000 96.4871 189
22.4998 0000 96.4823 182
22.5404 0000 96.4843 171
22.5816 0000 96.4908 149
22.6253 0000 96.5153 128
22.6692 0000 96.5421 131
22.7114 0000 96.5554 118
22.7526 0000 96.5619 112
22.7927 0000 96.5593 109
22.8321 0000 96.5523 103
22.8685 0000 96.5226 104
22.9049 0000 96.4930 96
22.9449 0000 96.4905 102
22.9852 0000 96.4902 111
23.0246 0000 96.4832 112
23.0604 0000 96.4491 103
23.1004 0000 96.4465 117
23.1406 0000 96.4463 133
23.1809 0000 96.4460 135
23.2209 0000 96.4435 132
23.2615 0000 96.4455 135
23.3021 0000 96.4475 140
23.3455 0000 96.4697 163
23.3897 0000 96.4988 156
23.4316 0000 96.5098 142
23.4759 0000 96.5389 131
23.5165 0000 96.5409 125
23.5605 0000 96.5678 118
23.6014 0000 96.5720 119
23.6386 0000 96.5492 126
23.6782 0000 96.5444 118
23.7179 0000 96.5396 107
23.7588 0000 96.5439 105
23.7997 0000 96.5482 109
23.8396 0000 96.5457 126
23.8758 0000 96.5161 145
23.9157 0000 96.5136 183
23.9576 0000 96.5246 210
24.0029 0000 96.5605 210
24.0419 0000 96.5512 236
24.0818 0000 96.5487 231
24.1224 0000 96.5507 182
24.1668 0000 96.5798 137
24.2073 0000 96.5818 131
24.2463 0000 96.5725 135
24.2798 0000 96.5249 150
24.3229 0000 96.5450 167
24.3642 0000 96.5515 209
24.4044 0000 96.5513 244
24.4437 0000 96.5442 253
24.4845 0000 96.5485 244
24.5267 0000 96.5618 229
24.5699 0000 96.5819 238
24.6059 0000 96.5523 210
24.6451 0000 96.5453 197
24.6886 0000 96.5677 212
24.7292 0000 96.5697 206
24.7697 0000 96.5717 190
24.8109 0000 96.5783 184
24.8525 0000 96.5871 181
24.8980 0000 96.6230 173
24.9379 0000 96.6205 159
24.9781 0000 96.6203 143
25.0120 0000 96.5771 138
25.0523 0000 96.5769 141
25.0988 0000 96.6196 133
25.1400 0000 96.6261 124
25.1769 0000 96.6033 131
25.2178 0000 96.6076 136
25.2614 0000 96.6300 144
25.2986 0000 96.6094 176
25.3418 0000 96.6295 158
25.3840 0000 96.6428 164
25.4253 0000 96.6494 194
25.4655 0000 96.6492 208
25.5044 0000 96.6399 213
25.5439 0000 96.6351 228
25.5814 0000 96.6168 222
25.6203 0000 96.6076 222
25.6564 0000 96.5802 228
25.6997 0000 96.6003 201
25.7406 0000 96.6046 211
25.7805 0000 96.6021 240
25.8200 0000 96.5974 265
25.8605 0000 96.5994 276
