wt=151406085, DLLFiFo=0
-24.1477 0000 82.3276 127
-24.1123 0000 82.3383 164
-24.0761 0000 82.3433 189
-24.0382 0000 82.3369 189
-23.9997 0000 82.3267 185
-23.9623 0000 82.3241 166
-23.9258 0000 82.3272 138
-23.8890 0000 82.3284 116
-23.8506 0000 82.3183 99
-23.8093 0000 82.2891 107
-23.7700 0000 82.2732 123
-23.7335 0000 82.2763 153
-23.6972 0000 82.2813 144
-23.6660 0000 82.3205 117
-23.6348 0000 82.3597 143
-23.5996 0000 82.3724 153
-23.5609 0000 82.3603 158
-23.5235 0000 82.3577 121
-23.4892 0000 82.3760 103
-23.4523 0000 82.3772 81
-23.4147 0000 82.3727 67
-23.3713 0000 82.3283 79
-23.3366 0000 82.3447 93
-23.2987 0000 82.3384 103
-23.2567 0000 82.3035 107
-23.2188 0000 82.2971 110
-23.1817 0000 82.2964 113
-23.1441 0000 82.2919 119
-23.1091 0000 82.3064 123
-23.0824 0000 82.3780 148
-23.0507 0000 82.4154 183
-23.0141 0000 82.4185 220
-22.9770 0000 82.4178 248
-22.9398 0000 82.4172 258
-22.9035 0000 82.4222 248
-22.8704 0000 82.4501 229
-22.8346 0000 82.4590 229
-22.7907 0000 82.4107 203
-22.7493 0000 82.3796 185
-22.7122 0000 82.3789 157
-22.6742 0000 82.3726 155
-22.6392 0000 82.3871 163
-22.6085 0000 82.4321 155
-22.5721 0000 82.4372 136
-22.5371 0000 82.4518 130
-22.5020 0000 82.4664 114
-22.4651 0000 82.4676 119
-22.4285 0000 82.4708 127
-22.3905 0000 82.4644 124
-22.3496 0000 82.4371 107
-22.3088 0000 82.4098 114
-22.2697 0000 82.3959 146
-22.2334 0000 82.4009 161
-22.1980 0000 82.4136 135
-22.1611 0000 82.4149 126
-22.1244 0000 82.4181 120
-22.0872 0000 82.4174 126
-22.0479 0000 82.4016 188
-22.0094 0000 82.3915 280
-21.9725 0000 82.3927 350
-21.9356 0000 82.3940 419
-21.8973 0000 82.3858 437
-21.8619 0000 82.3985 500
-21.8252 0000 82.4017 446
-21.7895 0000 82.4125 355
-21.7551 0000 82.4328 273
-21.7228 0000 82.4684 193
-21.6870 0000 82.4793 134
-21.6521 0000 82.4958 102
-21.6166 0000 82.5085 95
-21.5758 0000 82.4813 102
-21.5377 0000 82.4750 104
-21.5043 0000 82.5030 104
-21.4753 0000 82.5653 117
-21.4482 0000 82.6410 119
-21.4134 0000 82.6596 149
-21.3728 0000 82.6342 185
-21.3357 0000 82.6355 188
-21.2984 0000 82.6349 181
-21.2605 0000 82.6306 164
-21.2219 0000 82.6204 159
-21.1871 0000 82.6390 152
-21.1502 0000 82.6422 177
-21.1129 0000 82.6417 189
-21.0758 0000 82.6430 169
-21.0384 0000 82.6425 134
-21.0008 0000 82.6400 109
-20.9635 0000 82.6395 100
-20.9227 0000 82.6122 113
-20.8816 0000 82.5830 120
-20.8430 0000 82.5729 140
-20.8030 0000 82.5514 158
-20.7656 0000 82.5509 196
-20.7285 0000 82.5523 218
-20.6907 0000 82.5479 213
-20.6523 0000 82.5397 199
-20.6135 0000 82.5278 198
-20.5761 0000 82.5272 170
-20.5381 0000 82.5210 128
-20.4992 0000 82.5090 89
-20.4588 0000 82.4837 71
-20.4228 0000 82.4946 66
-20.3924 0000 82.5494 79
-20.3555 0000 82.5527 83
-20.3181 0000 82.5522 77
-20.2805 0000 82.5498 71
-20.2412 0000 82.5340 83
-20.1979 0000 82.4858 122
-20.1593 0000 82.4758 142
-20.1198 0000 82.4581 123
-20.0808 0000 82.4443 138
-20.0415 0000 82.4285 160
-20.0032 0000 82.4204 147
-19.9609 0000 82.3799 118
-19.9212 0000 82.3603 104
-19.8848 0000 82.3674 81
-19.8544 0000 82.4241 67
-19.8219 0000 82.4636 78
-19.7898 0000 82.5070 94
-19.7498 0000 82.4855 92
-19.7099 0000 82.4640 88
-19.6651 0000 82.4025 89
-19.6236 0000 82.3678 108
-19.5837 0000 82.3463 102
-19.5447 0000 82.3325 115
-19.5089 0000 82.3453 111
-19.4711 0000 82.3410 122
-19.4342 0000 82.3444 136
-19.4000 0000 82.3705 132
-19.3662 0000 82.4005 131
-19.3336 0000 82.4400 93
-19.3034 0000 82.5006 84
-19.2682 0000 82.5192 116
-19.2303 0000 82.5149 149
-19.1933 0000 82.5182 150
-19.1545 0000 82.5063 119
-19.1162 0000 82.4982 124
-19.0786 0000 82.4958 145
-19.0409 0000 82.4934 150
-19.0030 0000 82.4891 143
-18.9649 0000 82.4829 129
-18.9231 0000 82.4442 114
-18.8795 0000 82.3904 125
-18.8361 0000 82.3385 136
-18.7945 0000 82.3018 138
-18.7565 0000 82.2957 134
-18.7169 0000 82.2761 211
-18.6786 0000 82.2681 271
-18.6415 0000 82.2695 191
-18.6067 0000 82.2918 149
-18.5702 0000 82.2990 103
-18.5265 0000 82.2433 87
-18.4831 0000 82.1896 132
-18.4414 0000 82.1511 201
-18.4031 0000 82.1430 244
-18.3666 0000 82.1501 225
-18.3305 0000 82.1611 197
-18.2951 0000 82.1777 196
-18.2596 0000 82.1943 245
-18.2276 0000 82.2414 288
-18.1938 0000 82.2732 265
-18.1591 0000 82.2975 261
-18.1262 0000 82.3370 220
-18.0961 0000 82.4032 234
-18.0606 0000 82.4199 205
-18.0240 0000 82.4271 178
-17.9861 0000 82.4228 169
-17.9489 0000 82.4242 177
-17.9125 0000 82.4333 203
-17.8748 0000 82.4309 205
-17.8364 0000 82.4209 194
-17.7985 0000 82.4166 184
-17.7608 0000 82.4142 151
-17.7232 0000 82.4118 108
-17.6862 0000 82.4152 79
-17.6654 0000 82.5693 66
-17.5883 0000 82.2009 75
-17.5478 0000 82.1719 90
-17.5073 0000 82.1429 91
-17.4691 0000 82.1349 84
-17.4265 0000 82.0850 70
-17.3885 0000 82.0788 61
-17.3479 0000 82.0480 57
-17.3069 0000 82.0133 63
-17.2685 0000 82.0034 71
-17.2289 0000 81.9820 72
-17.1918 0000 81.9834 58
-17.1546 0000 81.9849 46
0.0000 0000 0.0000 0
-17.0984 0000 82.1605 50
-17.0610 0000 82.1600 57
-17.0234 0000 82.1576 76
-16.9825 0000 82.1229 125
-16.9423 0000 82.0959 192
-16.9040 0000 82.0859 261
-16.8662 0000 82.0816 318
-16.8280 0000 82.0735 352
-16.7902 0000 82.0692 259
-16.7527 0000 82.0669 188
-16.7159 0000 82.0721 159
-16.6787 0000 82.0735 135
-16.6411 0000 82.0711 110
-16.6033 0000 82.0668 99
-16.5634 0000 82.0417 102
-16.5235 0000 82.0165 132
-16.4850 0000 82.0046 149
-16.4455 0000 81.9833 130
-16.4070 0000 81.9714 106
-16.3638 0000 81.9121 95
-16.3197 0000 81.8453 109
-16.2775 0000 81.7956 128
-16.2398 0000 81.7914 136
-16.2032 0000 81.7984 149
-16.1670 0000 81.8093 165
-16.1299 0000 81.8107 156
-16.0918 0000 81.8027 126
-16.0537 0000 81.7946 98
-16.0136 0000 81.7657 81
-15.9727 0000 81.7293 62
-15.9358 0000 81.7326 61
-15.9016 0000 81.7643 92
-15.8662 0000 81.7827 122
-15.8270 0000 81.7633 133
-15.7878 0000 81.7439 143
-15.7501 0000 81.7396 142
-15.7116 0000 81.7259 150
-15.6682 0000 81.6630 185
-15.6282 0000 81.6342 222
-15.5896 0000 81.6205 259
-15.5523 0000 81.6200 207
-15.5145 0000 81.6138 151
-15.4752 0000 81.5926 133
-15.4345 0000 81.5562 138
-15.3951 0000 81.5331 195
-15.3584 0000 81.5383 233
-15.3231 0000 81.5586 227
-15.2865 0000 81.5656 245
-15.2490 0000 81.5632 264
-15.2116 0000 81.5609 282
-15.1741 0000 81.5585 291
-15.1370 0000 81.5599 281
-15.0998 0000 81.5594 264
-15.0628 0000 81.5627 245
-15.0257 0000 81.5641 220
-14.9888 0000 81.5674 201
-14.9527 0000 81.5801 211
-14.9155 0000 81.5796 199
-14.8764 0000 81.5602 156
-14.8357 0000 81.5220 133
-14.7919 0000 81.4499 122
-14.7519 0000 81.4193 133
-14.7136 0000 81.4075 107
-14.6762 0000 81.4051 96
-14.6385 0000 81.3990 96
-14.5982 0000 81.3646 100
-14.5581 0000 81.3322 101
-14.5188 0000 81.3091 128
-14.4796 0000 81.2861 106
-14.4402 0000 81.2611 98
-14.4022 0000 81.2512 101
-14.3626 0000 81.2245 106
-14.3218 0000 81.1827 130
-14.2819 0000 81.1521 134
-14.2456 0000 81.1610 144
-14.2122 0000 81.2037 143
-14.1789 0000 81.2483 137
-14.1468 0000 81.3061 152
-14.1121 0000 81.3339 172
-14.0755 0000 81.3409 167
-14.0400 0000 81.3611 149
-14.0031 0000 81.3644 152
-13.9643 0000 81.3451 187
-13.9264 0000 81.3371 215
-13.8886 0000 81.3291 207
-13.8483 0000 81.2929 164
-13.8095 0000 81.2736 139
-13.7686 0000 81.2299 132
-13.7273 0000 81.1806 128
-13.6864 0000 81.1369 151
-13.6467 0000 81.1064 174
-13.6077 0000 81.0834 204
-13.5704 0000 81.0811 239
-13.5335 0000 81.0843 188
-13.4971 0000 81.0932 129
-13.4609 0000 81.1040 117
-13.4262 0000 81.1335 123
-13.3911 0000 81.1575 109
-13.3556 0000 81.1776 123
-13.3182 0000 81.1753 156
-13.2790 0000 81.1504 176
-13.2391 0000 81.1161 183
-13.1992 0000 81.0819 208
-13.1645 0000 81.1114 194
-13.1320 0000 81.1691 222
-13.0954 0000 81.1762 274
-13.0581 0000 81.1738 332
-13.0206 0000 81.1696 380
-12.9825 0000 81.1578 384
-12.9417 0000 81.1123 360
-12.9022 0000 81.0818 412
-12.8632 0000 81.0588 449
-12.8249 0000 81.0434 563
-12.7876 0000 81.0410 576
-12.7501 0000 81.0368 538
-12.7124 0000 81.0288 448
-12.6747 0000 81.0208 393
-12.6375 0000 81.0204 408
-12.6006 0000 81.0237 405
-12.5635 0000 81.0232 356
-12.5263 0000 81.0227 326
-12.4890 0000 81.0204 332
-12.4506 0000 81.0030 308
-12.4137 0000 81.0063 317
-12.3778 0000 81.0227 344
-12.3418 0000 81.0372 386
-12.3051 0000 81.0424 344
-12.2686 0000 81.0513 315
-12.2316 0000 81.0527 299
-12.1943 0000 81.0504 275
-12.1571 0000 81.0499 274
-12.1199 0000 81.0494 280
-12.0826 0000 81.0471 280
-12.0450 0000 81.0410 283
-12.0077 0000 81.0386 264
-11.9707 0000 81.0401 230
-11.9313 0000 81.0096 213
-11.8914 0000 80.9717 250
-11.8521 0000 80.9412 286
-11.8144 0000 80.9333 277
-11.7759 0000 80.9141 219
-11.7370 0000 80.8893 187
-11.6996 0000 80.8851 162
-11.6624 0000 80.8846 174
-11.6257 0000 80.8898 216
-11.5891 0000 80.8968 245
-11.5518 0000 80.8945 210
-11.5128 0000 80.8678 138
-11.4751 0000 80.8599 118
-11.4372 0000 80.8482 152
-11.4002 0000 80.8496 181
-11.3637 0000 80.8585 205
-11.3256 0000 80.8449 182
-11.2882 0000 80.8407 179
-11.2520 0000 80.8534 181
-11.2163 0000 80.8754 154
-11.1796 0000 80.8806 148
-11.1427 0000 80.8838 117
-11.1076 0000 80.9152 84
-11.0756 0000 80.9916 80
-11.0422 0000 81.0474 120
-11.0058 0000 81.0582 165
-10.9687 0000 81.0597 187
-10.9314 0000 81.0574 147
-10.8922 0000 81.0269 113
-10.8523 0000 80.9871 134
-10.8123 0000 80.9435 157
-10.7745 0000 80.9337 192
-10.7376 0000 80.9370 211
-10.7009 0000 80.9441 188
-10.6639 0000 80.9474 136
-10.6333 0000 81.0482 97
-10.6056 0000 81.1961 133
-10.5706 0000 81.2314 182
-10.5332 0000 81.2291 192
-10.4956 0000 81.2230 186
-10.4593 0000 81.2376 174
-10.4213 0000 81.2259 173
-10.3839 0000 81.2236 190
-10.3463 0000 81.2175 214
-10.3076 0000 81.1945 266
-10.2699 0000 81.1866 306
-10.2315 0000 81.1673 327
-10.1956 0000 81.1895 246
-10.1595 0000 81.2078 188
-10.1238 0000 81.2337 182
-10.0850 0000 81.2070 165
-10.0458 0000 81.1746 149
-10.0061 0000 81.1347 133
-9.9671 0000 81.1061 171
-9.9293 0000 81.0962 220
-9.8920 0000 81.0939 275
-9.8552 0000 81.1010 296
-9.8194 0000 81.1250 255
-9.7828 0000 81.1359 237
-9.7470 0000 81.1599 211
-9.7086 0000 81.1406 197
-9.6713 0000 81.1402 173
-9.6353 0000 81.1605 178
-9.5997 0000 81.1882 176
-9.5643 0000 81.2217 228
-9.5286 0000 81.2476 253
-9.4932 0000 81.2811 280
-9.4581 0000 81.3183 266
-9.4218 0000 81.3367 275
-9.3872 0000 81.3834 288
-9.3523 0000 81.4264 311
-9.3155 0000 81.4354 339
-9.2786 0000 81.4425 335
-9.2413 0000 81.4421 287
-9.2049 0000 81.4587 217
-9.1677 0000 81.4620 180
-9.1299 0000 81.4521 155
-9.0905 0000 81.4140 138
-9.0516 0000 81.3853 127
-9.0123 0000 81.3490 107
-8.9750 0000 81.3486 89
-8.9378 0000 81.3501 85
-8.9007 0000 81.3534 103
-8.8633 0000 81.3511 130
-8.8283 0000 81.3941 169
-8.7916 0000 81.4069 201
-8.7541 0000 81.4027 182
-8.7165 0000 81.3966 162
-8.6789 0000 81.3924 176
-8.6403 0000 81.3675 177
-8.6024 0000 81.3557 170
-8.5642 0000 81.3365 160
-8.5267 0000 81.3342 131
-8.4896 0000 81.3375 91
-8.4522 0000 81.3352 58
-8.4149 0000 81.3348 50
-8.3802 0000 81.3872 46
-8.3430 0000 81.3886 51
-8.3045 0000 81.3656 56
-8.2674 0000 81.3690 61
-8.2313 0000 81.3931 69
-8.1944 0000 81.4021 74
-8.1584 0000 81.4300 72
-8.1253 0000 81.5164 83
-8.0904 0000 81.5670 106
-8.0558 0000 81.6233 106
-8.0215 0000 81.6892 98
-7.9862 0000 81.7323 84
-7.9502 0000 81.7622 75
-7.9126 0000 81.7580 76
-7.8760 0000 81.7747 84
-7.8386 0000 81.7761 80
-7.8038 0000 81.8307 89
-7.7680 0000 81.8664 120
-7.7310 0000 81.8773 153
-7.6936 0000 81.8769 153
-7.6562 0000 81.8784 126
-7.6201 0000 81.9084 98
-7.5844 0000 81.9460 104
-7.5490 0000 81.9931 113
-7.5131 0000 82.0269 134
-7.4767 0000 82.0531 140
-7.4393 0000 82.0546 135
-7.4018 0000 82.0542 134
-7.3629 0000 82.0215 174
-7.3240 0000 81.9888 290
-7.2861 0000 81.9788 393
-7.2485 0000 81.9746 452
-7.2109 0000 81.9723 451
-7.1735 0000 81.9738 402
-7.1361 0000 81.9753 354
-7.0986 0000 81.9730 288
-7.0615 0000 81.9821 195
-7.0248 0000 82.0008 130
-6.9894 0000 82.0517 99
-6.9541 0000 82.1065 81
-6.9166 0000 82.1061 73
-6.8779 0000 82.0753 81
-6.8402 0000 82.0711 102
-6.8027 0000 82.0707 136
-6.7659 0000 82.0893 156
-6.7291 0000 82.1061 171
-6.6936 0000 82.1590 178
-6.6567 0000 82.1739 189
-6.6194 0000 82.1792 198
-6.5824 0000 82.1940 207
-6.5455 0000 82.2108 169
-6.5083 0000 82.2200 159
-6.4712 0000 82.2291 146
-6.4351 0000 82.2688 137
-6.3976 0000 82.2703 148
-6.3602 0000 82.2737 184
-6.3229 0000 82.2810 220
-6.2860 0000 82.2997 205
-6.2490 0000 82.3146 187
-6.2129 0000 82.3562 173
-6.1754 0000 82.3578 160
-6.1363 0000 82.3154 154
-6.0980 0000 82.2940 172
-6.0596 0000 82.2688 211
-6.0212 0000 82.2455 191
-5.9824 0000 82.2089 193
-5.9438 0000 82.1761 180
-5.9055 0000 82.1547 224
-5.8680 0000 82.1563 273
-5.8308 0000 82.1635 292
-5.7935 0000 82.1727 254
-5.7560 0000 82.1742 184
-5.7189 0000 82.1853 152
-5.6813 0000 82.1849 134
-5.6440 0000 82.1921 110
-5.6074 0000 82.2204 88
-5.5713 0000 82.2677 90
-5.5343 0000 82.2845 101
-5.4975 0000 82.3090 121
-5.4605 0000 82.3277 109
-5.4231 0000 82.3350 106
-5.3856 0000 82.3346 99
-5.3480 0000 82.3342 101
-5.3108 0000 82.3473 137
-5.2742 0000 82.3813 187
-5.2367 0000 82.3847 201
-5.1992 0000 82.3863 196
-5.1616 0000 82.3859 199
-5.1240 0000 82.3875 209
-5.0865 0000 82.3909 214
-5.0492 0000 82.3982 220
-5.0116 0000 82.3998 224
-4.9740 0000 82.3994 213
-4.9364 0000 82.4010 214
-4.8988 0000 82.4006 215
-4.8612 0000 82.3983 194
-4.8235 0000 82.3961 159
-4.7859 0000 82.3938 128
-4.7484 0000 82.3973 117
-4.7109 0000 82.4007 124
-4.6737 0000 82.4195 129
-4.6367 0000 82.4402 143
-4.5992 0000 82.4437 136
-4.5617 0000 82.4510 130
-4.5242 0000 82.4563 134
-4.4869 0000 82.4656 136
-4.4494 0000 82.4709 124
-4.4122 0000 82.4878 111
-4.3744 0000 82.4817 92
-4.3367 0000 82.4775 73
-4.2991 0000 82.4791 57
-4.2621 0000 82.5075 64
-4.2246 0000 82.5110 81
-4.1869 0000 82.5087 83
-4.1492 0000 82.5064 90
-4.1120 0000 82.5233 95
-4.0743 0000 82.5211 93
-4.0361 0000 82.4958 105
-3.9984 0000 82.4897 146
-3.9608 0000 82.4913 196
-3.9232 0000 82.4909 242
-3.8857 0000 82.4963 255
-3.8483 0000 82.5094 215
-3.8113 0000 82.5378 168
-3.7741 0000 82.5643 186
-3.7367 0000 82.5716 165
-3.6993 0000 82.5847 150
-3.6616 0000 82.5843 168
-3.6236 0000 82.5629 204
-3.5857 0000 82.5491 275
-3.5479 0000 82.5411 312
-3.5099 0000 82.5235 279
-3.4723 0000 82.5213 280
-3.4347 0000 82.5267 272
-3.3976 0000 82.5551 256
-3.3601 0000 82.5643 222
-3.3224 0000 82.5602 208
-3.2846 0000 82.5522 202
-3.2469 0000 82.5461 182
-3.2092 0000 82.5438 155
-3.1713 0000 82.5243 131
-3.1334 0000 82.5068 132
-3.0950 0000 82.4566 138
-3.0569 0000 82.4276 142
-3.0192 0000 82.4215 132
-2.9814 0000 82.4059 127
-2.9438 0000 82.4075 98
-2.9061 0000 82.4052 83
-2.8685 0000 82.4049 90
-2.8309 0000 82.4027 100
-2.7933 0000 82.4023 101
-2.7557 0000 82.4058 102
-2.7184 0000 82.4265 102
-2.6809 0000 82.4300 106
-2.6432 0000 82.4240 93
-2.6053 0000 82.4007 76
-2.5674 0000 82.3774 59
-2.5300 0000 82.3981 50
-2.4925 0000 82.3997 49
-2.4555 0000 82.4587 60
-2.4182 0000 82.4832 81
-2.3805 0000 82.4791 92
-2.3429 0000 82.4749 87
-2.3050 0000 82.4535 88
-2.2671 0000 82.4264 94
-2.2294 0000 82.4185 132
-2.1918 0000 82.4181 187
-2.1541 0000 82.4006 190
-2.1163 0000 82.3792 194
-2.0786 0000 82.3694 178
-2.0409 0000 82.3576 169
-2.0032 0000 82.3477 189
-1.9654 0000 82.3206 233
-1.9278 0000 82.3184 258
-1.8902 0000 82.3200 231
-1.8526 0000 82.3178 171
-1.8150 0000 82.3117 116
-1.7772 0000 82.2827 86
-1.7395 0000 82.2652 69
-1.7016 0000 82.2153 64
-1.6640 0000 82.2112 65
-1.6265 0000 82.2185 71
-1.5892 0000 82.2659 81
-1.5518 0000 82.2904 85
-1.5143 0000 82.3015 92
-1.4770 0000 82.3509 103
-1.4394 0000 82.3563 116
-1.4017 0000 82.3254 124
-1.3640 0000 82.2945 157
-1.3263 0000 82.2656 187
-1.2885 0000 82.2156 222
-1.2508 0000 82.1829 238
-1.2132 0000 82.1711 252
-1.1756 0000 82.1480 268
-1.1381 0000 82.1724 274
-1.1007 0000 82.2007 327
-1.0632 0000 82.2042 323
-1.0256 0000 82.2058 277
-0.9880 0000 82.2036 233
-0.9505 0000 82.2186 214
-0.9130 0000 82.2259 174
-0.8755 0000 82.2599 136
-0.8380 0000 82.2883 138
-0.8004 0000 82.2880 149
-0.7628 0000 82.2838 157
-0.7252 0000 82.2339 165
-0.6877 0000 82.2031 179
-0.6501 0000 82.1970 197
-0.6126 0000 82.1967 203
-0.5750 0000 82.2308 211
-0.5374 0000 82.2973 240
-0.4998 0000 82.3486 272
-0.4622 0000 82.3578 290
-0.4246 0000 82.3804 313
-0.3870 0000 82.3801 325
-0.3494 0000 82.3779 342
-0.3118 0000 82.3757 346
-0.2742 0000 82.3964 331
-0.2366 0000 82.4038 338
-0.1990 0000 82.4150 339
-0.1613 0000 82.4415 340
-0.1237 0000 82.4450 292
-0.0861 0000 82.4466 237
-0.0485 0000 82.4406 203
-0.0110 0000 82.4058 182
0.0265 0000 82.3807 190
0.0639 0000 82.3574 186
0.1015 0000 82.3552 189
0.1391 0000 82.3549 180
0.1768 0000 82.3718 176
0.2144 0000 82.3735 168
0.2520 0000 82.3770 154
0.2900 0000 82.4570 138
0.3284 0000 82.5908 155
0.3661 0000 82.6059 187
0.4039 0000 82.6267 212
0.4415 0000 82.6226 198
0.4793 0000 82.6376 176
0.5171 0000 82.6623 149
0.5552 0000 82.7196 139
0.5922 0000 82.6406 157
0.6297 0000 82.6192 182
0.6672 0000 82.5997 192
0.7048 0000 82.6014 210
0.7427 0000 82.6260 212
0.7804 0000 82.6334 215
0.8186 0000 82.6907 222
0.8565 0000 82.7230 228
0.8946 0000 82.7689 208
0.9323 0000 82.7705 200
0.9702 0000 82.7894 205
1.0078 0000 82.7872 241
1.0455 0000 82.7850 286
1.0832 0000 82.7847 315
1.1207 0000 82.7672 336
1.1583 0000 82.7650 314
1.1959 0000 82.7589 300
1.2336 0000 82.7567 288
1.2713 0000 82.7641 276
1.3093 0000 82.7927 252
1.3473 0000 82.8174 258
1.3853 0000 82.8421 230
1.4230 0000 82.8437 230
1.4608 0000 82.8492 236
1.4990 0000 82.8855 239
1.5373 0000 82.9314 285
1.5759 0000 82.9928 326
1.6144 0000 83.0445 359
1.6523 0000 83.0558 384
1.6903 0000 83.0787 377
1.7285 0000 83.1073 388
1.7672 0000 83.1688 382
1.8059 0000 83.2284 407
1.8441 0000 83.2571 446
1.8820 0000 83.2627 415
1.9202 0000 83.2856 334
1.9587 0000 83.3298 278
1.9971 0000 83.3663 233
2.0355 0000 83.3989 224
2.0740 0000 83.4393 201
2.1128 0000 83.4933 193
2.1506 0000 83.4930 187
2.1880 0000 83.4637 181
2.2247 0000 83.4053 170
2.2615 0000 83.3469 165
2.2988 0000 83.3215 168
2.3372 0000 83.3503 165
2.3762 0000 83.4139 175
2.4162 0000 83.5280 204
2.4542 0000 83.5354 253
2.4921 0000 83.5371 299
2.5301 0000 83.5446 335
2.5685 0000 83.5676 363
2.6063 0000 83.5654 319
2.6441 0000 83.5612 257
2.6814 0000 83.5357 204
2.7197 0000 83.5588 199
2.7585 0000 83.6031 249
2.7977 0000 83.6611 311
2.8358 0000 83.6725 362
2.8741 0000 83.6936 406
2.9120 0000 83.6914 372
2.9493 0000 83.6678 300
2.9869 0000 83.6559 284
3.0237 0000 83.6071 303
3.0613 0000 83.5971 376
3.0991 0000 83.5930 421
3.1369 0000 83.5927 387
3.1747 0000 83.5886 341
3.2124 0000 83.5825 269
3.2503 0000 83.5822 189
3.2882 0000 83.5839 146
3.3260 0000 83.5836 130
3.3631 0000 83.5523 98
3.3993 0000 83.4900 113
3.4360 0000 83.4472 151
3.4738 0000 83.4450 198
3.5120 0000 83.4602 223
3.5505 0000 83.4852 266
3.5886 0000 83.4965 247
3.6274 0000 83.5292 198
3.6671 0000 83.6008 138
3.7071 0000 83.6763 110
3.7462 0000 83.7207 99
3.7843 0000 83.7302 122
3.8209 0000 83.6833 167
3.8585 0000 83.6753 201
3.8963 0000 83.6731 194
3.9344 0000 83.6806 180
3.9732 0000 83.7134 180
4.0120 0000 83.7443 141
4.0523 0000 83.8257 114
4.0924 0000 83.8995 127
4.1309 0000 83.9188 176
4.1687 0000 83.9146 208
4.2063 0000 83.9046 195
4.2433 0000 83.8732 142
4.2816 0000 83.8866 96
4.3194 0000 83.8825 65
4.3565 0000 83.8569 55
4.3944 0000 83.8567 45
4.4323 0000 83.8584 42
4.4703 0000 83.8601 44
4.5111 0000 83.9495 45
4.5533 0000 84.0781 60
4.5921 0000 84.1032 82
4.6302 0000 84.1089 115
4.6691 0000 84.1360 149
4.7070 0000 84.1357 185
4.7449 0000 84.1316 199
4.7829 0000 84.1333 199
4.8214 0000 84.1487 210
4.8587 0000 84.1290 215
4.8960 0000 84.1111 184
4.9352 0000 84.1461 174
4.9737 0000 84.1615 155
5.0122 0000 84.1769 136
5.0517 0000 84.2177 116
5.0893 0000 84.2077 99
5.1271 0000 84.2036 80
5.1635 0000 84.1604 69
5.1990 0000 84.0937 71
5.2362 0000 84.0740 71
5.2742 0000 84.0757 67
5.3131 0000 84.1008 64
5.3524 0000 84.1358 69
5.3916 0000 84.1688 81
5.4295 0000 84.1666 102
5.4675 0000 84.1683 126
5.5054 0000 84.1662 148
5.5432 0000 84.1601 172
5.5810 0000 84.1579 179
5.6190 0000 84.1577 177
5.6568 0000 84.1535 177
5.6947 0000 84.1514 161
5.7327 0000 84.1531 127
5.7700 0000 84.1372 106
5.8068 0000 84.1097 82
5.8433 0000 84.0743 81
5.8809 0000 84.0643 93
5.9186 0000 84.0602 108
5.9556 0000 84.0385 106
5.9932 0000 84.0305 106
6.0312 0000 84.0322 105
6.0691 0000 84.0300 107
6.1062 0000 84.0103 123
6.1441 0000 84.0101 126
6.1817 0000 84.0040 117
6.2194 0000 83.9979 101
6.2575 0000 84.0016 88
6.2965 0000 84.0268 76
6.3348 0000 84.0343 67
6.3739 0000 84.0614 60
6.4120 0000 84.0651 53
6.4497 0000 84.0590 47
6.4862 0000 84.0276 44
6.5288 0000 84.1289 48
6.5694 0000 84.1873 62
6.6077 0000 84.1949 91
6.6450 0000 84.1810 109
6.6825 0000 84.1710 99
6.7157 0000 84.0692 73
6.7485 0000 83.9597 75
6.7853 0000 83.9342 91
6.8231 0000 83.9340 101
6.8612 0000 83.9376 121
6.8992 0000 83.9394 122
6.9370 0000 83.9372 104
6.9748 0000 83.9350 94
7.0129 0000 83.9387 99
7.0510 0000 83.9424 106
7.0891 0000 83.9460 113
7.1278 0000 83.9614 118
7.1657 0000 83.9631 134
7.2038 0000 83.9668 133
7.2444 0000 84.0193 128
7.2839 0000 84.0522 131
7.3219 0000 84.0520 135
7.3586 0000 84.0284 131
7.3964 0000 84.0262 120
7.4345 0000 84.0299 112
7.4728 0000 84.0375 106
7.5111 0000 84.0431 103
7.5490 0000 84.0429 103
7.5878 0000 84.0602 99
7.6246 0000 84.0385 105
7.6620 0000 84.0285 93
7.6997 0000 84.0244 76
7.7392 0000 84.0535 66
7.7786 0000 84.0825 59
7.8169 0000 84.0882 53
7.8565 0000 84.1211 56
7.8944 0000 84.1190 64
7.9323 0000 84.1187 73
7.9702 0000 84.1185 79
8.0094 0000 84.1417 79
8.0474 0000 84.1415 84
8.0852 0000 84.1394 100
8.1217 0000 84.1137 124
8.1577 0000 84.0784 163
8.1939 0000 84.0469 163
8.2318 0000 84.0467 156
8.2698 0000 84.0484 158
8.3067 0000 84.0306 185
8.3445 0000 84.0284 185
8.3824 0000 84.0282 172
8.4203 0000 84.0280 159
8.4582 0000 84.0278 148
8.4962 0000 84.0295 137
8.5355 0000 84.0527 120
8.5734 0000 84.0525 120
8.6122 0000 84.0679 140
8.6506 0000 84.0755 161
8.6893 0000 84.0889 179
8.7273 0000 84.0906 182
8.7646 0000 84.0807 174
8.8024 0000 84.0785 162
8.8401 0000 84.0744 166
8.8778 0000 84.0702 181
8.9146 0000 84.0524 174
8.9523 0000 84.0483 170
8.9903 0000 84.0500 157
9.0283 0000 84.0518 141
9.0663 0000 84.0535 133
9.1039 0000 84.0474 105
9.1398 0000 84.0160 90
9.1738 0000 83.9514 102
9.2084 0000 83.8986 130
9.2458 0000 83.8906 163
9.2830 0000 83.8806 192
9.3197 0000 83.8609 202
9.3575 0000 83.8607 224
9.3965 0000 83.8780 250
9.4353 0000 83.8934 244
9.4739 0000 83.9049 236
9.5117 0000 83.9046 227
9.5491 0000 83.8966 228
9.5859 0000 83.8808 225
9.6218 0000 83.8495 195
9.6586 0000 83.8337 227
9.6966 0000 83.8354 245
9.7340 0000 83.8294 249
9.7717 0000 83.8272 260
9.8094 0000 83.8251 276
9.8474 0000 83.8268 282
9.8858 0000 83.8363 267
9.9240 0000 83.8419 228
9.9620 0000 83.8437 176
10.0011 0000 83.8629 158
10.0400 0000 83.8783 130
10.0780 0000 83.8820 114
10.1161 0000 83.8857 105
10.1555 0000 83.9088 115
10.1953 0000 83.9379 124
10.2332 0000 83.9377 168
10.2709 0000 83.9355 208
10.3091 0000 83.9411 205
10.3487 0000 83.9663 181
10.3894 0000 84.0070 132
10.4283 0000 84.0224 114
10.4676 0000 84.0437 110
10.5045 0000 84.0298 95
10.5433 0000 84.0433 99
10.5794 0000 84.0177 93
10.6168 0000 84.0117 105
10.6545 0000 84.0095 130
10.6924 0000 84.0093 158
10.7304 0000 84.0111 174
10.7688 0000 84.0187 178
10.8070 0000 84.0243 192
10.8456 0000 84.0339 194
10.8835 0000 84.0356 200
10.9226 0000 84.0530 233
10.9625 0000 84.0801 258
11.0032 0000 84.1190 283
11.0453 0000 84.1774 309
11.0844 0000 84.1948 322
11.1229 0000 84.2024 323
11.1610 0000 84.2061 321
11.1989 0000 84.2059 299
11.2361 0000 84.1960 250
11.2731 0000 84.1841 191
11.3065 0000 84.1253 136
11.3276 0000 83.9010 118
11.3538 0000 83.7472 192
11.3885 0000 83.7062 277
11.4253 0000 83.6944 342
11.4628 0000 83.6903 362
11.5008 0000 83.6941 355
11.5388 0000 83.6978 323
11.5773 0000 83.7073 304
11.6176 0000 83.7402 312
11.6579 0000 83.7730 246
11.7009 0000 83.8409 194
11.7450 0000 83.9225 182
11.7874 0000 83.9807 191
11.8290 0000 84.0293 197
11.8677 0000 84.0408 211
11.9082 0000 84.0757 238
11.9464 0000 84.0795 265
11.9831 0000 84.0657 291
12.0225 0000 84.0850 239
12.0607 0000 84.0907 216
12.0987 0000 84.0925 207
12.1353 0000 84.0767 204
12.1729 0000 84.0746 192
12.2110 0000 84.0784 178
12.2490 0000 84.0802 152
12.2866 0000 84.0780 145
12.3240 0000 84.0720 147
12.3611 0000 84.0641 147
12.3984 0000 84.0581 139
12.4362 0000 84.0579 117
12.4740 0000 84.0578 98
12.5099 0000 84.0343 100
12.5473 0000 84.0302 100
12.5833 0000 84.0086 93
12.6192 0000 83.9851 93
12.6564 0000 83.9791 80
12.6963 0000 84.0043 70
12.7389 0000 84.0606 75
12.7796 0000 84.0956 96
12.8195 0000 84.1208 106
12.8582 0000 84.1304 118
12.8994 0000 84.1712 128
12.9379 0000 84.1789 137
12.9762 0000 84.1846 133
13.0145 0000 84.1903 116
13.0517 0000 84.1824 98
13.0868 0000 84.1510 90
13.1236 0000 84.1392 86
13.1612 0000 84.1371 90
13.1998 0000 84.1467 99
13.2385 0000 84.1563 115
13.2766 0000 84.1600 125
13.3129 0000 84.1423 115
13.3501 0000 84.1363 111
13.3871 0000 84.1265 104
13.4247 0000 84.1244 102
13.4628 0000 84.1281 113
13.5002 0000 84.1241 130
13.5378 0000 84.1220 159
13.5754 0000 84.1199 191
13.6115 0000 84.1003 195
13.6487 0000 84.0943 213
13.6863 0000 84.0922 225
13.7242 0000 84.0940 223
13.7634 0000 84.1095 236
13.8008 0000 84.1054 225
13.8384 0000 84.1033 205
13.8751 0000 84.0915 210
13.9140 0000 84.1031 190
13.9507 0000 84.0912 218
13.9884 0000 84.0911 218
14.0262 0000 84.0909 196
14.0652 0000 84.1044 157
14.1031 0000 84.1063 146
14.1414 0000 84.1120 146
14.1794 0000 84.1138 155
14.2172 0000 84.1136 160
14.2533 0000 84.0960 153
14.2925 0000 84.1114 163
14.3308 0000 84.1171 164
14.3710 0000 84.1423 152
14.4117 0000 84.1734 156
14.4506 0000 84.1850 149
14.4900 0000 84.2024 139
14.5272 0000 84.1964 147
14.5648 0000 84.1943 164
14.6003 0000 84.1708 203
14.6381 0000 84.1706 221
14.6763 0000 84.1744 217
14.7140 0000 84.1743 212
14.7512 0000 84.1683 199
14.7871 0000 84.1486 174
14.8228 0000 84.1270 197
14.8603 0000 84.1250 198
14.8998 0000 84.1424 179
14.9366 0000 84.1325 127
14.9761 0000 84.1499 123
15.0165 0000 84.1771 110
15.0577 0000 84.2121 122
15.0984 0000 84.2413 130
15.1387 0000 84.2665 176
15.1788 0000 84.2899 206
15.2174 0000 84.2976 246
15.2560 0000 84.3052 250
15.2941 0000 84.3090 228
15.3339 0000 84.3285 194
15.3721 0000 84.3322 176
15.4081 0000 84.3145 170
15.4449 0000 84.3046 155
15.4821 0000 84.2986 141
15.5197 0000 84.2965 123
15.5575 0000 84.2964 111
15.5960 0000 84.3041 100
15.6366 0000 84.3313 90
15.6770 0000 84.3566 84
15.7100 0000 84.3096 85
15.7474 0000 84.3055 96
15.7853 0000 84.3074 100
15.8231 0000 84.3072 123
15.8611 0000 84.3091 152
15.8991 0000 84.3109 171
15.9369 0000 84.3108 156
15.9763 0000 84.3263 144
16.0141 0000 84.3262 135
16.0514 0000 84.3221 124
16.0894 0000 84.3240 114
16.1272 0000 84.3238 111
16.1652 0000 84.3257 108
16.2013 0000 84.3099 106
16.2387 0000 84.3059 122
16.2760 0000 84.3018 138
16.3140 0000 84.3037 156
16.3513 0000 84.2996 178
16.3891 0000 84.2995 174
16.4271 0000 84.3014 133
16.4646 0000 84.2993 111
16.5020 0000 84.2953 125
16.5400 0000 84.2971 138
16.5780 0000 84.2989 135
16.6157 0000 84.2988 121
16.6511 0000 84.2772 104
16.6864 0000 84.2536 102
16.7173 0000 84.1910 88
16.7463 0000 84.1108 84
16.7773 0000 84.0503 93
16.8153 0000 84.0521 100
16.8551 0000 84.0715 121
16.8932 0000 84.0753 137
16.9316 0000 84.0810 128
16.9719 0000 84.1043 97
17.0101 0000 84.1081 91
17.0478 0000 84.1080 91
17.0837 0000 84.0923 102
17.1210 0000 84.0883 99
17.1543 0000 84.0491 81
17.1881 0000 84.0140 85
17.2289 0000 84.0411 90
17.2707 0000 84.0781 98
17.3124 0000 84.1131 102
17.3512 0000 84.1227 134
17.3898 0000 84.1304 154
17.4310 0000 84.1615 148
17.4692 0000 84.1653 127
17.5051 0000 84.1496 119
17.5422 0000 84.1436 109
17.5792 0000 84.1376 107
17.6167 0000 84.1356 115
17.6519 0000 84.1140 111
17.6867 0000 84.0886 123
17.7210 0000 84.0592 126
17.7582 0000 84.0552 134
17.7961 0000 84.0570 136
17.8340 0000 84.0589 136
17.8715 0000 84.0568 128
17.9087 0000 84.0528 117
17.9452 0000 84.0430 111
17.9797 0000 84.0156 118
18.0201 0000 84.0388 131
18.0609 0000 84.0660 128
18.1014 0000 84.0893 125
18.1395 0000 84.0931 129
18.1769 0000 84.0910 148
18.2146 0000 84.0909 176
18.2530 0000 84.0966 192
18.2913 0000 84.1024 196
18.3292 0000 84.1042 198
18.3673 0000 84.1080 208
18.4071 0000 84.1254 209
18.4445 0000 84.1234 212
18.4798 0000 84.1038 218
18.5144 0000 84.0783 183
18.5507 0000 84.0665 160
18.5850 0000 84.0391 153
18.6193 0000 84.0117 135
18.6534 0000 83.9824 135
18.6891 0000 83.9668 130
18.7213 0000 83.9219 132
18.7608 0000 83.9373 142
18.8012 0000 83.9606 135
18.8395 0000 83.9663 147
18.8755 0000 83.9526 158
18.9152 0000 83.9700 193
18.9528 0000 83.9698 218
18.9899 0000 83.9658 234
19.0253 0000 83.9482 208
19.0603 0000 83.9267 198
19.0964 0000 83.9149 175
19.1303 0000 83.8856 149
19.1664 0000 83.8739 156
19.2015 0000 83.8543 178
19.2388 0000 83.8523 173
19.2769 0000 83.8560 175
19.3147 0000 83.8579 185
19.3515 0000 83.8519 191
19.3883 0000 83.8460 190
19.4231 0000 83.8245 166
19.4577 0000 83.8011 163
19.4942 0000 83.7932 153
19.5248 0000 83.7388 155
19.5601 0000 83.7212 172
19.5924 0000 83.6804 197
19.6291 0000 83.6745 218
19.6658 0000 83.6686 221
19.7003 0000 83.6452 231
19.7353 0000 83.6258 203
19.7742 0000 83.6373 190
19.8119 0000 83.6391 208
19.8521 0000 83.6603 243
19.8911 0000 83.6718 225
19.9290 0000 83.6755 181
19.9685 0000 83.6909 151
20.0054 0000 83.6869 149
20.0426 0000 83.6849 155
20.0781 0000 83.6693 184
20.1152 0000 83.6672 202
20.1494 0000 83.6420 188
20.1850 0000 83.6283 178
20.2186 0000 83.5992 169
20.2486 0000 83.5430 150
20.2837 0000 83.5255 152
20.3182 0000 83.5041 166
20.3556 0000 83.5040 150
20.3925 0000 83.5001 134
20.4267 0000 83.4768 115
20.4638 0000 83.4748 114
20.5012 0000 83.4747 134
20.5383 0000 83.4726 162
20.5751 0000 83.4687 176
20.6124 0000 83.4686 173
20.6498 0000 83.4685 174
20.6871 0000 83.4684 175
20.7218 0000 83.4490 159
20.7591 0000 83.4489 161
20.7959 0000 83.4449 177
20.8325 0000 83.4391 198
20.8666 0000 83.4158 224
20.9034 0000 83.4119 229
20.9404 0000 83.4099 229
20.9780 0000 83.4117 232
21.0152 0000 83.4116 247
21.0525 0000 83.4115 270
21.0874 0000 83.3941 278
21.1244 0000 83.3921 295
21.1611 0000 83.3881 280
21.1949 0000 83.3630 263
21.2276 0000 83.3302 214
21.2579 0000 83.2800 197
21.2935 0000 83.2684 201
21.3302 0000 83.2645 210
21.3671 0000 83.2625 207
21.4008 0000 83.2374 202
21.4369 0000 83.2296 184
21.4738 0000 83.2276 175
21.5118 0000 83.2333 161
21.5495 0000 83.2371 135
21.5878 0000 83.2447 114
21.6315 0000 83.2908 105
21.6695 0000 83.2965 104
21.7077 0000 83.3041 109
21.7474 0000 83.3214 122
21.7818 0000 83.3021 120
21.8187 0000 83.3001 122
21.8547 0000 83.2923 109
21.8872 0000 83.2596 95
21.9199 0000 83.2287 96
21.9524 0000 83.1960 86
21.9842 0000 83.1594 85
22.0130 0000 83.1017 81
22.0490 0000 83.0940 75
22.0833 0000 83.0747 71
22.1198 0000 83.0708 68
22.1488 0000 83.0152 70
22.1817 0000 82.9863 70
22.2148 0000 82.9595 71
22.2429 0000 82.8981 62
22.2696 0000 82.8272 64
22.3035 0000 82.8061 91
22.3405 0000 82.8061 115
22.3769 0000 82.8022 137
22.4136 0000 82.8003 161
22.4503 0000 82.7983 175
22.4858 0000 82.7887 169
22.5197 0000 82.7676 179
22.5569 0000 82.7695 160
22.5964 0000 82.7866 129
22.6340 0000 82.7904 119
22.6715 0000 82.7942 119
22.7093 0000 82.7998 146
22.7474 0000 82.8074 176
22.7858 0000 82.8170 225
22.8222 0000 82.8131 240
22.8594 0000 82.8149 220
22.8978 0000 82.8245 168
22.9353 0000 82.8282 129
22.9754 0000 82.8492 103
23.0141 0000 82.8607 98
23.0543 0000 82.8817 108
23.0918 0000 82.8855 109
23.1328 0000 82.9122 99
23.1712 0000 82.9217 97
23.2091 0000 82.9274 101
23.2487 0000 82.9446 125
23.2859 0000 82.9465 130
23.3235 0000 82.9503 132
23.3569 0000 82.9272 129
23.3918 0000 82.9138 137
23.4288 0000 82.9138 145
23.4657 0000 82.9137 140
23.4994 0000 82.8926 153
23.5337 0000 82.8753 155
23.5751 0000 82.9040 151
23.6132 0000 82.9116 146
23.6499 0000 82.9096 144
23.6808 0000 82.8713 131
23.7157 0000 82.8579 135
23.7514 0000 82.8502 151
