wt=151737094, DLLFiFo=0
-22.8683 0000 73.7611 73
-22.8323 0000 73.7554 89
-22.7947 0000 73.7396 84
-22.7590 0000 73.7356 88
-22.7238 0000 73.7350 94
-22.6888 0000 73.7361 91
-22.6546 0000 73.7423 89
-22.6224 0000 73.7621 86
-22.5882 0000 73.7683 88
-22.5532 0000 73.7695 85
-22.5037 0000 73.6739 73
-22.4394 0000 73.4786 98
-22.4015 0000 73.4594 140
-22.3618 0000 73.4284 149
-22.3272 0000 73.4312 141
-22.2935 0000 73.4408 127
-22.2596 0000 73.4487 126
-22.2239 0000 73.4447 119
-22.1963 0000 73.4948 91
-22.1721 0000 73.5687 81
-22.1431 0000 73.6105 82
-22.1144 0000 73.6539 78
-22.0794 0000 73.6550 70
-22.0459 0000 73.6663 64
-22.0080 0000 73.6471 67
-21.9725 0000 73.6448 72
-21.9351 0000 73.6290 73
-21.8994 0000 73.6250 79
-21.8632 0000 73.6177 75
-21.8260 0000 73.6036 70
-21.7874 0000 73.5793 73
-21.7525 0000 73.5804 62
-21.7175 0000 73.5815 57
-21.6801 0000 73.5657 56
-21.6449 0000 73.5651 62
-21.6102 0000 73.5679 71
-21.5796 0000 73.5995 75
-21.5463 0000 73.6125 76
-21.5148 0000 73.6373 72
-21.4853 0000 73.6774 75
-21.4554 0000 73.7141 87
-21.4244 0000 73.7440 88
-21.3909 0000 73.7553 91
-21.3642 0000 73.8158 89
-21.3409 0000 73.9002 91
-21.3106 0000 73.9353 90
-21.2742 0000 73.9262 92
-21.2341 0000 73.8916 102
-21.1981 0000 73.8859 93
-21.1638 0000 73.8921 81
-21.1301 0000 73.9035 82
-21.0975 0000 73.9216 79
-21.0624 0000 73.9227 74
-21.0306 0000 73.9476 68
-20.9949 0000 73.9436 63
-20.9575 0000 73.9277 64
-20.9058 0000 73.8082 80
-20.8717 0000 73.8161 78
-20.8413 0000 73.8511 69
-20.8005 0000 73.8098 71
-20.7645 0000 73.8041 77
-20.7302 0000 73.8103 77
-20.6958 0000 73.8165 79
-20.6601 0000 73.8125 88
-20.6221 0000 73.7915 91
-20.5859 0000 73.7842 101
-20.5506 0000 73.7836 107
-20.5160 0000 73.7881 104
-20.4837 0000 73.8095 104
-20.4494 0000 73.8157 87
-20.4266 0000 73.9086 71
-20.3963 0000 73.9454 64
-20.3683 0000 73.9992 69
-20.3473 0000 74.1059 71
-20.3299 0000 74.2401 77
-20.2911 0000 74.2139 78
-20.2555 0000 74.2116 81
-20.2272 0000 74.2639 85
-20.1841 0000 74.2053 95
-20.1420 0000 74.1535 121
-20.1071 0000 74.1563 157
-20.0744 0000 74.1762 188
-20.0382 0000 74.1687 232
-19.9994 0000 74.1425 290
-19.9621 0000 74.1266 299
-19.9269 0000 74.1277 299
-19.8920 0000 74.1305 284
-19.8562 0000 74.1265 268
-19.8200 0000 74.1191 249
-19.7842 0000 74.1151 228
-19.7493 0000 74.1179 209
-19.7146 0000 74.1224 195
-19.6823 0000 74.1457 197
-19.6474 0000 74.1485 199
-19.6144 0000 74.1666 193
-19.5736 0000 74.1234 186
-19.5404 0000 74.1398 173
-19.5053 0000 74.1410 143
-19.4667 0000 74.1148 128
-19.4246 0000 74.0613 134
-19.3888 0000 74.0573 147
-19.3565 0000 74.0806 159
-19.3282 0000 74.1363 165
-19.2926 0000 74.1340 174
-19.2573 0000 74.1334 178
-19.2256 0000 74.1618 180
-19.1908 0000 74.1663 179
-19.1554 0000 74.1657 174
-19.1228 0000 74.1873 169
-19.0877 0000 74.1884 159
-19.0548 0000 74.2083 162
-19.0196 0000 74.2094 166
-18.9849 0000 74.2140 173
-18.9503 0000 74.2202 177
-18.9153 0000 74.2231 179
-18.8804 0000 74.2259 183
-18.8464 0000 74.2373 196
-18.8087 0000 74.2179 181
-18.7702 0000 74.1917 188
-18.7331 0000 74.1774 186
-18.6969 0000 74.1700 185
-18.6598 0000 74.1558 169
-18.6242 0000 74.1535 158
-18.5867 0000 74.1358 154
-18.5536 0000 74.1540 155
-18.5203 0000 74.1705 140
-18.4902 0000 74.2144 126
-18.4558 0000 74.2223 117
-18.4245 0000 74.2559 122
-18.3891 0000 74.2554 134
-18.3510 0000 74.2326 153
-18.3154 0000 74.2303 159
-18.2804 0000 74.2331 162
-18.2451 0000 74.2343 175
-18.2099 0000 74.2354 180
-18.1749 0000 74.2383 167
-18.1394 0000 74.2377 161
-18.1026 0000 74.2252 176
-18.0625 0000 74.1853 196
-18.0271 0000 74.1848 208
-17.9951 0000 74.2132 217
-17.9646 0000 74.2554 248
-17.9318 0000 74.2771 267
-17.8967 0000 74.2800 239
-17.8632 0000 74.2965 194
-17.8278 0000 74.2960 178
-17.7921 0000 74.2937 168
-17.7551 0000 74.2795 149
-17.7220 0000 74.2995 157
-17.6847 0000 74.2835 154
-17.6465 0000 74.2590 149
-17.6100 0000 74.2499 131
-17.5697 0000 74.2066 115
-17.5360 0000 74.2215 107
-17.4987 0000 74.2055 105
-17.4629 0000 74.2016 88
-17.4272 0000 74.1993 72
-17.3914 0000 74.1954 64
-17.3559 0000 74.1948 59
-17.3199 0000 74.1892 57
-17.2815 0000 74.1630 66
-17.2430 0000 74.1351 74
-17.2026 0000 74.0902 93
-17.1661 0000 74.0811 112
-17.1301 0000 74.0754 119
-17.0966 0000 74.0920 109
-17.0591 0000 74.0727 125
-17.0232 0000 74.0687 150
-16.9885 0000 74.0750 179
-16.9555 0000 74.0967 168
-16.9208 0000 74.1030 162
-16.8854 0000 74.1024 181
-16.8503 0000 74.1053 197
-16.8171 0000 74.1253 153
-16.7841 0000 74.1470 122
-16.7486 0000 74.1464 113
-16.7111 0000 74.1271 123
-16.6730 0000 74.1027 152
-16.6344 0000 74.0731 129
-16.5930 0000 74.0180 99
-16.5505 0000 73.9526 103
-16.5114 0000 73.9180 141
-16.4725 0000 73.8851 168
-16.4365 0000 73.8795 174
-16.4004 0000 73.8722 166
-16.3653 0000 73.8750 158
-16.3334 0000 73.9069 150
-16.3005 0000 73.9302 176
-16.2650 0000 73.9297 167
-16.2298 0000 73.9309 143
-16.1945 0000 73.9320 117
-16.1596 0000 73.9366 91
-16.1265 0000 73.9583 83
-16.0914 0000 73.9611 75
-16.0587 0000 73.9862 63
-16.0302 0000 74.0522 83
-15.9983 0000 74.0859 115
-15.9658 0000 74.1144 129
-15.9332 0000 74.1412 125
-15.9025 0000 74.1868 127
-15.8675 0000 74.1914 139
-15.8318 0000 74.1892 142
-15.7937 0000 74.1630 122
-15.7552 0000 74.1335 96
-15.7139 0000 74.0766 85
-15.6729 0000 74.0214 96
-15.6355 0000 74.0021 111
-15.6010 0000 74.0118 97
-15.5689 0000 74.0437 82
-15.5360 0000 74.0688 92
-15.5005 0000 74.0683 109
-15.4654 0000 74.0712 120
-15.4306 0000 74.0775 128
-15.4001 0000 74.1265 146
-15.3661 0000 74.1414 180
-15.3310 0000 74.1443 205
-15.2954 0000 74.1438 206
-15.2598 0000 74.1415 178
-15.2246 0000 74.1444 157
-15.1925 0000 74.1781 151
-15.1588 0000 74.1964 141
-15.1270 0000 74.2335 142
-15.0918 0000 74.2364 164
-15.0566 0000 74.2393 180
-15.0206 0000 74.2337 182
-14.9848 0000 74.2297 181
-14.9497 0000 74.2343 171
-14.9145 0000 74.2372 153
-14.8790 0000 74.2367 151
-14.8436 0000 74.2379 165
-14.8083 0000 74.2391 172
-14.7742 0000 74.2540 161
-14.7388 0000 74.2552 167
-14.7036 0000 74.2581 155
-14.6679 0000 74.2558 136
-14.6321 0000 74.2519 133
-14.5965 0000 74.2514 139
-14.5607 0000 74.2474 138
-14.5227 0000 74.2212 148
-14.4851 0000 74.1985 173
-14.4478 0000 74.1791 152
-14.4119 0000 74.1752 139
-14.3762 0000 74.1730 132
-14.3407 0000 74.1725 121
-14.3053 0000 74.1736 120
-14.2697 0000 74.1714 137
-14.2337 0000 74.1658 165
-14.1953 0000 74.1345 175
-14.1588 0000 74.1237 158
-14.1232 0000 74.1215 149
-14.0881 0000 74.1261 153
-14.0528 0000 74.1273 142
-14.0173 0000 74.1268 121
-13.9834 0000 74.1451 102
-13.9503 0000 74.1702 105
-13.9150 0000 74.1731 112
-13.8803 0000 74.1811 122
-13.8481 0000 74.2183 139
-13.8150 0000 74.2451 163
-13.7803 0000 74.2532 192
-13.7453 0000 74.2595 192
-13.7131 0000 74.2967 180
-13.6788 0000 74.3099 160
-13.6428 0000 74.3043 143
-13.6039 0000 74.2660 139
-13.5664 0000 74.2433 142
-13.5313 0000 74.2479 150
-13.4959 0000 74.2491 145
-13.4590 0000 74.2332 160
-13.4160 0000 74.1471 138
-13.3747 0000 74.0799 126
-13.3329 0000 74.0077 113
-13.2882 0000 73.8997 118
-13.2524 0000 73.8958 111
-13.2159 0000 73.8834 110
-13.1806 0000 73.8845 128
-13.1459 0000 73.8926 148
-13.1124 0000 73.9159 147
-13.0773 0000 73.9188 138
-13.0434 0000 73.9371 138
-13.0085 0000 73.9434 146
-12.9737 0000 73.9514 157
-12.9409 0000 73.9833 192
-12.9056 0000 73.9845 249
-12.8701 0000 73.9840 257
-12.8348 0000 73.9852 231
-12.7977 0000 73.9659 212
-12.7611 0000 73.9518 244
-12.7242 0000 73.9342 297
-12.6886 0000 73.9320 328
-12.6530 0000 73.9298 368
-12.6169 0000 73.9225 377
-12.5802 0000 73.9066 309
-12.5446 0000 73.9044 236
-12.5108 0000 73.9244 172
-12.4787 0000 73.9665 120
-12.4498 0000 74.0480 117
-12.4186 0000 74.1005 127
-12.3847 0000 74.1205 131
-12.3494 0000 74.1234 140
-12.3151 0000 74.1383 151
-12.2800 0000 74.1429 135
-12.2451 0000 74.1510 120
-12.2104 0000 74.1608 121
-12.1768 0000 74.1842 120
-12.1425 0000 74.2008 129
-12.1071 0000 74.2021 123
-12.0717 0000 74.2033 116
-12.0359 0000 74.1994 121
-11.9997 0000 74.1903 144
-11.9653 0000 74.2052 146
-11.9341 0000 74.2613 146
-11.9005 0000 74.2865 146
-11.8685 0000 74.3323 139
-11.8327 0000 74.3301 119
-11.7951 0000 74.3022 103
-11.7590 0000 74.2948 89
-11.7220 0000 74.2754 89
-11.6869 0000 74.2818 93
-11.6519 0000 74.2882 116
-11.6171 0000 74.2980 135
-11.5811 0000 74.2923 139
-11.5453 0000 74.2884 115
-11.5105 0000 74.2982 95
-11.4803 0000 74.3715 96
-11.4453 0000 74.3796 108
-11.4097 0000 74.3791 114
-11.3753 0000 74.3941 108
-11.3375 0000 74.3644 103
-11.2990 0000 74.3227 93
-11.2667 0000 74.3686 89
-11.2340 0000 74.4076 102
-11.2003 0000 74.4346 112
-11.1643 0000 74.4290 154
-11.1274 0000 74.4096 168
-11.0917 0000 74.4074 194
-11.0564 0000 74.4120 223
-11.0216 0000 74.4236 221
-10.9859 0000 74.4214 216
-10.9505 0000 74.4243 191
-10.9164 0000 74.4445 167
-10.8829 0000 74.4749 132
-10.8495 0000 74.5071 136
-10.8159 0000 74.5359 135
-10.7812 0000 74.5492 153
-10.7485 0000 74.5917 172
-10.7146 0000 74.6171 175
-10.6807 0000 74.6425 184
-10.6472 0000 74.6730 174
-10.6133 0000 74.6984 234
-10.5765 0000 74.6824 337
-10.5390 0000 74.6543 312
-10.5011 0000 74.6211 234
-10.4640 0000 74.5982 194
-10.4280 0000 74.5926 158
-10.3919 0000 74.5852 141
-10.3574 0000 74.6019 134
-10.3215 0000 74.5980 129
-10.2839 0000 74.5683 137
-10.2471 0000 74.5506 149
-10.2128 0000 74.5707 171
-10.1777 0000 74.5789 177
-10.1426 0000 74.5870 175
-10.1072 0000 74.5900 164
-10.0714 0000 74.5878 146
-10.0354 0000 74.5821 128
-9.9993 0000 74.5748 111
-9.9598 0000 74.5123 105
-9.9193 0000 74.4361 125
-9.8850 0000 74.4563 130
-9.8516 0000 74.4920 125
-9.8181 0000 74.5242 137
-9.7825 0000 74.5254 137
-9.7469 0000 74.5249 121
-9.7122 0000 74.5400 108
-9.6752 0000 74.5171 91
-9.6367 0000 74.4702 73
-9.6003 0000 74.4577 69
-9.5633 0000 74.4349 83
-9.5280 0000 74.4395 78
-9.4961 0000 74.5010 87
-9.4639 0000 74.5573 107
-9.4282 0000 74.5569 131
-9.3922 0000 74.5512 148
-9.3566 0000 74.5508 146
-9.3212 0000 74.5555 135
-9.2853 0000 74.5498 138
-9.2491 0000 74.5408 154
-9.2132 0000 74.5368 166
-9.1777 0000 74.5381 152
-9.1421 0000 74.5394 118
-9.1081 0000 74.5664 111
-9.0770 0000 74.6453 114
-9.0443 0000 74.6983 125
-9.0089 0000 74.7030 125
-8.9730 0000 74.6991 120
-8.9345 0000 74.6486 122
-8.8960 0000 74.5981 118
-8.8601 0000 74.5942 125
-8.8247 0000 74.5972 135
-8.7891 0000 74.5985 137
-8.7533 0000 74.5963 135
-8.7175 0000 74.5924 131
-8.6816 0000 74.5885 122
-8.6484 0000 74.6346 115
-8.6144 0000 74.6635 122
-8.5799 0000 74.6854 147
-8.5444 0000 74.6884 150
-8.5075 0000 74.6673 143
-8.4718 0000 74.6651 144
-8.4373 0000 74.6888 146
-8.4016 0000 74.6884 150
-8.3660 0000 74.6896 153
-8.3288 0000 74.6599 155
-8.2914 0000 74.6266 152
-8.2522 0000 74.5590 146
-8.2155 0000 74.5379 135
-8.1809 0000 74.5581 117
-8.1453 0000 74.5594 125
-8.1097 0000 74.5607 135
-8.0749 0000 74.5774 129
-8.0396 0000 74.5856 126
-8.0051 0000 74.6076 120
-7.9681 0000 74.5813 126
-7.9297 0000 74.5257 127
-7.8926 0000 74.4960 139
-7.8570 0000 74.4973 131
-7.8217 0000 74.5038 112
-7.7960 0000 74.7085 97
-7.7618 0000 74.7408 115
-7.7257 0000 74.7318 130
-7.6872 0000 74.6744 133
-7.6481 0000 74.6015 130
-7.6110 0000 74.5718 123
-7.5741 0000 74.5455 97
-7.5371 0000 74.5158 84
-7.5001 0000 74.4879 78
-7.4624 0000 74.4427 76
-7.4252 0000 74.4096 78
-7.3882 0000 74.3783 87
-7.3514 0000 74.3538 79
-7.3156 0000 74.3499 73
-7.2801 0000 74.3512 66
-7.2459 0000 74.3835 66
-7.2129 0000 74.4415 80
-7.1795 0000 74.4927 104
-7.1449 0000 74.5164 118
-7.1103 0000 74.5401 124
-7.0758 0000 74.5673 142
-7.0411 0000 74.5910 147
-7.0057 0000 74.5975 164
-6.9703 0000 74.6040 178
-6.9358 0000 74.6311 169
-6.9015 0000 74.6635 175
-6.8667 0000 74.6855 179
-6.8305 0000 74.6748 158
-6.7928 0000 74.6244 135
-6.7570 0000 74.6222 121
-6.7213 0000 74.6236 111
-6.6860 0000 74.6318 106
-6.6522 0000 74.6797 118
-6.6174 0000 74.7018 144
-6.5811 0000 74.6876 124
-6.5453 0000 74.6855 111
-6.5110 0000 74.7213 110
-6.4754 0000 74.7244 111
-6.4390 0000 74.7067 115
-6.4024 0000 74.6822 107
-6.3666 0000 74.6818 110
-6.3309 0000 74.6814 112
-6.2953 0000 74.6845 109
-6.2612 0000 74.7256 104
-6.2254 0000 74.7252 100
-6.1896 0000 74.7231 100
-6.1538 0000 74.7210 105
-6.1180 0000 74.7189 108
-6.0832 0000 74.7427 106
-6.0476 0000 74.7458 109
-6.0119 0000 74.7489 115
-5.9764 0000 74.7537 123
-5.9422 0000 74.7966 136
-5.9063 0000 74.7945 150
-5.8704 0000 74.7889 148
-5.8331 0000 74.7454 140
-5.7970 0000 74.7329 140
-5.7598 0000 74.6894 154
-5.7240 0000 74.6890 169
-5.6885 0000 74.6956 179
-5.6529 0000 74.6987 198
-5.6172 0000 74.6983 224
-5.5820 0000 74.7153 261
-5.5470 0000 74.7374 258
-5.5118 0000 74.7526 273
-5.4762 0000 74.7574 269
-5.4404 0000 74.7571 227
-5.4052 0000 74.7740 181
-5.3695 0000 74.7754 147
-5.3337 0000 74.7716 128
-5.2979 0000 74.7695 111
-5.2621 0000 74.7675 96
-5.2247 0000 74.7153 80
-5.1866 0000 74.6356 72
-5.1509 0000 74.6369 71
-5.1161 0000 74.6677 77
-5.0813 0000 74.6967 110
-5.0462 0000 74.7205 142
-5.0108 0000 74.7288 179
-4.9753 0000 74.7388 198
-4.9400 0000 74.7541 156
-4.9067 0000 74.8402 134
-4.8717 0000 74.8693 155
-4.8354 0000 74.8499 178
-4.7991 0000 74.8288 188
-4.7632 0000 74.8233 178
-4.7269 0000 74.8039 156
-4.6905 0000 74.7811 153
-4.6546 0000 74.7756 141
-4.6181 0000 74.7459 131
-4.5810 0000 74.6938 131
-4.5452 0000 74.6900 151
-4.5093 0000 74.6845 171
-4.4735 0000 74.6807 180
-4.4377 0000 74.6769 172
-4.4023 0000 74.6921 154
-4.3668 0000 74.6987 169
-4.3316 0000 74.7209 185
-4.2959 0000 74.7240 214
-4.2603 0000 74.7306 241
-4.2247 0000 74.7372 256
-4.1896 0000 74.7627 235
-4.1544 0000 74.7849 227
-4.1181 0000 74.7621 202
-4.0821 0000 74.7497 199
-4.0462 0000 74.7442 207
-4.0104 0000 74.7438 219
-3.9748 0000 74.7487 224
-3.9396 0000 74.7726 223
-3.9040 0000 74.7809 201
-3.8684 0000 74.7857 179
-3.8326 0000 74.7872 165
-3.7968 0000 74.7851 159
-3.7605 0000 74.7571 165
-3.7242 0000 74.7309 181
-3.6888 0000 74.7478 171
-3.6532 0000 74.7544 173
-3.6179 0000 74.7783 184
-3.5823 0000 74.7831 201
-3.5467 0000 74.7897 201
-3.5117 0000 74.8309 202
-3.4759 0000 74.8306 206
-3.4401 0000 74.8303 200
-3.4040 0000 74.8092 183
-3.3681 0000 74.8019 170
-3.3324 0000 74.8033 150
-3.2962 0000 74.7823 140
-3.2598 0000 74.7439 147
-3.2232 0000 74.6935 148
-3.1876 0000 74.6983 141
-3.1527 0000 74.7498 147
-3.1178 0000 74.7996 159
-3.0822 0000 74.8114 164
-3.0471 0000 74.8561 170
-3.0115 0000 74.8627 178
-2.9757 0000 74.8641 190
-2.9399 0000 74.8586 189
-2.9041 0000 74.8582 180
-2.8687 0000 74.8821 170
-2.8330 0000 74.8870 183
-2.7971 0000 74.8815 205
-2.7612 0000 74.8742 221
-2.7249 0000 74.8341 222
-2.6891 0000 74.8303 201
-2.6534 0000 74.8334 172
-2.6176 0000 74.8314 154
-2.5815 0000 74.8086 164
-2.5457 0000 74.8048 180
-2.5099 0000 74.8027 186
-2.4742 0000 74.8059 177
-2.4384 0000 74.8038 168
-2.4026 0000 74.7948 165
-2.3667 0000 74.7893 168
-2.3310 0000 74.7890 164
-2.2952 0000 74.7869 160
-2.2595 0000 74.7918 157
-2.2238 0000 74.8001 151
-2.1881 0000 74.7998 151
-2.1522 0000 74.7926 162
-2.1163 0000 74.7715 167
-2.0803 0000 74.7521 206
-2.0446 0000 74.7536 253
-2.0090 0000 74.7705 292
-1.9733 0000 74.7771 339
-1.9378 0000 74.7975 374
-1.9022 0000 74.8214 337
-1.8665 0000 74.8315 325
-1.8311 0000 74.8727 297
-1.7954 0000 74.8828 260
-1.7597 0000 74.8859 230
-1.7239 0000 74.8873 204
-1.6883 0000 74.9078 179
-1.6527 0000 74.9283 184
-1.6169 0000 74.9331 179
-1.5811 0000 74.9380 170
-1.5455 0000 74.9550 169
-1.5097 0000 74.9547 149
-1.4739 0000 74.9596 135
-1.4383 0000 74.9870 130
-1.4025 0000 74.9902 128
-1.3667 0000 74.9864 129
-1.3308 0000 74.9774 137
-1.2949 0000 74.9493 147
-1.2591 0000 74.9490 149
-1.2233 0000 74.9487 151
-1.1874 0000 74.9259 160
-1.1516 0000 74.9048 165
-1.1157 0000 74.8785 212
-1.0798 0000 74.8539 246
-1.0440 0000 74.8501 284
-1.0084 0000 74.8879 280
-0.9727 0000 74.9257 245
-0.9370 0000 74.9497 253
-0.9012 0000 74.9736 240
-0.8655 0000 74.9750 236
-0.8297 0000 74.9730 211
-0.7938 0000 74.9276 187
-0.7580 0000 74.9100 191
-0.7222 0000 74.8750 207
-0.6864 0000 74.8868 243
-0.6506 0000 74.8900 234
-0.6148 0000 74.8914 191
-0.5791 0000 74.8703 147
-0.5433 0000 74.8319 140
-0.5075 0000 74.7815 147
-0.4718 0000 74.7569 155
-0.4361 0000 74.7497 169
-0.4003 0000 74.7304 190
-0.3646 0000 74.7232 189
-0.3289 0000 74.7004 181
-0.2932 0000 74.6967 193
-0.2575 0000 74.6912 206
-0.2217 0000 74.6891 227
-0.1860 0000 74.6923 231
-0.1503 0000 74.6937 198
-0.1144 0000 74.7332 162
-0.0785 0000 74.7744 133
-0.0426 0000 74.8364 114
-0.0066 0000 74.8759 108
0.0293 0000 74.9189 114
0.0651 0000 74.9256 125
0.1010 0000 74.9513 142
0.1370 0000 74.9753 144
0.1728 0000 74.9750 146
0.2084 0000 74.9452 154
0.2440 0000 74.9137 154
0.2797 0000 74.8943 179
0.3155 0000 74.8992 202
0.3515 0000 74.9336 220
0.3873 0000 74.9368 239
0.4231 0000 74.9400 252
0.4590 0000 74.9432 252
0.4948 0000 74.9446 249
0.5306 0000 74.9461 227
0.5664 0000 74.9510 197
0.6024 0000 74.9698 188
0.6384 0000 74.9920 158
0.6743 0000 75.0022 160
0.7103 0000 75.0262 162
0.7465 0000 75.0658 170
0.7824 0000 75.0812 179
0.8185 0000 75.1070 181
0.8544 0000 75.1084 208
0.8902 0000 75.1064 202
0.9262 0000 75.1253 175
0.9621 0000 75.1285 158
0.9980 0000 75.1299 148
1.0340 0000 75.1470 144
1.0692 0000 75.0877 180
1.1046 0000 75.0492 230
1.1404 0000 75.0507 261
1.1763 0000 75.0504 267
1.2123 0000 75.0675 247
1.2483 0000 75.0776 242
1.2842 0000 75.0878 230
1.3205 0000 75.1240 231
1.3564 0000 75.1272 237
1.3923 0000 75.1304 227
1.4282 0000 75.1302 209
1.4643 0000 75.1525 199
1.5003 0000 75.1592 202
1.5361 0000 75.1572 229
1.5720 0000 75.1569 247
1.6081 0000 75.1741 243
1.6440 0000 75.1790 242
1.6799 0000 75.1823 224
1.7159 0000 75.1907 205
1.7525 0000 75.2340 192
1.7884 0000 75.2354 184
1.8243 0000 75.2369 182
1.8609 0000 75.2802 187
1.8969 0000 75.2869 187
1.9328 0000 75.2849 193
1.9686 0000 75.2812 210
2.0042 0000 75.2618 246
2.0401 0000 75.2633 271
2.0759 0000 75.2630 268
2.1119 0000 75.2645 246
2.1475 0000 75.2521 219
2.1838 0000 75.2745 224
2.2203 0000 75.3039 213
2.2570 0000 75.3490 234
2.2930 0000 75.3522 263
2.3289 0000 75.3520 279
2.3647 0000 75.3465 262
2.3998 0000 75.3061 216
2.4354 0000 75.2937 173
2.4703 0000 75.2482 142
2.5061 0000 75.2427 118
2.5421 0000 75.2460 107
2.5790 0000 75.2928 120
2.6155 0000 75.3204 173
2.6519 0000 75.3463 206
2.6887 0000 75.3862 230
2.7249 0000 75.3965 244
2.7614 0000 75.4207 245
2.7974 0000 75.4274 256
2.8339 0000 75.4516 277
2.8699 0000 75.4531 291
2.9057 0000 75.4494 324
2.9415 0000 75.4440 354
2.9769 0000 75.4228 334
3.0123 0000 75.4016 318
3.0483 0000 75.4032 297
3.0841 0000 75.3994 307
3.1199 0000 75.3975 328
3.1558 0000 75.3955 333
3.1916 0000 75.3936 322
3.2276 0000 75.3951 303
3.2642 0000 75.4228 272
3.3008 0000 75.4470 273
3.3369 0000 75.4520 268
3.3733 0000 75.4710 284
3.4093 0000 75.4726 300
3.4452 0000 75.4724 321
3.4810 0000 75.4704 330
3.5158 0000 75.4301 327
3.5516 0000 75.4246 309
3.5862 0000 75.3791 268
3.6219 0000 75.3736 243
3.6578 0000 75.3734 246
3.6944 0000 75.3976 259
3.7303 0000 75.3992 274
3.7668 0000 75.4182 282
3.8028 0000 75.4197 252
3.8381 0000 75.4003 198
3.8736 0000 75.3879 161
3.9083 0000 75.3511 149
3.9429 0000 75.3091 136
3.9785 0000 75.3002 122
4.0129 0000 75.2547 119
4.0478 0000 75.2250 126
4.0828 0000 75.1987 148
4.1187 0000 75.2002 144
4.1554 0000 75.2279 121
4.1922 0000 75.2555 110
4.2288 0000 75.2763 94
4.2647 0000 75.2778 91
4.3003 0000 75.2707 91
4.3344 0000 75.2200 101
4.3692 0000 75.1885 134
4.4043 0000 75.1675 149
4.4391 0000 75.1377 177
4.4737 0000 75.1028 203
4.5080 0000 75.0610 277
4.5434 0000 75.0486 342
4.5783 0000 75.0242 380
4.6131 0000 74.9980 321
4.6478 0000 74.9683 262
4.6823 0000 74.9335 257
4.7171 0000 74.9056 253
4.7525 0000 74.8967 207
4.7907 0000 74.9607 134
4.8336 0000 75.1515 114
4.8763 0000 75.3323 149
4.9119 0000 75.3269 149
4.9475 0000 75.3180 174
4.9826 0000 75.2987 238
5.0186 0000 75.3020 280
5.0547 0000 75.3088 263
5.0911 0000 75.3243 221
5.1271 0000 75.3259 213
5.1615 0000 75.2909 199
5.1965 0000 75.2698 189
5.2311 0000 75.2383 192
5.2667 0000 75.2330 178
5.3027 0000 75.2363 162
5.3397 0000 75.2639 136
5.3770 0000 75.3003 141
5.4142 0000 75.3333 142
5.4512 0000 75.3593 162
5.4881 0000 75.3852 148
5.5251 0000 75.4112 146
5.5619 0000 75.4337 130
5.5990 0000 75.4615 96
5.6382 0000 75.5399 74
5.6772 0000 75.6114 63
5.7156 0000 75.6690 59
5.7516 0000 75.6688 52
5.7861 0000 75.6371 45
5.8208 0000 75.6090 43
0.0000 0000 0.0000 0
0.0000 0000 0.0000 0
0.0000 0000 0.0000 0
5.9883 0000 76.1400 47
6.0241 0000 76.1363 65
6.0587 0000 76.1045 86
6.0933 0000 76.0726 102
6.1283 0000 76.0496 111
6.1579 0000 75.9089 84
6.1879 0000 75.7807 82
6.2167 0000 75.6264 106
6.2528 0000 75.6298 91
6.2887 0000 75.6296 103
6.3243 0000 75.6225 140
6.3603 0000 75.6241 201
6.3966 0000 75.6326 268
6.4327 0000 75.6360 351
6.4684 0000 75.6323 416
6.5042 0000 75.6287 434
6.5401 0000 75.6285 431
6.5754 0000 75.6161 347
6.6098 0000 75.5862 262
6.6436 0000 75.5424 234
6.6775 0000 75.5021 258
6.7141 0000 75.5176 256
6.7518 0000 75.5542 233
6.7905 0000 75.6099 227
6.8284 0000 75.6500 226
6.8666 0000 75.6953 217
6.9060 0000 75.7635 188
6.9461 0000 75.8457 199
6.9825 0000 75.8543 246
7.0181 0000 75.8472 271
7.0531 0000 75.8277 242
7.0888 0000 75.8223 221
7.1246 0000 75.8204 191
7.1609 0000 75.8272 162
7.1991 0000 75.8709 153
7.2372 0000 75.9111 142
7.2766 0000 75.9760 160
7.3148 0000 76.0180 181
7.3512 0000 76.0249 190
7.3901 0000 76.0792 199
7.4283 0000 76.1196 189
7.4659 0000 76.1493 168
7.5019 0000 76.1492 147
7.5786 0000 76.8958 156
7.6148 0000 76.8956 165
7.6511 0000 76.8972 161
7.6874 0000 76.8988 154
7.7233 0000 76.8951 150
7.7580 0000 76.8683 172
7.7927 0000 76.8415 190
7.8274 0000 76.8147 205
7.8629 0000 76.8039 229
7.8986 0000 76.7949 242
7.9348 0000 76.7965 228
7.9715 0000 76.8052 173
8.0097 0000 76.8406 110
8.0476 0000 76.8707 88
8.0851 0000 76.8936 73
8.1229 0000 76.9219 54
8.1607 0000 76.9503 47
8.1956 0000 76.9270 46
8.2315 0000 76.9233 44
8.2662 0000 76.8982 43
8.3023 0000 76.8963 41
8.3369 0000 76.8695 41
8.3746 0000 76.8960 42
8.4141 0000 76.9510 43
8.4521 0000 76.9811 46
8.4867 0000 76.9543 54
8.5209 0000 76.9221 74
8.5553 0000 76.8935 108
8.5913 0000 76.8898 153
8.6279 0000 76.8968 173
8.6658 0000 76.9251 187
8.7034 0000 76.9481 164
8.7413 0000 76.9746 154
8.7783 0000 76.9887 131
8.8170 0000 77.0278 118
8.8550 0000 77.0561 108
8.8930 0000 77.0845 87
8.9460 0000 77.3486 63
8.9875 0000 77.4308 80
9.0235 0000 77.4271 96
9.0592 0000 77.4180 102
9.0938 0000 77.3910 99
9.1278 0000 77.3551 98
9.1568 0000 77.2441 106
9.1898 0000 77.1940 113
9.2244 0000 77.1689 123
9.2597 0000 77.1544 125
9.2959 0000 77.1543 157
9.3322 0000 77.1560 203
9.3687 0000 77.1594 237
9.4066 0000 77.1843 225
9.4455 0000 77.2252 191
9.4859 0000 77.2858 200
9.5245 0000 77.3214 213
9.5615 0000 77.3320 192
9.5979 0000 77.3337 153
9.6338 0000 77.3282 116
9.6657 0000 77.2655 104
9.6985 0000 77.2153 127
9.7342 0000 77.2063 153
9.7699 0000 77.1990 166
9.8064 0000 77.2025 167
9.8430 0000 77.2077 156
9.8805 0000 77.2272 140
9.9186 0000 77.2539 152
9.9569 0000 77.2823 161
9.9935 0000 77.2876 191
10.0295 0000 77.2839 206
10.0658 0000 77.2856 218
10.1037 0000 77.3087 218
10.1429 0000 77.3497 165
10.1826 0000 77.3979 146
10.2194 0000 77.4049 141
10.2555 0000 77.4030 137
10.2902 0000 77.3814 146
10.3260 0000 77.3741 157
10.3621 0000 77.3722 164
10.3985 0000 77.3739 165
10.4349 0000 77.3756 194
10.4716 0000 77.3826 236
10.5092 0000 77.4004 248
10.5443 0000 77.3842 248
10.5799 0000 77.3751 231
10.6149 0000 77.3589 217
10.6517 0000 77.3660 197
10.6895 0000 77.3873 183
10.7282 0000 77.4194 145
10.7654 0000 77.4319 125
10.8051 0000 77.4766 109
10.8496 0000 77.5858 92
10.8955 0000 77.7115 103
10.9349 0000 77.7509 135
10.9734 0000 77.7796 164
11.0119 0000 77.8083 206
11.0519 0000 77.8550 234
11.0892 0000 77.8675 251
11.1292 0000 77.9142 258
11.1660 0000 77.9195 250
11.2022 0000 77.9176 226
11.2386 0000 77.9175 198
11.2749 0000 77.9174 178
11.3116 0000 77.9209 171
11.3482 0000 77.9244 170
11.3865 0000 77.9477 180
11.4231 0000 77.9513 181
11.4598 0000 77.9548 177
11.4982 0000 77.9799 179
11.5326 0000 77.9564 167
11.5684 0000 77.9491 158
11.6022 0000 77.9165 145
11.6362 0000 77.8876 144
11.6723 0000 77.8839 128
11.7064 0000 77.8568 116
11.7404 0000 77.8279 108
11.7726 0000 77.7774 126
11.8077 0000 77.7629 152
11.8406 0000 77.7215 186
11.8768 0000 77.7196 223
11.9132 0000 77.7213 218
11.9497 0000 77.7230 180
11.9855 0000 77.7175 172
12.0220 0000 77.7192 129
12.0985 0000 78.1987 111
12.1344 0000 78.1932 128
12.1728 0000 78.2166 144
12.2094 0000 78.2183 167
12.2459 0000 78.2200 178
12.2825 0000 78.2218 177
12.3191 0000 78.2235 171
12.3558 0000 78.2270 165
12.3925 0000 78.2305 161
12.4294 0000 78.2359 159
12.4662 0000 78.2412 167
12.5030 0000 78.2447 183
12.5430 0000 78.2863 201
12.5797 0000 78.2898 222
12.6183 0000 78.3151 222
12.6555 0000 78.3240 231
12.6944 0000 78.3511 259
12.7327 0000 78.3728 253
12.7714 0000 78.3981 260
12.8084 0000 78.4052 251
12.8474 0000 78.4341 234
12.8860 0000 78.4576 249
12.9244 0000 78.4793 243
12.9610 0000 78.4811 251
12.9974 0000 78.4810 257
13.0319 0000 78.4591 265
13.0677 0000 78.4518 259
13.1043 0000 78.4535 255
13.1413 0000 78.4588 257
13.1780 0000 78.4624 258
13.2168 0000 78.4877 249
13.2537 0000 78.4931 261
13.2898 0000 78.4893 269
13.3248 0000 78.4729 318
13.3616 0000 78.4765 403
13.3980 0000 78.4764 478
13.4343 0000 78.4745 507
13.4704 0000 78.4708 505
13.5081 0000 78.4852 426
13.5451 0000 78.4906 366
13.5817 0000 78.4923 303
13.6178 0000 78.4886 247
13.6518 0000 78.4631 217
13.6852 0000 78.4304 167
13.7115 0000 78.3234 131
13.7450 0000 78.2926 125
13.7812 0000 78.2907 124
13.8178 0000 78.2924 121
13.8543 0000 78.2942 117
13.8903 0000 78.2905 117
13.9267 0000 78.2904 121
13.9678 0000 78.3392 124
14.0099 0000 78.3989 129
14.0526 0000 78.4641 136
14.0943 0000 78.5184 148
14.1313 0000 78.5238 166
14.1680 0000 78.5274 178
14.2066 0000 78.5491 168
14.2451 0000 78.5708 170
14.2823 0000 78.5780 168
14.3189 0000 78.5797 182
14.3553 0000 78.5796 202
14.3937 0000 78.5995 209
14.4307 0000 78.6049 228
14.4673 0000 78.6067 247
14.5038 0000 78.6066 256
14.5398 0000 78.6029 244
14.5757 0000 78.5974 221
14.6100 0000 78.5755 215
14.6462 0000 78.5736 197
14.6825 0000 78.5717 179
14.7187 0000 78.5698 168
14.7555 0000 78.5734 167
14.7919 0000 78.5733 163
14.8267 0000 78.5569 151
14.8631 0000 78.5569 134
14.8997 0000 78.5586 129
14.9337 0000 78.5349 115
14.9703 0000 78.5367 114
15.0087 0000 78.5566 118
15.0444 0000 78.5493 103
15.0798 0000 78.5401 98
15.1142 0000 78.5201 108
15.1506 0000 78.5200 129
15.1841 0000 78.4928 138
15.2194 0000 78.4818 153
15.2512 0000 78.4383 164
15.2866 0000 78.4291 165
15.3127 0000 78.3313 155
15.3403 0000 78.2481 180
15.3762 0000 78.2444 153
15.4053 0000 78.1757 106
15.4345 0000 78.1089 97
15.4649 0000 78.0529 120
15.4986 0000 78.0294 146
15.5341 0000 78.0222 162
15.5673 0000 77.9933 166
15.6007 0000 77.9662 145
15.6348 0000 77.9463 152
15.6707 0000 77.9427 145
15.7071 0000 77.9444 132
15.7435 0000 77.9462 117
15.7794 0000 77.9425 101
15.8141 0000 77.9281 90
15.8450 0000 77.8794 98
15.8766 0000 77.8362 111
15.9118 0000 77.8272 118
15.9470 0000 77.8182 125
15.9817 0000 77.8037 125
16.0157 0000 77.7839 128
16.0525 0000 77.7893 118
16.0895 0000 77.7964 103
16.1255 0000 77.7945 86
16.1607 0000 77.7855 80
16.1971 0000 77.7872 83
16.2369 0000 77.8195 78
16.2765 0000 77.8500 87
16.3132 0000 77.8536 100
16.3492 0000 77.8517 123
16.3844 0000 77.8427 150
16.4184 0000 77.8228 148
16.4542 0000 77.8192 143
16.4881 0000 77.7994 123
16.5215 0000 77.7742 114
16.5556 0000 77.7562 98
16.5894 0000 77.7346 94
16.6260 0000 77.7381 74
16.6673 0000 77.7829 54
16.7139 0000 77.8746 49
16.7538 0000 77.9069 63
16.7927 0000 77.9302 73
16.8263 0000 77.9068 82
16.8616 0000 77.8995 100
16.8976 0000 77.8977 110
16.9341 0000 77.8994 104
16.9701 0000 77.8976 95
17.0038 0000 77.8759 89
17.0400 0000 77.8759 74
17.0766 0000 77.8794 63
17.0962 0000 77.7374 54
17.1051 0000 77.5043 80
17.1393 0000 77.4882 111
17.1748 0000 77.4828 140
17.2075 0000 77.4541 146
17.2403 0000 77.4254 172
17.2726 0000 77.3932 180
17.3050 0000 77.3628 231
17.3377 0000 77.3342 242
17.3725 0000 77.3234 245
17.4077 0000 77.3162 243
17.4436 0000 77.3144 258
17.4807 0000 77.3233 265
17.5182 0000 77.3357 237
17.5590 0000 77.3750 199
17.5965 0000 77.3875 180
17.6350 0000 77.4071 194
17.6710 0000 77.4070 191
17.7069 0000 77.4052 188
17.7427 0000 77.4034 176
17.7788 0000 77.4034 159
17.8133 0000 77.3908 136
17.8480 0000 77.3801 134
17.8775 0000 77.3265 146
17.9070 0000 77.2729 161
17.9417 0000 77.2621 187
17.9756 0000 77.2443 246
18.0102 0000 77.2336 296
18.0436 0000 77.2121 303
18.0800 0000 77.2157 285
18.1215 0000 77.2603 232
18.1650 0000 77.3209 205
18.2077 0000 77.3745 202
18.2455 0000 77.3887 200
18.2842 0000 77.4101 227
18.3229 0000 77.4316 227
18.3593 0000 77.4351 216
18.3927 0000 77.4137 175
18.4213 0000 77.3547 162
18.4499 0000 77.2958 168
18.4811 0000 77.2583 176
18.5092 0000 77.1960 173
18.5411 0000 77.1639 161
18.5735 0000 77.1354 183
18.6058 0000 77.1070 158
18.6381 0000 77.0785 142
18.6710 0000 77.0554 127
18.7035 0000 77.0287 133
18.7431 0000 77.0572 106
18.7819 0000 77.0803 90
18.8229 0000 77.1195 83
18.8599 0000 77.1284 84
18.8972 0000 77.1390 94
18.9384 0000 77.1800 100
18.9752 0000 77.1871 94
19.0118 0000 77.1925 90
19.0503 0000 77.2121 86
19.0862 0000 77.2121 86
19.1198 0000 77.1943 97
19.1559 0000 77.1961 113
19.1909 0000 77.1890 122
19.2235 0000 77.1641 117
19.2587 0000 77.1588 118
19.2925 0000 77.1428 121
19.3274 0000 77.1357 111
19.3626 0000 77.1304 100
19.4013 0000 77.1518 91
19.4386 0000 77.1625 74
19.4747 0000 77.1643 63
19.5101 0000 77.1607 60
19.5422 0000 77.1323 64
19.5773 0000 77.1270 79
19.6070 0000 77.0808 103
19.6421 0000 77.0755 139
19.6755 0000 77.0578 170
19.7132 0000 77.0720 225
19.7464 0000 77.0525 236
19.7786 0000 77.0259 245
19.8133 0000 77.0171 241
19.8483 0000 77.0118 248
19.8812 0000 76.9906 219
19.9134 0000 76.9640 221
19.9475 0000 76.9516 203
19.9796 0000 76.9251 175
20.0125 0000 76.9039 186
20.0477 0000 76.9004 178
20.0837 0000 76.9022 170
20.1197 0000 76.9040 173
20.1562 0000 76.9093 178
20.1922 0000 76.9111 176
20.2272 0000 76.9059 169
20.2614 0000 76.8953 168
20.2930 0000 76.8652 165
20.3280 0000 76.8599 142
20.3620 0000 76.8476 116
20.3949 0000 76.8282 106
20.4267 0000 76.7999 103
20.4631 0000 76.8052 86
20.4996 0000 76.8106 70
20.5392 0000 76.8389 56
20.5922 0000 76.9611 46
20.6241 0000 76.9346 42
0.0000 0000 0.0000 0
0.0000 0000 0.0000 0
20.7433 0000 77.0197 40
20.7833 0000 77.0499 49
20.8191 0000 77.0499 58
20.8555 0000 77.0553 64
20.8941 0000 77.0748 72
20.9262 0000 77.0500 87
20.9652 0000 77.0731 87
21.0048 0000 77.0997 103
21.0464 0000 77.1406 95
21.1011 0000 77.2722 78
21.1541 0000 77.3915 90
21.1891 0000 77.3862 112
21.2212 0000 77.3613 130
21.2570 0000 77.3613 148
21.2920 0000 77.3560 160
21.3203 0000 77.3044 165
21.3552 0000 77.2990 171
21.3905 0000 77.2955 175
21.4226 0000 77.2706 180
21.4541 0000 77.2422 160
21.4823 0000 77.1907 153
21.5102 0000 77.1374 148
21.5320 0000 77.0433 139
21.5522 0000 76.9388 155
21.5863 0000 76.9282 162
21.6143 0000 76.8769 173
21.6463 0000 76.8521 210
21.6814 0000 76.8486 233
21.7170 0000 76.8486 241
21.7534 0000 76.8539 211
21.7943 0000 76.8894 175
21.8321 0000 76.9035 168
21.8685 0000 76.9089 177
21.9012 0000 76.8894 171
21.9360 0000 76.8841 187
21.9708 0000 76.8788 206
22.0048 0000 76.8682 222
22.0386 0000 76.8559 252
22.0744 0000 76.8577 222
22.1130 0000 76.8772 182
22.1524 0000 76.9020 200
22.1912 0000 76.9232 177
22.2290 0000 76.9374 167
22.2662 0000 76.9481 168
22.3007 0000 76.9410 181
22.3347 0000 76.9304 201
22.3644 0000 76.8915 222
22.3981 0000 76.8791 242
22.4321 0000 76.8685 264
22.4614 0000 76.8278 287
22.4945 0000 76.8119 284
22.5263 0000 76.7872 269
22.5621 0000 76.7889 235
22.5983 0000 76.7925 214
22.6330 0000 76.7872 194
22.6683 0000 76.7855 179
22.7047 0000 76.7908 160
22.7414 0000 76.7979 128
22.7775 0000 76.8014 106
22.8125 0000 76.7979 102
