wt=150425348, DLLFiFo=0
-24.9908 0000 87.9660 98
-24.9514 0000 87.9592 130
-24.9126 0000 87.9564 135
-24.8738 0000 87.9537 119
-24.8305 0000 87.9204 109
-24.7910 0000 87.9136 90
-24.7522 0000 87.9109 66
-24.7176 0000 87.9366 58
-24.6803 0000 87.9441 54
-24.6418 0000 87.9434 61
-24.6023 0000 87.9366 84
-24.5624 0000 87.9257 106
-24.5235 0000 87.9229 101
-24.4853 0000 87.9243 74
-24.4471 0000 87.9256 64
-24.4056 0000 87.9046 67
-24.3671 0000 87.9039 76
-24.3336 0000 87.9378 82
-24.2933 0000 87.9249 90
-24.2560 0000 87.9323 108
-24.2218 0000 87.9622 125
-24.1862 0000 87.9819 116
-24.1482 0000 87.9852 102
-24.1103 0000 87.9886 137
-24.0686 0000 87.9655 163
-24.0277 0000 87.9485 171
-23.9857 0000 87.9234 136
-23.9469 0000 87.9207 122
-23.9087 0000 87.9220 115
-23.8704 0000 87.9234 112
-23.8311 0000 87.9166 110
-23.7897 0000 87.8956 135
-23.7494 0000 87.8827 146
-23.7072 0000 87.8555 119
-23.6676 0000 87.8467 123
-23.6310 0000 87.8603 93
-23.5956 0000 87.8820 83
-23.5662 0000 87.9466 80
-23.5336 0000 87.9887 78
-23.4911 0000 87.9595 84
-23.4528 0000 87.9609 81
-23.4112 0000 87.9378 80
-23.3715 0000 87.9290 70
-23.3304 0000 87.9100 63
-23.2953 0000 87.9338 57
-23.2609 0000 87.9638 64
-23.2257 0000 87.9876 77
-23.1871 0000 87.9869 82
-23.1458 0000 87.9659 72
-23.1067 0000 87.9612 64
-23.0764 0000 88.0218 53
-23.0464 0000 88.0844 53
-23.0037 0000 88.0532 69
-22.9651 0000 88.0526 84
-22.9266 0000 88.0519 102
-22.8863 0000 88.0391 123
-22.8477 0000 88.0385 156
-22.8092 0000 88.0379 171
-22.7698 0000 88.0311 161
-22.7293 0000 88.0163 138
-22.6874 0000 87.9912 144
-22.6458 0000 87.9682 117
-22.6062 0000 87.9594 104
-22.5682 0000 87.9629 101
-22.5304 0000 87.9684 89
-22.4953 0000 87.9944 81
-22.4589 0000 88.0101 75
-22.4241 0000 88.0381 73
-22.3892 0000 88.0662 84
-22.3514 0000 88.0717 82
-22.3142 0000 88.0814 83
-22.2804 0000 88.1176 84
-22.2420 0000 88.1191 83
-22.2034 0000 88.1185 93
-22.1661 0000 88.1282 140
-22.1282 0000 88.1338 229
-22.0893 0000 88.1312 263
-22.0502 0000 88.1266 191
-22.0102 0000 88.1159 111
-21.9708 0000 88.1092 77
-21.9327 0000 88.1128 65
-21.8922 0000 88.0980 81
-21.8525 0000 88.0893 115
-21.8110 0000 88.0663 136
-21.7714 0000 88.0576 173
-21.7325 0000 88.0551 183
-21.6933 0000 88.0505 152
-21.6519 0000 88.0276 108
-21.6112 0000 88.0107 96
-21.5749 0000 88.0286 78
-21.5417 0000 88.0710 66
-21.5040 0000 88.0787 75
-21.4672 0000 88.0925 70
-21.4280 0000 88.0879 67
-21.3894 0000 88.0874 71
-21.3508 0000 88.0870 74
-21.3098 0000 88.0681 95
-21.2714 0000 88.0697 146
-21.2348 0000 88.0855 186
-21.1972 0000 88.0932 182
-21.1590 0000 88.0969 115
-21.1216 0000 88.1066 84
-21.0840 0000 88.1143 76
-21.0448 0000 88.1098 82
-21.0051 0000 88.1011 93
-20.9665 0000 88.1007 91
-20.9283 0000 88.1043 82
-20.8904 0000 88.1100 75
-20.8537 0000 88.1259 89
-20.8133 0000 88.1111 98
-20.7749 0000 88.1127 124
-20.7362 0000 88.1123 148
-20.6975 0000 88.1118 153
-20.6591 0000 88.1134 135
-20.6209 0000 88.1171 104
-20.5837 0000 88.1289 88
-20.5451 0000 88.1285 74
-20.5061 0000 88.1260 79
-20.4650 0000 88.1051 98
-20.4258 0000 88.1006 127
-20.3867 0000 88.0961 140
-20.3477 0000 88.0936 153
-20.3091 0000 88.0932 153
-20.2701 0000 88.0907 123
-20.2312 0000 88.0882 88
-20.1930 0000 88.0919 68
-20.1543 0000 88.0914 67
-20.1157 0000 88.0910 78
-20.0774 0000 88.0946 87
-20.0416 0000 88.1187 90
-20.0039 0000 88.1265 98
-19.9676 0000 88.1465 114
-19.9294 0000 88.1501 135
-19.8904 0000 88.1477 160
-19.8515 0000 88.1452 162
-19.8111 0000 88.1305 129
-19.7710 0000 88.1178 110
-19.7306 0000 88.1030 109
-19.6919 0000 88.1026 100
-19.6528 0000 88.0981 97
-19.6139 0000 88.0956 90
-19.5754 0000 88.0972 100
-19.5367 0000 88.0968 122
-19.4980 0000 88.0964 116
-19.4597 0000 88.1000 106
-19.4217 0000 88.1057 121
-19.3851 0000 88.1237 115
-19.3469 0000 88.1274 104
-19.3084 0000 88.1290 93
-19.2699 0000 88.1306 99
-19.2305 0000 88.1240 112
-19.1900 0000 88.1072 129
-19.1526 0000 88.1191 106
-19.1159 0000 88.1370 94
-19.0786 0000 88.1489 78
-19.0435 0000 88.1812 71
-19.0077 0000 88.2073 83
-18.9699 0000 88.2151 106
-18.9321 0000 88.2229 133
-18.8940 0000 88.2286 122
-18.8548 0000 88.2240 87
-18.8140 0000 88.2052 63
-18.7726 0000 88.1802 55
-18.7363 0000 88.2023 50
-18.6973 0000 88.1998 54
-18.6559 0000 88.1748 63
-18.6167 0000 88.1703 91
-18.5764 0000 88.1556 116
-18.5390 0000 88.1674 111
-18.5005 0000 88.1690 89
-18.4591 0000 88.1440 77
-18.4190 0000 88.1313 73
-18.3783 0000 88.1125 79
-18.3389 0000 88.1059 77
-18.2969 0000 88.0748 78
-18.2571 0000 88.0642 83
-18.2166 0000 88.0474 78
-18.1781 0000 88.0490 61
-18.1418 0000 88.0710 63
-18.1022 0000 88.0624 76
-18.0606 0000 88.0354 90
-18.0213 0000 88.0289 102
-17.9812 0000 88.0162 86
-17.9442 0000 88.0321 87
-17.9061 0000 88.0377 91
-17.8683 0000 88.0455 109
-17.8278 0000 88.0287 101
-17.7880 0000 88.0180 92
-17.7487 0000 88.0115 103
-17.7097 0000 88.0090 110
-17.6710 0000 88.0085 98
-17.6329 0000 88.0142 102
-17.5946 0000 88.0178 100
-17.5556 0000 88.0154 92
-17.5181 0000 88.0272 82
-17.4792 0000 88.0247 94
-17.4385 0000 88.0058 87
-17.3983 0000 87.9911 94
-17.3571 0000 87.9661 109
-17.3176 0000 87.9575 102
-17.2763 0000 87.9325 99
-17.2372 0000 87.9280 134
-17.1970 0000 87.9133 141
-17.1583 0000 87.9128 155
-17.1206 0000 87.9226 187
-17.0821 0000 87.9241 184
-17.0425 0000 87.9155 144
-17.0054 0000 87.9314 140
-16.9675 0000 87.9391 128
-16.9293 0000 87.9448 105
-16.8908 0000 87.9464 94
-16.8550 0000 87.9766 101
-16.8177 0000 87.9904 113
-16.7801 0000 88.0022 127
-16.7418 0000 88.0058 133
-16.7026 0000 88.0013 112
-16.6634 0000 87.9967 85
-16.6259 0000 88.0085 92
-16.5865 0000 88.0019 117
-16.5473 0000 87.9974 112
-16.5044 0000 87.9540 100
-16.4649 0000 87.9454 103
-16.4275 0000 87.9592 108
-16.3870 0000 87.9404 101
-16.3462 0000 87.9195 144
-16.3075 0000 87.9190 191
-16.2701 0000 87.9329 192
-16.2315 0000 87.9344 193
-16.1926 0000 87.9319 197
-16.1546 0000 87.9396 187
-16.1179 0000 87.9616 174
-16.0828 0000 88.0000 201
-16.0459 0000 88.0200 177
-16.0073 0000 88.0216 154
-15.9685 0000 88.0211 143
-15.9292 0000 88.0145 120
-15.8900 0000 88.0100 92
-15.8510 0000 88.0075 86
-15.8107 0000 87.9906 108
-15.7721 0000 87.9922 131
-15.7333 0000 87.9917 135
-15.6945 0000 87.9913 132
-15.6559 0000 87.9929 173
-15.6166 0000 87.9863 215
-15.5767 0000 87.9735 205
-15.5371 0000 87.9649 167
-15.4982 0000 87.9624 127
-15.4599 0000 87.9680 111
-15.4222 0000 87.9798 114
-15.3845 0000 87.9916 120
-15.3458 0000 87.9912 121
-15.3064 0000 87.9846 111
-15.2676 0000 87.9841 92
-15.2306 0000 88.0041 87
-15.1915 0000 87.9995 89
-15.1508 0000 87.9786 90
-15.1122 0000 87.9802 111
-15.0734 0000 87.9798 116
-15.0337 0000 87.9691 99
-14.9921 0000 87.9359 122
-14.9518 0000 87.9191 135
-14.9155 0000 87.9472 176
-14.8776 0000 87.9570 293
-14.8385 0000 87.9525 346
-14.7993 0000 87.9479 264
-14.7619 0000 87.9638 192
-14.7260 0000 87.9960 140
-14.6889 0000 88.0160 147
-14.6517 0000 88.0340 194
-14.6127 0000 88.0315 205
-14.5735 0000 88.0269 192
-14.5345 0000 88.0244 184
-14.4952 0000 88.0178 181
-14.4558 0000 88.0112 172
-14.4170 0000 88.0108 171
-14.3763 0000 87.9878 191
-14.3366 0000 87.9772 271
-14.2978 0000 87.9767 328
-14.2590 0000 87.9763 311
-14.2200 0000 87.9738 252
-14.1804 0000 87.9631 222
-14.1422 0000 87.9708 192
-14.1058 0000 87.9990 160
-14.0685 0000 88.0169 149
-14.0293 0000 88.0124 139
-13.9888 0000 87.9915 146
-13.9498 0000 87.9890 157
-13.9105 0000 87.9824 150
-13.8714 0000 87.9779 146
-13.8329 0000 87.9815 159
-13.7945 0000 87.9872 162
-13.7561 0000 87.9909 153
-13.7194 0000 88.0170 166
-13.6812 0000 88.0247 181
-13.6420 0000 88.0202 215
-13.6012 0000 87.9952 221
-13.5616 0000 87.9845 233
-13.5223 0000 87.9780 237
-13.4835 0000 87.9775 205
-13.4450 0000 87.9812 158
-13.4071 0000 87.9930 140
-13.3694 0000 88.0069 148
-13.3320 0000 88.0249 186
-13.2941 0000 88.0367 200
-13.2565 0000 88.0526 254
-13.2195 0000 88.0768 302
-13.1821 0000 88.0948 224
-13.1437 0000 88.1005 185
-13.1051 0000 88.1041 223
-13.0663 0000 88.1037 298
-13.0271 0000 88.0992 317
-12.9879 0000 88.0946 299
-12.9491 0000 88.0942 311
-12.9103 0000 88.0958 353
-12.8715 0000 88.0954 380
-12.8329 0000 88.0991 364
-12.7945 0000 88.1048 310
-12.7559 0000 88.1085 289
-12.7172 0000 88.1101 299
-12.6780 0000 88.1056 248
-12.6392 0000 88.1051 190
-12.6009 0000 88.1129 160
-12.5634 0000 88.1309 150
-12.5257 0000 88.1469 157
-12.4856 0000 88.1301 249
-12.4467 0000 88.1297 338
-12.4078 0000 88.1293 359
-12.3689 0000 88.1288 244
-12.3314 0000 88.1469 200
-12.2935 0000 88.1608 173
-12.2552 0000 88.1686 167
-12.2167 0000 88.1743 155
-12.1778 0000 88.1739 129
-12.1390 0000 88.1756 91
-12.1024 0000 88.2080 65
-12.0695 0000 88.2938 70
-12.0325 0000 88.3221 69
-11.9940 0000 88.3279 90
-11.9563 0000 88.3460 110
-11.9184 0000 88.3600 119
-11.8784 0000 88.3452 119
-11.8384 0000 88.3283 152
-11.7983 0000 88.3115 161
-11.7592 0000 88.3090 170
-11.7207 0000 88.3148 172
-11.6834 0000 88.3391 196
-11.6454 0000 88.3531 176
-11.6062 0000 88.3485 163
-11.5661 0000 88.3317 142
-11.5284 0000 88.3498 140
-11.4902 0000 88.3617 125
-11.4557 0000 88.4292 112
-11.4203 0000 88.4844 115
-11.3823 0000 88.4985 129
-11.3450 0000 88.5249 153
-11.3061 0000 88.5265 163
-11.2668 0000 88.5220 173
-11.2276 0000 88.5175 168
-11.1886 0000 88.5171 156
-11.1498 0000 88.5208 153
-11.1121 0000 88.5411 128
-11.0739 0000 88.5531 107
-11.0377 0000 88.5980 96
-10.9989 0000 88.6018 94
-10.9599 0000 88.6014 85
-10.9205 0000 88.5948 82
-10.8777 0000 88.5346 109
-10.8382 0000 88.5260 130
-10.7982 0000 88.5091 120
-10.7594 0000 88.5129 116
-10.7208 0000 88.5187 149
-10.6832 0000 88.5410 182
-10.6448 0000 88.5509 229
-10.6062 0000 88.5588 227
-10.5672 0000 88.5584 172
-10.5284 0000 88.5621 122
-10.4907 0000 88.5844 107
-10.4516 0000 88.5820 98
-10.4125 0000 88.5816 96
-10.3736 0000 88.5833 91
-10.3348 0000 88.5871 81
-10.2972 0000 88.6114 74
-10.2599 0000 88.6400 84
-10.2210 0000 88.6437 96
-10.1821 0000 88.6454 122
-10.1436 0000 88.6553 145
-10.1037 0000 88.6384 178
-10.0644 0000 88.6339 154
-10.0265 0000 88.6542 108
-9.9882 0000 88.6683 88
-9.9507 0000 88.6948 82
-9.9117 0000 88.6965 79
-9.8724 0000 88.6919 77
-9.8324 0000 88.6730 80
-9.7934 0000 88.6747 76
-9.7568 0000 88.7197 75
-9.7181 0000 88.7256 74
-9.6796 0000 88.7355 68
-9.6434 0000 88.7889 66
-9.6044 0000 88.7906 72
-9.5655 0000 88.7923 74
-9.5266 0000 88.7961 76
-9.4889 0000 88.8226 74
-9.4514 0000 88.8512 78
-9.4142 0000 88.8881 66
-9.3756 0000 88.8960 66
-9.3367 0000 88.8997 75
-9.2992 0000 88.9304 86
-9.2614 0000 88.9570 89
-9.2213 0000 88.9379 82
-9.1809 0000 88.9127 88
-9.1428 0000 88.9310 85
-9.1049 0000 88.9555 95
-9.0662 0000 88.9634 108
-9.0273 0000 88.9671 111
-8.9893 0000 88.9896 97
-8.9506 0000 88.9975 99
-8.9130 0000 89.0282 107
-8.8745 0000 89.0403 118
-8.8366 0000 89.0648 127
-8.7977 0000 89.0706 139
-8.7582 0000 89.0619 142
-8.7187 0000 89.0553 131
-8.6797 0000 89.0570 111
-8.6408 0000 89.0629 99
-8.6019 0000 89.0666 93
-8.5624 0000 89.0600 88
-8.5213 0000 89.0182 100
-8.4811 0000 88.9950 116
-8.4401 0000 88.9552 114
-8.4005 0000 88.9445 93
-8.3602 0000 88.9192 80
-8.3244 0000 88.9893 66
-8.2878 0000 89.0449 77
-8.2507 0000 89.0881 79
-8.2114 0000 89.0857 81
-8.1734 0000 89.1102 92
-8.1348 0000 89.1223 102
-8.0978 0000 89.1697 106
-8.0587 0000 89.1714 112
-8.0196 0000 89.1730 132
-7.9805 0000 89.1747 194
-7.9411 0000 89.1681 257
-7.9016 0000 89.1615 237
-7.8624 0000 89.1611 182
-7.8234 0000 89.1628 157
-7.7835 0000 89.1458 152
-7.7442 0000 89.1434 124
-7.7062 0000 89.1700 93
-7.6674 0000 89.1779 81
-7.6290 0000 89.1963 75
-7.5882 0000 89.1585 68
-7.5475 0000 89.1207 76
-7.5097 0000 89.1536 82
-7.4709 0000 89.1615 101
-7.4323 0000 89.1757 125
-7.3946 0000 89.2106 150
-7.3563 0000 89.2331 135
-7.3163 0000 89.2119 131
-7.2744 0000 89.1430 142
-7.2318 0000 89.0575 156
-7.1923 0000 89.0488 166
-7.1536 0000 89.0588 137
-7.1158 0000 89.0937 106
-7.0791 0000 89.1557 99
-7.0406 0000 89.1719 119
-7.0023 0000 89.1965 196
-6.9630 0000 89.1919 254
-6.9238 0000 89.1916 217
-6.8851 0000 89.2037 139
-6.8470 0000 89.2324 108
-6.8061 0000 89.1863 135
-6.7660 0000 89.1610 194
-6.7271 0000 89.1689 181
-6.6881 0000 89.1727 127
-6.6489 0000 89.1723 95
-6.6101 0000 89.1803 92
-6.5714 0000 89.1945 112
-6.5318 0000 89.1816 117
-6.4914 0000 89.1480 102
-6.4523 0000 89.1497 92
-6.4147 0000 89.1930 97
-6.3757 0000 89.1989 108
-6.3364 0000 89.1964 127
-6.2972 0000 89.1940 145
-6.2580 0000 89.1936 136
-6.2189 0000 89.1953 122
-6.1808 0000 89.2282 121
-6.1430 0000 89.2694 177
-6.1046 0000 89.2941 191
-6.0656 0000 89.2999 167
-6.0266 0000 89.3058 126
-5.9881 0000 89.3263 118
-5.9492 0000 89.3384 115
-5.9103 0000 89.3485 113
-5.8714 0000 89.3564 103
-5.8314 0000 89.3311 121
-5.7921 0000 89.3307 140
-5.7529 0000 89.3283 150
-5.7136 0000 89.3279 149
-5.6749 0000 89.3421 137
-5.6352 0000 89.3272 147
-5.5959 0000 89.3248 130
-5.5568 0000 89.3265 121
-5.5176 0000 89.3282 129
-5.4782 0000 89.3237 157
-5.4389 0000 89.3192 194
-5.3993 0000 89.3063 196
-5.3600 0000 89.3039 181
-5.3208 0000 89.3015 134
-5.2814 0000 89.2949 97
-5.2421 0000 89.2924 77
-5.2045 0000 89.3504 69
-5.1671 0000 89.4188 82
-5.1292 0000 89.4664 116
-5.0907 0000 89.4973 130
-5.0516 0000 89.5032 151
-5.0125 0000 89.5071 171
-4.9738 0000 89.5297 190
-4.9346 0000 89.5335 183
-4.8954 0000 89.5331 175
-4.8553 0000 89.5036 156
-4.8149 0000 89.4552 144
-4.7752 0000 89.4382 121
-4.7360 0000 89.4400 92
-4.6969 0000 89.4459 83
-4.6580 0000 89.4622 86
-4.6186 0000 89.4535 101
-4.5791 0000 89.4427 126
-4.5400 0000 89.4507 126
-4.5011 0000 89.4650 116
-4.4620 0000 89.4751 120
-4.4226 0000 89.4685 157
-4.3830 0000 89.4514 244
-4.3438 0000 89.4532 284
-4.3045 0000 89.4528 244
-4.2651 0000 89.4483 163
-4.2258 0000 89.4459 105
-4.1864 0000 89.4393 77
-4.1467 0000 89.4139 67
-4.1073 0000 89.4073 61
-4.0674 0000 89.3778 58
-4.0282 0000 89.3774 70
-3.9890 0000 89.3813 83
-3.9497 0000 89.3768 84
-3.9103 0000 89.3722 75
-3.8717 0000 89.4032 71
-3.8332 0000 89.4424 101
-3.7945 0000 89.4713 128
-3.7554 0000 89.4835 140
-3.7169 0000 89.5270 137
-3.6778 0000 89.5350 143
-3.6385 0000 89.5367 157
-3.5992 0000 89.5364 165
-3.5599 0000 89.5319 158
-3.5202 0000 89.5086 136
-3.4808 0000 89.5020 122
-3.4411 0000 89.4745 109
-3.4016 0000 89.4658 89
-3.3620 0000 89.4446 79
-3.3232 0000 89.4714 73
-3.2843 0000 89.4982 103
-3.2450 0000 89.4978 157
-3.2059 0000 89.5100 177
-3.1663 0000 89.4846 169
-3.1268 0000 89.4738 158
-3.0873 0000 89.4568 172
-3.0479 0000 89.4481 179
-3.0083 0000 89.4269 145
-2.9690 0000 89.4224 119
-2.9298 0000 89.4283 110
-2.8909 0000 89.4572 119
-2.8521 0000 89.4923 133
-2.8130 0000 89.5066 162
-2.7737 0000 89.5063 183
-2.7343 0000 89.4913 194
-2.6947 0000 89.4680 213
-2.6553 0000 89.4573 200
-2.6154 0000 89.4027 196
-2.5753 0000 89.3377 212
-2.5357 0000 89.3020 207
-2.4960 0000 89.2662 198
-2.4565 0000 89.2388 166
-2.4171 0000 89.2260 156
-2.3780 0000 89.2382 141
-2.3395 0000 89.3065 118
-2.3010 0000 89.3833 120
-2.2616 0000 89.3705 142
-2.2222 0000 89.3472 179
-2.1828 0000 89.3364 196
-2.1437 0000 89.3486 183
-2.1046 0000 89.3712 151
-2.0656 0000 89.4001 121
-2.0263 0000 89.3976 102
-1.9870 0000 89.3910 110
-1.9476 0000 89.3803 123
-1.9082 0000 89.3654 134
-1.8688 0000 89.3400 155
-1.8294 0000 89.3209 127
-1.7901 0000 89.3164 111
-1.7509 0000 89.3265 120
-1.7117 0000 89.3387 152
-1.6725 0000 89.3383 162
-1.6332 0000 89.3380 140
-1.5939 0000 89.3335 126
-1.5546 0000 89.3186 119
-1.5152 0000 89.2953 116
-1.4760 0000 89.2971 96
-1.4367 0000 89.2926 76
-1.3974 0000 89.2818 63
-1.3580 0000 89.2440 62
-1.3186 0000 89.1896 69
-1.2794 0000 89.2100 76
-1.2402 0000 89.2076 88
-1.2009 0000 89.1865 90
-1.1616 0000 89.1841 97
-1.1224 0000 89.1837 107
-1.0832 0000 89.1855 110
-1.0440 0000 89.1914 109
-1.0048 0000 89.1994 109
-0.9656 0000 89.2178 118
-0.9263 0000 89.1946 107
-0.8871 0000 89.1901 106
-0.8479 0000 89.1939 125
-0.8086 0000 89.1977 157
-0.7694 0000 89.1974 166
-0.7302 0000 89.1846 156
-0.6909 0000 89.1697 153
-0.6517 0000 89.1548 162
-0.6125 0000 89.1545 146
-0.5733 0000 89.1479 128
-0.5341 0000 89.1455 112
-0.4948 0000 89.1701 94
-0.4556 0000 89.1677 97
-0.4164 0000 89.1445 128
-0.3772 0000 89.1442 143
-0.3380 0000 89.1438 139
-0.2988 0000 89.1290 134
-0.2596 0000 89.1328 151
-0.2204 0000 89.1262 166
-0.1812 0000 89.1197 172
-0.1420 0000 89.1235 149
-0.1027 0000 89.1648 115
-0.0634 0000 89.1644 106
-0.0243 0000 89.1412 124
0.0150 0000 89.1617 132
0.0543 0000 89.1760 147
0.0935 0000 89.1819 155
0.1327 0000 89.1774 143
0.1718 0000 89.1500 113
0.2108 0000 89.1060 83
0.2499 0000 89.0808 95
0.2891 0000 89.0804 104
0.3282 0000 89.0780 124
0.3674 0000 89.0756 156
0.4066 0000 89.0712 155
0.4458 0000 89.0688 117
0.4850 0000 89.0684 104
0.5242 0000 89.0702 121
0.5635 0000 89.0886 117
0.6027 0000 89.0924 113
0.6420 0000 89.0963 116
0.6812 0000 89.1001 130
0.7205 0000 89.1102 162
0.7597 0000 89.1203 205
0.7990 0000 89.1220 236
0.8382 0000 89.1196 243
0.8773 0000 89.1089 240
0.9164 0000 89.1003 252
0.9556 0000 89.0979 259
0.9947 0000 89.0976 243
1.0340 0000 89.0994 208
1.0732 0000 89.1032 172
1.1123 0000 89.0987 164
1.1515 0000 89.0964 183
1.1908 0000 89.1023 178
1.2299 0000 89.0999 151
1.2690 0000 89.0913 132
1.3083 0000 89.0930 114
1.3473 0000 89.0823 118
1.3865 0000 89.0800 122
1.4252 0000 89.0443 104
1.4641 0000 89.0233 96
1.5030 0000 88.9960 95
1.5421 0000 88.9957 89
1.5813 0000 88.9954 89
1.6205 0000 88.9950 90
1.6596 0000 88.9947 89
1.6985 0000 88.9758 94
1.7377 0000 88.9796 115
1.7772 0000 88.9980 131
1.8160 0000 88.9749 118
1.8552 0000 88.9766 136
1.8944 0000 88.9826 169
1.9339 0000 89.0010 182
1.9733 0000 89.0152 217
2.0119 0000 88.9796 239
2.0509 0000 88.9731 273
2.0901 0000 88.9728 316
2.1292 0000 88.9725 333
2.1683 0000 88.9680 298
2.2074 0000 88.9636 243
2.2466 0000 88.9654 186
2.2858 0000 88.9692 137
2.3248 0000 88.9648 109
2.3638 0000 88.9541 100
2.4028 0000 88.9455 109
2.4415 0000 88.9245 136
2.4807 0000 88.9242 145
2.5201 0000 88.9405 148
2.5594 0000 88.9444 179
2.5985 0000 88.9462 191
2.6370 0000 88.9127 187
2.6760 0000 88.9041 190
2.7151 0000 88.9017 190
2.7541 0000 88.8973 197
2.7933 0000 88.8991 230
2.8329 0000 88.9216 243
2.8723 0000 88.9358 298
2.9112 0000 88.9231 264
2.9507 0000 88.9415 249
2.9901 0000 88.9516 216
3.0292 0000 88.9492 171
3.0682 0000 88.9468 133
3.1075 0000 88.9528 113
3.1466 0000 88.9504 113
3.1855 0000 88.9418 130
3.2247 0000 88.9436 130
3.2637 0000 88.9392 119
3.3028 0000 88.9348 117
3.3420 0000 88.9365 132
3.3811 0000 88.9383 174
3.4203 0000 88.9380 223
3.4593 0000 88.9357 249
3.4983 0000 88.9313 253
3.5375 0000 88.9330 223
3.5767 0000 88.9348 185
3.6158 0000 88.9325 163
3.6543 0000 88.9115 147
3.6928 0000 88.8863 113
3.7320 0000 88.8881 110
3.7717 0000 88.9127 133
3.8112 0000 88.9269 139
3.8498 0000 88.9059 143
3.8888 0000 88.9015 165
3.9272 0000 88.8763 200
3.9662 0000 88.8719 216
4.0055 0000 88.8778 242
4.0454 0000 88.9066 256
4.0848 0000 88.9166 276
4.1239 0000 88.9164 284
4.1628 0000 88.9099 272
4.2019 0000 88.9075 230
4.2410 0000 88.9072 193
4.2799 0000 88.9007 192
4.3183 0000 88.8776 216
4.3574 0000 88.8753 228
4.3964 0000 88.8729 230
4.4357 0000 88.8789 209
4.4750 0000 88.8848 179
4.5139 0000 88.8783 172
4.5527 0000 88.8697 181
4.5917 0000 88.8674 180
4.6311 0000 88.8775 199
4.6705 0000 88.8855 243
4.7097 0000 88.8873 283
4.7490 0000 88.8953 316
4.7890 0000 88.9240 305
4.8281 0000 88.9216 243
4.8673 0000 88.9255 208
4.9070 0000 88.9418 214
4.9463 0000 88.9477 216
4.9854 0000 88.9495 215
5.0245 0000 88.9493 210
5.0637 0000 88.9510 198
5.1029 0000 88.9528 188
5.1421 0000 88.9546 180
5.1816 0000 88.9668 196
5.2208 0000 88.9707 192
5.2606 0000 88.9890 166
5.2999 0000 88.9929 165
5.3391 0000 88.9968 189
5.3783 0000 88.9986 234
5.4182 0000 89.0190 262
5.4574 0000 89.0229 288
5.4965 0000 89.0205 303
5.5353 0000 89.0120 310
5.5736 0000 88.9909 323
5.6128 0000 88.9927 304
5.6520 0000 88.9966 288
5.6911 0000 88.9942 290
5.7300 0000 88.9898 281
5.7693 0000 88.9937 236
5.8086 0000 88.9996 207
5.8479 0000 89.0035 220
5.8873 0000 89.0115 237
5.9271 0000 89.0299 220
5.9664 0000 89.0337 212
6.0055 0000 89.0334 205
6.0445 0000 89.0311 211
6.0838 0000 89.0350 217
6.1232 0000 89.0409 215
6.1622 0000 89.0385 205
6.2015 0000 89.0445 190
6.2419 0000 89.0753 193
6.2822 0000 89.1020 179
6.3224 0000 89.1288 195
6.3618 0000 89.1347 198
6.4007 0000 89.1303 196
6.4395 0000 89.1217 196
6.4781 0000 89.1089 202
6.5160 0000 89.0796 189
6.5551 0000 89.0793 174
6.5955 0000 89.1081 173
6.6350 0000 89.1182 167
6.6762 0000 89.1657 150
6.7180 0000 89.2257 165
6.7582 0000 89.2483 203
6.7981 0000 89.2646 232
6.8378 0000 89.2768 251
6.8767 0000 89.2724 238
6.9155 0000 89.2638 242
6.9547 0000 89.2635 249
6.9940 0000 89.2674 205
7.0340 0000 89.2858 149
7.0735 0000 89.2918 142
7.1140 0000 89.3206 160
7.1534 0000 89.3266 162
7.1926 0000 89.3263 146
7.2317 0000 89.3239 129
7.2709 0000 89.3257 140
7.3103 0000 89.3296 173
7.3507 0000 89.3564 198
7.3911 0000 89.3811 257
7.4305 0000 89.3850 269
7.4705 0000 89.4014 239
7.5095 0000 89.3990 221
7.5485 0000 89.3946 198
7.5876 0000 89.3922 175
7.6269 0000 89.3940 171
7.6669 0000 89.4104 177
7.7078 0000 89.4456 196
7.7474 0000 89.4537 188
7.7878 0000 89.4763 146
7.8284 0000 89.5053 135
7.8686 0000 89.5238 123
7.9094 0000 89.5548 112
7.9485 0000 89.5524 120
7.9864 0000 89.5271 140
8.0254 0000 89.5227 159
8.0654 0000 89.5370 171
8.1044 0000 89.5326 181
8.1424 0000 89.5093 199
8.1813 0000 89.5049 235
8.2210 0000 89.5130 266
8.2624 0000 89.5544 233
8.3047 0000 89.6127 208
8.3456 0000 89.6438 206
8.3870 0000 89.6832 166
8.4298 0000 89.7478 154
8.4697 0000 89.7601 170
8.5085 0000 89.7515 209
8.5474 0000 89.7450 260
8.5870 0000 89.7510 284
8.6266 0000 89.7570 270
8.6660 0000 89.7588 241
8.7065 0000 89.7816 225
8.7461 0000 89.7876 192
8.7856 0000 89.7916 170
8.8248 0000 89.7892 151
8.8638 0000 89.7848 139
8.9029 0000 89.7824 138
8.9425 0000 89.7884 133
8.9845 0000 89.8364 134
9.0245 0000 89.8487 143
9.0643 0000 89.8568 137
9.1050 0000 89.8817 129
9.1444 0000 89.8836 114
9.1841 0000 89.8896 97
9.2263 0000 89.9397 80
9.2660 0000 89.9458 79
9.3075 0000 89.9833 91
9.3455 0000 89.9621 92
9.3833 0000 89.9366 98
9.4227 0000 89.9385 94
9.4625 0000 89.9467 92
9.5047 0000 89.9947 105
9.5444 0000 90.0008 134
9.5842 0000 90.0089 176
9.6236 0000 90.0108 213
9.6628 0000 90.0084 215
9.7024 0000 90.0145 191
9.7421 0000 90.0206 165
9.7827 0000 90.0413 127
9.8236 0000 90.0663 112
9.8652 0000 90.1018 82
9.9093 0000 90.1773 73
9.9523 0000 90.2360 74
9.9918 0000 90.2379 82
10.0316 0000 90.2439 87
10.0727 0000 90.2711 84
10.1120 0000 90.2709 89
10.1529 0000 90.2938 104
10.1921 0000 90.2914 133
10.2300 0000 90.2701 177
10.2684 0000 90.2552 185
10.3089 0000 90.2718 229
10.3493 0000 90.2884 214
10.3895 0000 90.3008 191
10.4302 0000 90.3217 170
10.4721 0000 90.3594 169
10.5119 0000 90.3655 159
10.5515 0000 90.3695 131
10.5912 0000 90.3735 109
10.6308 0000 90.3774 100
10.6702 0000 90.3772 93
10.7094 0000 90.3749 93
10.7489 0000 90.3768 100
10.7881 0000 90.3744 108
10.8269 0000 90.3658 112
10.8652 0000 90.3508 131
10.9060 0000 90.3716 128
10.9461 0000 90.3820 121
10.9870 0000 90.4028 120
11.0269 0000 90.4110 118
11.0682 0000 90.4382 105
11.1079 0000 90.4422 103
11.1471 0000 90.4399 102
11.1847 0000 90.4144 103
11.2233 0000 90.4036 87
11.2625 0000 90.4013 81
11.3018 0000 90.4010 86
11.3409 0000 90.3966 108
11.3802 0000 90.3964 124
11.4199 0000 90.4004 111
11.4596 0000 90.4044 94
11.4991 0000 90.4063 81
11.5386 0000 90.4082 72
11.5784 0000 90.4143 73
11.6182 0000 90.4204 70
11.6587 0000 90.4349 70
11.6979 0000 90.4326 65
11.7374 0000 90.4345 67
11.7771 0000 90.4385 63
11.8163 0000 90.4362 54
11.8579 0000 90.4655 53
11.8975 0000 90.4695 53
11.9369 0000 90.4693 54
11.9764 0000 90.4712 59
12.0177 0000 90.4963 56
12.0574 0000 90.5003 53
12.0989 0000 90.5276 53
12.1384 0000 90.5295 52
12.1778 0000 90.5293 47
12.2172 0000 90.5290 42
12.2566 0000 90.5288 37
12.2956 0000 90.5244 44
12.3329 0000 90.4967 59
12.3737 0000 90.5155 72
12.4119 0000 90.5005 79
12.4530 0000 90.5215 97
12.4913 0000 90.5086 93
12.5327 0000 90.5337 92
12.5732 0000 90.5483 81
12.6158 0000 90.5882 76
12.6554 0000 90.5901 74
12.6949 0000 90.5920 80
12.7324 0000 90.5686 89
12.7715 0000 90.5641 120
12.8109 0000 90.5639 150
12.8504 0000 90.5658 154
12.8901 0000 90.5699 144
12.9297 0000 90.5718 136
12.9689 0000 90.5694 151
13.0081 0000 90.5671 184
13.0480 0000 90.5733 196
13.0889 0000 90.5921 208
13.1302 0000 90.6151 167
13.1705 0000 90.6255 141
13.2100 0000 90.6274 131
13.2503 0000 90.6378 160
13.2900 0000 90.6418 206
13.3294 0000 90.6416 225
13.3702 0000 90.6583 222
13.4103 0000 90.6665 154
13.4516 0000 90.6896 90
13.4937 0000 90.7212 75
13.5338 0000 90.7294 67
13.5740 0000 90.7377 70
13.6159 0000 90.7671 83
13.6573 0000 90.7902 83
13.6978 0000 90.8027 91
13.7396 0000 90.8301 95
13.7790 0000 90.8298 102
13.8184 0000 90.8296 114
13.8576 0000 90.8273 130
13.8972 0000 90.8292 122
13.9366 0000 90.8290 99
13.9758 0000 90.8267 85
14.0154 0000 90.8286 85
14.0548 0000 90.8284 90
14.0937 0000 90.8218 92
14.1336 0000 90.8280 93
14.1757 0000 90.8574 110
14.2158 0000 90.8657 112
14.2549 0000 90.8613 116
14.2939 0000 90.8568 122
14.3340 0000 90.8651 106
14.3761 0000 90.8945 87
14.4151 0000 90.8901 99
14.4551 0000 90.8962 123
14.4953 0000 90.9045 152
14.5349 0000 90.9064 180
14.5749 0000 90.9126 180
14.6145 0000 90.9145 159
14.6531 0000 90.9058 162
14.6925 0000 90.9056 196
14.7315 0000 90.9011 220
14.7703 0000 90.8945 205
14.8089 0000 90.8858 185
14.8477 0000 90.8792 187
14.8871 0000 90.8790 192
14.9265 0000 90.8788 177
14.9659 0000 90.8786 146
15.0039 0000 90.8635 137
15.0434 0000 90.8654 126
15.0848 0000 90.8864 101
15.1270 0000 90.9159 98
15.1674 0000 90.9263 100
15.2067 0000 90.9260 129
15.2459 0000 90.9237 168
15.2857 0000 90.9277 177
15.3253 0000 90.9296 160
15.3643 0000 90.9251 134
15.4034 0000 90.9228 101
15.4432 0000 90.9268 75
15.4850 0000 90.9520 68
15.5248 0000 90.9561 64
15.5646 0000 90.9601 65
15.6017 0000 90.9365 64
15.6407 0000 90.9320 66
15.6796 0000 90.9276 74
15.7192 0000 90.9295 89
15.7610 0000 90.9547 86
15.8027 0000 90.9778 88
15.8422 0000 90.9797 93
15.8818 0000 90.9816 98
15.9212 0000 90.9814 91
15.9580 0000 90.9557 79
15.9968 0000 90.9491 77
16.0338 0000 90.9255 79
16.0731 0000 90.9253 80
16.1123 0000 90.9230 78
16.1510 0000 90.9164 79
16.1907 0000 90.9204 83
16.2330 0000 90.9498 74
16.2756 0000 90.9814 83
16.3156 0000 90.9876 96
16.3553 0000 90.9916 109
16.3947 0000 90.9914 100
16.4347 0000 90.9975 104
16.4766 0000 91.0227 112
16.5164 0000 91.0267 114
16.5566 0000 91.0350 136
16.5964 0000 91.0390 168
16.6364 0000 91.0452 169
16.6781 0000 91.0683 144
16.7194 0000 91.0872 94
16.7557 0000 91.0572 78
16.7937 0000 91.0442 71
16.8337 0000 91.0504 75
16.8737 0000 91.0565 75
16.9130 0000 91.0563 69
16.9552 0000 91.0836 69
16.9977 0000 91.1131 66
17.0379 0000 91.1214 74
17.0772 0000 91.1212 82
17.1134 0000 91.0912 82
17.1514 0000 91.0782 89
17.1903 0000 91.0738 85
17.2294 0000 91.0714 84
17.2669 0000 91.0542 100
17.3064 0000 91.0561 92
17.3455 0000 91.0537 81
17.3839 0000 91.0450 80
17.4178 0000 90.9939 69
17.4561 0000 90.9852 58
17.4954 0000 90.9849 59
17.5358 0000 90.9953 65
17.5776 0000 91.0184 71
17.6169 0000 91.0182 70
17.6564 0000 91.0201 71
17.6980 0000 91.0411 67
17.7403 0000 91.0684 53
17.7801 0000 91.0724 55
17.8198 0000 91.0764 58
17.8591 0000 91.0762 62
17.8953 0000 91.0484 63
17.9348 0000 91.0503 71
17.9748 0000 91.0564 82
18.0136 0000 91.0520 89
18.0522 0000 91.0454 90
18.0914 0000 91.0451 86
18.1309 0000 91.0470 74
18.1700 0000 91.0447 67
18.2087 0000 91.0402 68
18.2475 0000 91.0357 78
18.2868 0000 91.0355 88
18.3262 0000 91.0374 89
18.3636 0000 91.0202 79
18.4002 0000 90.9966 80
18.4382 0000 90.9858 78
18.4765 0000 90.9771 79
18.5155 0000 90.9748 76
18.5544 0000 90.9724 75
18.5907 0000 90.9468 78
18.6295 0000 90.9423 99
18.6687 0000 90.9421 116
18.7079 0000 90.9418 116
18.7468 0000 90.9395 108
18.7853 0000 90.9329 108
18.8240 0000 90.9284 110
18.8615 0000 90.9134 114
18.9002 0000 90.9089 100
18.9361 0000 90.8812 90
18.9751 0000 90.8788 102
19.0197 0000 90.9252 111
19.0606 0000 90.9397 111
19.1025 0000 90.9628 107
19.1429 0000 90.9732 95
19.1846 0000 90.9941 90
19.2208 0000 90.9684 100
19.2592 0000 90.9619 98
19.2987 0000 90.9637 88
19.3378 0000 90.9635 79
19.3715 0000 90.9167 81
19.4096 0000 90.9080 90
19.4480 0000 90.9014 96
19.4864 0000 90.8948 95
19.5230 0000 90.8734 92
19.5619 0000 90.8711 100
19.6005 0000 90.8666 101
19.6389 0000 90.8600 99
19.6788 0000 90.8661 97
19.7184 0000 90.8701 101
19.7573 0000 90.8677 105
19.7959 0000 90.8633 109
19.8350 0000 90.8630 116
19.8741 0000 90.8628 116
19.9122 0000 90.8541 112
19.9480 0000 90.8264 126
19.9845 0000 90.8050 137
20.0251 0000 90.8174 158
20.0645 0000 90.8193 189
20.1049 0000 90.8296 210
20.1466 0000 90.8505 219
20.1857 0000 90.8502 193
20.2243 0000 90.8458 177
20.2634 0000 90.8455 158
20.3017 0000 90.8389 138
20.3357 0000 90.7985 118
20.3740 0000 90.7920 106
20.4120 0000 90.7833 104
20.4514 0000 90.7851 101
20.4886 0000 90.7701 113
20.5266 0000 90.7614 122
20.5675 0000 90.7759 109
20.6069 0000 90.7778 107
20.6457 0000 90.7755 113
20.6823 0000 90.7562 118
20.7208 0000 90.7518 124
20.7561 0000 90.7220 116
20.7927 0000 90.7027 103
20.8261 0000 90.6582 98
20.8670 0000 90.6727 105
20.9036 0000 90.6535 98
20.9393 0000 90.6280 101
20.9770 0000 90.6172 91
21.0155 0000 90.6128 87
21.0550 0000 90.6168 85
21.0948 0000 90.6229 71
21.1363 0000 90.6416 59
21.1720 0000 90.6161 54
21.2110 0000 90.6159 45
21.2500 0000 90.6157 38
0.0000 0000 0.0000 0
0.0000 0000 0.0000 0
0.0000 0000 0.0000 0
0.0000 0000 0.0000 0
0.0000 0000 0.0000 0
0.0000 0000 0.0000 0
0.0000 0000 0.0000 0
0.0000 0000 0.0000 0
0.0000 0000 0.0000 0
0.0000 0000 0.0000 0
0.0000 0000 0.0000 0
0.0000 0000 0.0000 0
0.0000 0000 0.0000 0
0.0000 0000 0.0000 0
0.0000 0000 0.0000 0
0.0000 0000 0.0000 0
0.0000 0000 0.0000 0
0.0000 0000 0.0000 0
0.0000 0000 0.0000 0
0.0000 0000 0.0000 0
0.0000 0000 0.0000 0
0.0000 0000 0.0000 0
0.0000 0000 0.0000 0
0.0000 0000 0.0000 0
0.0000 0000 0.0000 0
0.0000 0000 0.0000 0
0.0000 0000 0.0000 0
0.0000 0000 0.0000 0
0.0000 0000 0.0000 0
0.0000 0000 0.0000 0
0.0000 0000 0.0000 0
0.0000 0000 0.0000 0
0.0000 0000 0.0000 0
0.0000 0000 0.0000 0
0.0000 0000 0.0000 0
0.0000 0000 0.0000 0
0.0000 0000 0.0000 0
0.0000 0000 0.0000 0
0.0000 0000 0.0000 0
22.7850 0000 90.4384 42
22.8281 0000 90.4678 51
22.8676 0000 90.4719 56
22.9068 0000 90.4739 67
22.9451 0000 90.4696 74
22.9802 0000 90.4421 80
23.0188 0000 90.4399 100
23.0586 0000 90.4462 111
23.0978 0000 90.4482 107
23.1346 0000 90.4334 101
23.1687 0000 90.3996 112
23.2039 0000 90.3743 109
23.2431 0000 90.3764 120
23.2832 0000 90.3847 148
23.3242 0000 90.3993 170
23.3625 0000 90.3951 207
23.3989 0000 90.3782 269
23.4378 0000 90.3781 313
23.4794 0000 90.3970 315
23.5208 0000 90.4138 333
23.5596 0000 90.4137 281
23.5967 0000 90.4010 208
23.6353 0000 90.3989 177
23.6744 0000 90.4009 163
23.7139 0000 90.4051 158
23.7522 0000 90.4008 152
23.7904 0000 90.3966 156
23.8293 0000 90.3965 164
23.8660 0000 90.3817 175
23.9077 0000 90.4006 159
23.9463 0000 90.3985 160
23.9848 0000 90.3963 163
24.0237 0000 90.3963 166
24.0629 0000 90.3984 164
24.1024 0000 90.4025 156
24.1415 0000 90.4046 151
24.1795 0000 90.3983 154
24.2161 0000 90.3835 168
24.2512 0000 90.3582 177
24.2910 0000 90.3645 151
24.3261 0000 90.3392 131
24.3583 0000 90.2950 157
24.3924 0000 90.2634 189
24.4309 0000 90.2612 222
24.4665 0000 90.2402 261
24.5012 0000 90.2128 294
24.5410 0000 90.2191 373
24.5826 0000 90.2380 473
24.6218 0000 90.2400 458
24.6603 0000 90.2379 386
24.6994 0000 90.2400 318
24.7411 0000 90.2589 232
24.7809 0000 90.2652 189
24.8224 0000 90.2820 190
24.8579 0000 90.2609 171
24.8929 0000 90.2356 185
