wt=151280911, DLLFiFo=0
-25.5571 0000 91.8464 77
-25.5192 0000 91.8565 74
-25.4851 0000 91.8920 72
-25.4461 0000 91.8935 76
-25.4061 0000 91.8886 87
-25.3599 0000 91.8412 93
-25.3208 0000 91.8427 101
-25.2821 0000 91.8463 104
-25.2449 0000 91.8606 110
-25.2049 0000 91.8557 102
-25.1698 0000 91.8849 89
-25.1326 0000 91.8992 89
-25.0984 0000 91.9348 92
-25.0550 0000 91.9064 107
-25.0132 0000 91.8888 105
-24.9732 0000 91.8839 112
-24.9341 0000 91.8854 129
-24.8959 0000 91.8933 153
-24.8659 0000 91.9588 151
-24.8283 0000 91.9709 159
-24.7862 0000 91.9511 160
-24.7462 0000 91.9462 156
-24.6957 0000 91.8667 148
-24.6455 0000 91.7894 155
-24.6026 0000 91.7633 175
-24.5608 0000 91.7456 173
-24.5206 0000 91.7386 135
-24.4821 0000 91.7444 117
-24.4484 0000 91.7842 101
-24.4194 0000 91.8582 110
-24.3821 0000 91.8725 133
-24.3471 0000 91.9039 157
-24.3083 0000 91.9076 175
-24.2692 0000 91.9091 167
-24.2304 0000 91.9128 146
-24.1933 0000 91.9292 127
-24.1613 0000 91.9820 132
-24.1259 0000 92.0113 174
-24.0897 0000 92.0342 169
-24.0509 0000 92.0379 152
-24.0105 0000 92.0309 131
-23.9679 0000 92.0068 122
-23.9279 0000 92.0020 114
-23.8864 0000 91.9865 104
-23.8501 0000 92.0094 119
-23.8107 0000 92.0088 161
-23.7689 0000 91.9912 188
-23.7292 0000 91.9885 190
-23.6889 0000 91.9815 170
-23.6492 0000 91.9788 144
-23.6097 0000 91.9783 124
-23.5726 0000 91.9948 120
-23.5331 0000 91.9942 135
-23.4942 0000 91.9980 140
-23.4511 0000 91.9697 120
-23.4039 0000 91.9115 104
-23.3500 0000 91.8021 102
-23.3066 0000 91.7717 119
-23.2621 0000 91.7329 134
-23.2194 0000 91.7068 148
-23.1791 0000 91.6999 163
-23.1414 0000 91.7121 150
-23.1073 0000 91.7521 168
-23.0721 0000 91.7835 159
-23.0332 0000 91.7873 131
-22.9960 0000 91.8038 103
-22.9599 0000 91.8289 79
-22.9185 0000 91.8135 81
-22.8810 0000 91.8279 97
-22.8410 0000 91.8232 97
-22.7977 0000 91.7928 79
-22.7538 0000 91.7582 93
-22.7133 0000 91.7492 116
-22.6714 0000 91.7295 114
-22.6316 0000 91.7269 112
-22.5927 0000 91.7307 116
-22.5533 0000 91.7303 115
-22.5125 0000 91.7191 104
-22.4700 0000 91.6952 105
-22.4306 0000 91.6948 92
-22.3920 0000 91.7007 85
-22.3555 0000 91.7237 81
-22.3201 0000 91.7552 105
-22.2839 0000 91.7804 117
-22.2479 0000 91.8077 113
-22.2155 0000 91.8628 104
-22.1771 0000 91.8709 102
-22.1333 0000 91.8363 126
-22.0897 0000 91.8038 136
-22.0473 0000 91.7799 156
-22.0052 0000 91.7582 123
-21.9651 0000 91.7535 111
-21.9249 0000 91.7467 120
-21.8841 0000 91.7356 138
-21.8422 0000 91.7160 154
-21.8027 0000 91.7156 142
-21.7643 0000 91.7237 142
-21.7253 0000 91.7275 148
-21.6853 0000 91.7228 151
-21.6453 0000 91.7182 164
-21.6050 0000 91.7114 200
-21.5635 0000 91.6939 214
-21.5240 0000 91.6935 214
-21.4861 0000 91.7059 222
-21.4445 0000 91.6884 178
-21.4048 0000 91.6859 146
-21.3676 0000 91.7047 158
-21.3255 0000 91.6830 168
-21.2858 0000 91.6805 184
-21.2460 0000 91.6779 197
-21.2063 0000 91.6754 187
-21.1660 0000 91.6686 146
-21.1181 0000 91.5979 124
-21.0699 0000 91.5251 140
-21.0315 0000 91.5332 153
-20.9968 0000 91.5733 140
-20.9609 0000 91.6027 152
-20.9204 0000 91.5938 157
-20.8802 0000 91.5870 165
-20.8372 0000 91.5568 181
-20.7967 0000 91.5479 175
-20.7565 0000 91.5411 143
-20.7173 0000 91.5429 118
-20.6778 0000 91.5425 101
-20.6408 0000 91.5634 87
-20.6018 0000 91.5673 87
-20.5656 0000 91.5946 89
-20.5251 0000 91.5857 106
-20.4774 0000 91.5150 162
-20.4337 0000 91.4784 194
-20.3911 0000 91.4503 195
-20.3509 0000 91.4436 147
-20.3092 0000 91.4240 141
-20.2675 0000 91.4045 147
-20.2278 0000 91.4020 173
-20.1867 0000 91.3867 210
-20.1462 0000 91.3778 200
-20.1068 0000 91.3774 175
-20.0691 0000 91.3919 122
-20.0328 0000 91.4191 94
-20.0047 0000 91.5188 78
-19.9713 0000 91.5716 91
-19.9320 0000 91.5734 101
-19.8964 0000 91.6071 101
-19.8610 0000 91.6429 101
-19.8208 0000 91.6361 111
-19.7726 0000 91.5590 130
-19.7248 0000 91.4840 172
-19.6803 0000 91.4389 191
-19.6401 0000 91.4321 205
-19.6009 0000 91.4339 242
-19.5621 0000 91.4398 268
-19.5240 0000 91.4522 269
-19.4860 0000 91.4646 263
-19.4489 0000 91.4854 263
-19.4089 0000 91.4808 237
-19.3683 0000 91.4697 222
-19.3267 0000 91.4502 208
-19.2900 0000 91.4753 214
-19.2517 0000 91.4855 226
-19.2127 0000 91.4894 224
-19.1755 0000 91.5102 234
-19.1367 0000 91.5162 211
-19.0988 0000 91.5307 176
-19.0582 0000 91.5197 171
-19.0175 0000 91.5086 172
-18.9750 0000 91.4805 190
-18.9356 0000 91.4801 203
-18.8968 0000 91.4861 193
-18.8607 0000 91.5176 158
-18.8232 0000 91.5363 195
-18.7849 0000 91.5466 262
-18.7474 0000 91.5653 272
-18.7090 0000 91.5756 210
-18.6709 0000 91.5880 183
-18.6300 0000 91.5748 165
-18.5857 0000 91.5296 168
-18.5428 0000 91.4972 150
-18.4993 0000 91.4585 150
-18.4580 0000 91.4410 152
-18.4212 0000 91.4662 129
-18.3846 0000 91.4934 110
-18.3500 0000 91.5399 139
-18.3147 0000 91.5799 155
-18.2763 0000 91.5902 173
-18.2358 0000 91.5812 157
-18.1926 0000 91.5446 135
-18.1515 0000 91.5293 111
-18.1120 0000 91.5288 117
-18.0709 0000 91.5135 167
-18.0307 0000 91.5067 192
-17.9925 0000 91.5191 174
-17.9545 0000 91.5336 169
-17.9206 0000 91.5885 163
-17.8852 0000 91.6286 162
-17.8513 0000 91.6837 161
-17.8135 0000 91.7003 142
-17.7737 0000 91.6978 146
-17.7307 0000 91.6632 210
-17.6885 0000 91.6372 226
-17.6487 0000 91.6347 212
-17.6100 0000 91.6428 183
-17.5707 0000 91.6445 161
-17.5305 0000 91.6377 134
-17.4922 0000 91.6501 133
-17.4532 0000 91.6560 122
-17.4145 0000 91.6642 96
-17.3754 0000 91.6680 93
-17.3358 0000 91.6676 112
-17.2964 0000 91.6693 123
-17.2568 0000 91.6689 125
-17.2175 0000 91.6706 117
-17.1795 0000 91.6873 126
-17.1570 0000 91.8621 89
-17.1298 0000 91.9902 111
-17.0974 0000 92.0648 149
-17.0623 0000 92.1116 176
-17.0247 0000 92.1326 203
-16.9854 0000 92.1365 221
-16.9461 0000 92.1404 241
-16.9064 0000 92.1400 246
-16.8667 0000 92.1396 226
-16.8293 0000 92.1628 207
-16.7863 0000 92.1280 250
-16.7439 0000 92.0997 316
-16.7048 0000 92.1058 330
-16.6674 0000 92.1290 305
-16.6276 0000 92.1286 302
-16.5877 0000 92.1260 284
-16.5486 0000 92.1321 269
-16.5093 0000 92.1360 262
-16.4698 0000 92.1377 254
-16.4324 0000 92.1631 259
-16.3953 0000 92.1906 229
-16.3540 0000 92.1730 224
-16.3121 0000 92.1490 214
-16.2759 0000 92.1873 244
-16.2417 0000 92.2470 227
-16.2027 0000 92.2553 171
-16.1682 0000 92.3129 192
-16.1330 0000 92.3621 293
-16.0938 0000 92.3681 339
-16.0538 0000 92.3656 310
-16.0140 0000 92.3652 262
-15.9748 0000 92.3713 218
-15.9394 0000 92.4204 197
-15.9002 0000 92.4265 198
-15.8602 0000 92.4239 200
-15.8202 0000 92.4214 207
-15.7803 0000 92.4210 217
-15.7405 0000 92.4206 207
-15.6977 0000 92.3857 174
-15.6597 0000 92.4069 171
-15.6199 0000 92.4065 182
-15.5816 0000 92.4233 167
-15.5399 0000 92.4014 152
-15.4995 0000 92.3945 137
-15.4619 0000 92.4200 137
-15.4229 0000 92.4282 138
-15.3884 0000 92.4904 133
-15.3542 0000 92.5548 140
-15.3141 0000 92.5522 139
-15.2740 0000 92.5497 123
-15.2294 0000 92.4931 178
-15.1897 0000 92.4949 313
-15.1498 0000 92.4945 416
-15.1100 0000 92.4941 433
-15.0710 0000 92.5045 400
-15.0323 0000 92.5171 382
-14.9926 0000 92.5188 409
-14.9530 0000 92.5228 460
-14.9146 0000 92.5397 452
-14.8764 0000 92.5587 508
-14.8374 0000 92.5691 483
-14.7984 0000 92.5795 400
-14.7588 0000 92.5834 263
-14.7218 0000 92.6176 163
-14.6831 0000 92.6324 132
-14.6432 0000 92.6320 125
-14.6017 0000 92.6121 133
-14.5619 0000 92.6139 136
-14.5229 0000 92.6243 143
-14.4858 0000 92.6585 141
-14.4492 0000 92.6992 119
-14.4153 0000 92.7746 138
-14.3768 0000 92.7916 173
-14.3393 0000 92.8215 213
-14.2998 0000 92.8276 190
-14.2591 0000 92.8186 132
-14.2164 0000 92.7835 99
-14.1754 0000 92.7701 121
-14.1360 0000 92.7762 186
-14.0967 0000 92.7845 259
-14.0576 0000 92.7949 317
-14.0179 0000 92.7989 302
-13.9790 0000 92.8115 291
-13.9405 0000 92.8306 241
-13.9014 0000 92.8411 191
-13.8624 0000 92.8537 158
-13.8229 0000 92.8598 171
-13.7856 0000 92.8941 189
-13.7464 0000 92.9046 210
-13.7066 0000 92.9063 212
-13.6656 0000 92.8929 203
-13.6238 0000 92.8687 206
-13.5838 0000 92.8683 163
-13.5446 0000 92.8787 137
-13.5065 0000 92.9044 117
-13.4693 0000 92.9409 123
-13.4293 0000 92.9405 154
-13.3883 0000 92.9271 189
-13.3468 0000 92.9071 180
-13.3066 0000 92.9046 179
-13.2661 0000 92.8977 167
-13.2260 0000 92.8951 120
-13.1869 0000 92.9077 101
-13.1499 0000 92.9486 98
-13.1121 0000 92.9786 139
-13.0707 0000 92.9586 134
-13.0305 0000 92.9561 128
-12.9904 0000 92.9557 145
-12.9506 0000 92.9575 172
-12.9101 0000 92.9506 180
-12.8696 0000 92.9436 173
-12.8297 0000 92.9454 150
-12.7897 0000 92.9450 112
-12.7487 0000 92.9316 73
-12.6958 0000 92.7490 69
-12.6527 0000 92.7053 146
-12.6134 0000 92.7135 198
-12.5735 0000 92.7153 181
-12.5398 0000 92.8038 113
-12.5102 0000 92.9531 107
-12.4779 0000 93.0635 129
-12.4374 0000 93.0566 115
-12.3952 0000 93.0258 91
-12.3526 0000 92.9884 93
-12.3109 0000 92.9641 116
-12.2707 0000 92.9616 129
-12.2305 0000 92.9590 129
-12.1905 0000 92.9586 130
-12.1466 0000 92.9017 129
-12.1056 0000 92.8861 169
-12.0653 0000 92.8814 216
-12.0240 0000 92.8615 228
-11.9838 0000 92.8589 233
-11.9451 0000 92.8780 228
-11.9053 0000 92.8819 206
-11.8646 0000 92.8707 245
-11.8240 0000 92.8616 305
-11.7841 0000 92.8634 265
-11.7450 0000 92.8760 176
-11.7072 0000 92.9103 146
-11.6680 0000 92.9229 119
-11.6284 0000 92.9291 94
-11.5880 0000 92.9221 88
-11.5464 0000 92.8979 102
-11.5026 0000 92.8389 135
-11.4618 0000 92.8255 165
-11.4205 0000 92.8055 163
-11.3804 0000 92.8030 147
-11.3399 0000 92.7961 124
-11.2982 0000 92.7675 120
-11.2597 0000 92.7909 105
-11.2202 0000 92.7992 109
-11.1840 0000 92.8595 125
-11.1460 0000 92.8917 136
-11.1026 0000 92.8370 160
-11.0599 0000 92.7933 212
-11.0180 0000 92.7625 242
-10.9778 0000 92.7578 269
-10.9379 0000 92.7595 247
-10.8983 0000 92.7656 191
-10.8595 0000 92.7847 157
-10.8183 0000 92.7648 149
-10.7782 0000 92.7623 155
-10.7370 0000 92.7424 152
-10.6962 0000 92.7290 146
-10.6532 0000 92.6766 133
-10.6124 0000 92.6632 122
-10.5723 0000 92.6607 119
-10.5339 0000 92.6862 112
-10.4940 0000 92.6880 116
-10.4538 0000 92.6833 124
-10.4135 0000 92.6785 130
-10.3735 0000 92.6782 133
-10.3336 0000 92.6778 136
-10.2938 0000 92.6817 140
-10.2540 0000 92.6835 143
-10.2128 0000 92.6614 145
-10.1724 0000 92.6545 123
-10.1319 0000 92.6455 105
-10.0886 0000 92.5845 111
-10.0478 0000 92.5690 143
-10.0075 0000 92.5621 187
-9.9675 0000 92.5617 219
-9.9276 0000 92.5613 215
-9.8876 0000 92.5609 176
-9.8463 0000 92.5368 134
-9.8052 0000 92.5148 132
-9.7675 0000 92.5554 136
-9.7295 0000 92.5918 174
-9.6908 0000 92.6152 174
-9.6496 0000 92.5910 181
-9.6078 0000 92.5560 172
-9.5670 0000 92.5405 190
-9.5256 0000 92.5120 195
-9.4855 0000 92.5095 194
-9.4450 0000 92.4983 202
-9.4034 0000 92.4655 214
-9.3634 0000 92.4630 195
-9.3239 0000 92.4712 193
-9.2847 0000 92.4859 230
-9.2452 0000 92.4942 244
-9.2053 0000 92.4960 209
-9.1651 0000 92.4891 177
-9.1245 0000 92.4757 149
-9.0809 0000 92.4020 116
-9.0352 0000 92.2851 139
-8.9922 0000 92.2223 200
-8.9513 0000 92.2004 265
-8.9117 0000 92.2064 256
-8.8721 0000 92.2104 246
-8.8330 0000 92.2272 214
-8.7948 0000 92.2613 175
-8.7574 0000 92.3126 162
-8.7194 0000 92.3532 141
-8.6794 0000 92.3507 117
-8.6379 0000 92.3158 87
-8.5973 0000 92.3025 60
-8.5558 0000 92.2676 46
0.0000 0000 0.0000 0
0.0000 0000 0.0000 0
0.0000 0000 0.0000 0
-8.3966 0000 92.2747 53
-8.3603 0000 92.3519 88
-8.3204 0000 92.3537 123
-8.2804 0000 92.3512 138
-8.2414 0000 92.3702 139
-8.2034 0000 92.4130 191
-8.1646 0000 92.4385 198
-8.1258 0000 92.4641 194
-8.0866 0000 92.4810 178
-8.0477 0000 92.5044 185
-8.0080 0000 92.5105 209
-7.9683 0000 92.5166 216
-7.9284 0000 92.5184 205
-7.8880 0000 92.5072 200
-7.8476 0000 92.4960 204
-7.8074 0000 92.4892 195
-7.7676 0000 92.4931 175
-7.7279 0000 92.4992 171
-7.6883 0000 92.5075 236
-7.6493 0000 92.5309 331
-7.6091 0000 92.5262 397
-7.5689 0000 92.5194 413
-7.5290 0000 92.5190 404
-7.4891 0000 92.5208 368
-7.4486 0000 92.5075 338
-7.4085 0000 92.5049 256
-7.3683 0000 92.4981 202
-7.3270 0000 92.4632 168
-7.2858 0000 92.4304 167
-7.2459 0000 92.4322 192
-7.2066 0000 92.4470 238
-7.1674 0000 92.4682 233
-7.1275 0000 92.4678 193
-7.0874 0000 92.4653 138
-7.0484 0000 92.4909 115
-7.0086 0000 92.4949 110
-6.9694 0000 92.5161 115
-6.9286 0000 92.4920 151
-6.8884 0000 92.4852 177
-6.8484 0000 92.4826 167
-6.8092 0000 92.5039 146
-6.7694 0000 92.5100 114
-6.7284 0000 92.4794 108
-6.6890 0000 92.4964 148
-6.6490 0000 92.4938 207
-6.6091 0000 92.4978 251
-6.5683 0000 92.4737 262
-6.5282 0000 92.4669 272
-6.4882 0000 92.4665 283
-6.4485 0000 92.4748 283
-6.4097 0000 92.5090 266
-6.3706 0000 92.5346 237
-6.3325 0000 92.5927 238
-6.2928 0000 92.6010 264
-6.2535 0000 92.6223 348
-6.2139 0000 92.6328 464
-6.1738 0000 92.6325 586
-6.1337 0000 92.6278 673
-6.0938 0000 92.6296 687
-6.0541 0000 92.6423 558
-6.0146 0000 92.6571 345
-5.9746 0000 92.6567 244
-5.9353 0000 92.6802 196
-5.8957 0000 92.6951 169
-5.8573 0000 92.7489 182
-5.8173 0000 92.7486 192
-5.7760 0000 92.7049 196
-5.7357 0000 92.6980 206
-5.6955 0000 92.6912 193
-5.6553 0000 92.6822 149
-5.6135 0000 92.6212 108
-5.5712 0000 92.5430 85
-5.5294 0000 92.4778 75
-5.4893 0000 92.4731 74
-5.4497 0000 92.4857 85
-5.4119 0000 92.5654 126
-5.3733 0000 92.6149 190
-5.3334 0000 92.6189 258
-5.2934 0000 92.6185 326
-5.2535 0000 92.6225 361
-5.2137 0000 92.6308 357
-5.1746 0000 92.6652 322
-5.1351 0000 92.6865 263
-5.0954 0000 92.6992 209
-5.0558 0000 92.7162 154
-5.0166 0000 92.7484 135
-4.9775 0000 92.7849 120
-4.9383 0000 92.8193 152
-4.8984 0000 92.8276 190
-4.8584 0000 92.8295 195
-4.8183 0000 92.8270 172
-4.7780 0000 92.8158 175
-4.7372 0000 92.7851 219
-4.6974 0000 92.7978 285
-4.6575 0000 92.8040 264
-4.6176 0000 92.8080 240
-4.5776 0000 92.8120 232
-4.5377 0000 92.8203 210
-4.4983 0000 92.8482 201
-4.4591 0000 92.8870 155
-4.4199 0000 92.9258 139
-4.3799 0000 92.9298 123
-4.3397 0000 92.9251 119
-4.2996 0000 92.9248 127
-4.2596 0000 92.9288 128
-4.2204 0000 92.9719 114
-4.1807 0000 92.9890 109
-4.1412 0000 93.0191 115
-4.1017 0000 93.0493 133
-4.0615 0000 93.0489 149
-4.0213 0000 93.0421 155
-3.9808 0000 93.0200 168
-3.9405 0000 93.0110 165
-3.8999 0000 92.9867 185
-3.8598 0000 92.9842 187
-3.8197 0000 92.9860 165
-3.7791 0000 92.9596 115
-3.7394 0000 92.9788 104
-3.6996 0000 92.9981 119
-3.6601 0000 93.0348 161
-3.6201 0000 93.0388 220
-3.5799 0000 93.0319 231
-3.5400 0000 93.0468 221
-3.5007 0000 93.0944 217
-3.4615 0000 93.1529 205
-3.4225 0000 93.2245 221
-3.3826 0000 93.2417 263
-3.3424 0000 93.2392 245
-3.3021 0000 93.2301 197
-3.2619 0000 93.2254 189
-3.2218 0000 93.2294 182
-3.1822 0000 93.2684 141
-3.1424 0000 93.2943 112
-3.1031 0000 93.3595 117
-3.0631 0000 93.3744 124
-3.0233 0000 93.3981 121
-2.9834 0000 93.4197 93
-2.9432 0000 93.4215 93
-2.9030 0000 93.4212 109
-2.8628 0000 93.4231 119
-2.8224 0000 93.4096 138
-2.7825 0000 93.4312 139
-2.7424 0000 93.4440 136
-2.7025 0000 93.4721 133
-2.6627 0000 93.5024 112
-2.6228 0000 93.5371 112
-2.5829 0000 93.5631 101
-2.5429 0000 93.5868 118
-2.5030 0000 93.6172 121
-2.4628 0000 93.6300 117
-2.4229 0000 93.6626 108
-2.3828 0000 93.6798 109
-2.3432 0000 93.7431 114
-2.3032 0000 93.7757 127
-2.2630 0000 93.7820 138
-2.2227 0000 93.7817 146
-2.1823 0000 93.7791 138
-2.1420 0000 93.7744 131
-2.1017 0000 93.7763 136
-2.0615 0000 93.7803 129
-2.0215 0000 93.8196 109
-1.9816 0000 93.8676 111
-1.9416 0000 93.9156 107
-1.9015 0000 93.9461 111
-1.8612 0000 93.9546 117
-1.8211 0000 93.9829 111
-1.7809 0000 94.0089 117
-1.7406 0000 94.0174 124
-1.7003 0000 94.0259 133
-1.6600 0000 94.0256 131
-1.6196 0000 94.0297 117
-1.5796 0000 94.0822 108
-1.5392 0000 94.0885 106
-1.4989 0000 94.0925 100
-1.4585 0000 94.0988 102
-1.4183 0000 94.1227 102
-1.3779 0000 94.1290 100
-1.3376 0000 94.1375 92
-1.2973 0000 94.1681 91
-1.2570 0000 94.1677 86
-1.2167 0000 94.2071 82
-1.1763 0000 94.2134 85
-1.1360 0000 94.2241 93
-1.0956 0000 94.2348 97
-1.0552 0000 94.2433 103
-1.0149 0000 94.2672 100
-0.9745 0000 94.3000 128
-0.9341 0000 94.3107 155
-0.8937 0000 94.3082 148
-0.8533 0000 94.2968 134
-0.8129 0000 94.2678 123
-0.7725 0000 94.2608 125
-0.7321 0000 94.2472 144
-0.6917 0000 94.2270 201
-0.6513 0000 94.1980 271
-0.6109 0000 94.2175 299
-0.5705 0000 94.2414 348
-0.5301 0000 94.2566 298
-0.4896 0000 94.2849 207
-0.4492 0000 94.2978 180
-0.4088 0000 94.3373 181
-0.3683 0000 94.3369 185
-0.3280 0000 94.2968 176
-0.2876 0000 94.2943 168
-0.2472 0000 94.2895 165
-0.2069 0000 94.2671 170
-0.1664 0000 94.2844 156
-0.1259 0000 94.3128 181
-0.0855 0000 94.3191 202
-0.0451 0000 94.3209 209
-0.0047 0000 94.3184 212
0.0357 0000 94.3202 210
0.0761 0000 94.3243 190
0.1166 0000 94.3284 179
0.1570 0000 94.3347 182
0.1974 0000 94.3366 173
0.2378 0000 94.3296 150
0.2782 0000 94.3270 132
0.3186 0000 94.3245 136
0.3590 0000 94.3219 148
0.3994 0000 94.3194 143
0.4397 0000 94.3124 120
0.4802 0000 94.3143 111
0.5208 0000 94.3427 107
0.5613 0000 94.3622 108
0.6014 0000 94.3221 100
0.6418 0000 94.3240 105
0.6822 0000 94.3192 110
0.7226 0000 94.3166 106
0.7632 0000 94.3406 116
0.8036 0000 94.3403 138
0.8438 0000 94.3200 165
0.8841 0000 94.3109 184
0.9245 0000 94.3039 170
0.9647 0000 94.2881 180
1.0050 0000 94.2789 178
1.0453 0000 94.2698 171
1.0855 0000 94.2495 161
1.1258 0000 94.2426 179
1.1661 0000 94.2334 196
1.2065 0000 94.2309 199
1.2468 0000 94.2305 190
1.2872 0000 94.2258 173
1.3273 0000 94.2034 138
1.3676 0000 94.1986 118
1.4080 0000 94.2005 110
1.4484 0000 94.2002 114
1.4884 0000 94.1756 136
1.5288 0000 94.1730 145
1.5691 0000 94.1727 149
1.6095 0000 94.1767 156
1.6499 0000 94.1764 145
1.6902 0000 94.1695 132
1.7304 0000 94.1647 140
1.7708 0000 94.1644 162
1.8114 0000 94.1795 166
1.8517 0000 94.1747 159
1.8916 0000 94.1479 155
1.9316 0000 94.1211 147
1.9719 0000 94.1164 153
2.0119 0000 94.0940 178
2.0521 0000 94.0893 212
2.0924 0000 94.0867 239
2.1326 0000 94.0754 252
2.1730 0000 94.0817 199
2.2131 0000 94.0637 202
2.2534 0000 94.0634 195
2.2937 0000 94.0608 186
2.3340 0000 94.0605 181
2.3743 0000 94.0580 183
2.4146 0000 94.0554 162
2.4549 0000 94.0573 132
2.4953 0000 94.0570 124
2.5351 0000 94.0302 124
2.5752 0000 94.0167 141
2.6153 0000 94.0075 156
2.6556 0000 94.0050 145
2.6960 0000 94.0090 121
2.7360 0000 93.9933 111
2.7757 0000 93.9600 90
2.8144 0000 93.8805 83
2.8544 0000 93.8691 89
2.8950 0000 93.8820 104
2.9360 0000 93.9168 142
2.9763 0000 93.9187 168
3.0160 0000 93.8898 134
3.0552 0000 93.8367 94
3.0930 0000 93.7244 88
3.1317 0000 93.6517 97
3.1720 0000 93.6535 105
3.2145 0000 93.7563 102
3.2569 0000 93.8504 101
3.2981 0000 93.8919 102
3.3383 0000 93.8893 101
3.3781 0000 93.8670 110
3.4180 0000 93.8491 115
3.4578 0000 93.8290 115
3.4981 0000 93.8330 112
3.5380 0000 93.8151 117
3.5784 0000 93.8214 116
3.6199 0000 93.8694 104
3.6603 0000 93.8735 106
3.7008 0000 93.8841 120
3.7423 0000 93.9300 133
3.7827 0000 93.9341 127
3.8229 0000 93.9315 108
3.8614 0000 93.8630 99
3.8998 0000 93.7880 109
3.9397 0000 93.7745 132
3.9795 0000 93.7566 175
4.0206 0000 93.7892 197
4.0614 0000 93.8087 227
4.1017 0000 93.8105 222
4.1422 0000 93.8190 191
4.1834 0000 93.8516 170
4.2249 0000 93.8953 165
4.2668 0000 93.9499 153
4.3058 0000 93.9056 151
4.3448 0000 93.8591 181
4.3837 0000 93.8126 305
4.4233 0000 93.7903 512
4.4637 0000 93.7922 620
4.5045 0000 93.8117 531
4.5453 0000 93.8289 411
4.5874 0000 93.8901 295
4.6284 0000 93.9118 234
4.6701 0000 93.9577 218
4.7105 0000 93.9596 202
4.7516 0000 93.9857 196
4.7923 0000 93.9964 188
4.8334 0000 94.0225 171
4.8738 0000 94.0243 163
4.9139 0000 94.0174 160
4.9541 0000 94.0127 162
4.9935 0000 93.9859 177
5.0347 0000 94.0120 158
5.0744 0000 93.9941 150
5.1145 0000 93.9872 160
5.1541 0000 93.9649 212
5.1944 0000 93.9645 234
5.2347 0000 93.9642 213
5.2751 0000 93.9661 188
5.3163 0000 93.9922 186
5.3571 0000 94.0051 258
5.3975 0000 94.0070 328
5.4376 0000 94.0023 315
5.4779 0000 94.0019 285
5.5186 0000 94.0126 280
5.5596 0000 94.0322 237
5.6008 0000 94.0539 226
5.6413 0000 94.0602 207
5.6816 0000 94.0599 180
5.7211 0000 94.0375 155
5.7615 0000 94.0372 165
5.8019 0000 94.0391 168
5.8441 0000 94.0895 189
5.8847 0000 94.0958 232
5.9255 0000 94.1087 249
5.9676 0000 94.1547 233
6.0083 0000 94.1632 203
6.0490 0000 94.1717 173
6.0893 0000 94.1714 147
6.1297 0000 94.1711 129
6.1701 0000 94.1730 126
6.2114 0000 94.1970 133
6.2508 0000 94.1724 144
6.2911 0000 94.1721 167
6.3323 0000 94.1916 182
6.3728 0000 94.1957 210
6.4145 0000 94.2285 225
6.4572 0000 94.2856 236
6.4983 0000 94.3030 234
6.5390 0000 94.3093 230
6.5793 0000 94.3090 229
6.6197 0000 94.3087 227
6.6600 0000 94.3062 219
6.6989 0000 94.2728 224
6.7382 0000 94.2482 222
6.7768 0000 94.2081 225
6.8168 0000 94.1990 208
6.8560 0000 94.1744 204
6.8954 0000 94.1521 169
6.9365 0000 94.1694 167
6.9782 0000 94.2000 135
7.0214 0000 94.2638 131
7.0666 0000 94.3717 144
7.1102 0000 94.4422 181
7.1518 0000 94.4685 232
7.1922 0000 94.4682 261
7.2322 0000 94.4613 290
7.2724 0000 94.4565 305
7.3128 0000 94.4562 267
7.3532 0000 94.4559 200
7.3936 0000 94.4557 145
7.4358 0000 94.4952 112
7.4800 0000 94.5747 113
7.5238 0000 94.6453 138
7.5648 0000 94.6561 187
7.6051 0000 94.6536 232
7.6451 0000 94.6444 254
7.6838 0000 94.6087 280
7.7229 0000 94.5818 246
7.7629 0000 94.5748 213
7.8027 0000 94.5612 202
7.8452 0000 94.6031 179
7.8888 0000 94.6671 152
7.9313 0000 94.7090 127
7.9730 0000 94.7331 128
8.0106 0000 94.6773 138
8.0495 0000 94.6460 176
8.0884 0000 94.6169 199
8.1284 0000 94.6077 232
8.1688 0000 94.6074 258
8.2092 0000 94.6071 279
8.2495 0000 94.6046 293
8.2906 0000 94.6176 307
8.3317 0000 94.6307 306
8.3731 0000 94.6503 263
8.4148 0000 94.6745 242
8.4557 0000 94.6830 197
8.4974 0000 94.7072 161
8.5382 0000 94.7135 138
8.5785 0000 94.7110 121
8.6174 0000 94.6819 147
8.6578 0000 94.6816 202
8.6985 0000 94.6858 254
8.7391 0000 94.6899 278
8.7795 0000 94.6897 275
8.8200 0000 94.6894 236
8.8602 0000 94.6869 193
8.9004 0000 94.6822 171
8.9412 0000 94.6885 162
8.9847 0000 94.7438 187
9.0271 0000 94.7768 228
9.0680 0000 94.7854 284
9.1100 0000 94.8118 339
9.1509 0000 94.8204 325
9.1912 0000 94.8179 292
9.2313 0000 94.8110 258
9.2702 0000 94.7840 203
9.3095 0000 94.7638 183
9.3512 0000 94.7857 174
9.3932 0000 94.8121 156
9.4339 0000 94.8163 171
9.4745 0000 94.8182 199
9.5152 0000 94.8224 216
9.5559 0000 94.8266 200
9.5965 0000 94.8285 158
9.6364 0000 94.8194 116
9.6747 0000 94.7835 103
9.7132 0000 94.7522 90
9.7535 0000 94.7497 112
9.7938 0000 94.7472 125
9.8355 0000 94.7669 121
9.8767 0000 94.7800 118
9.9191 0000 94.8108 105
9.9602 0000 94.8217 112
10.0019 0000 94.8414 125
10.0425 0000 94.8434 123
10.0828 0000 94.8409 138
10.1225 0000 94.8295 164
10.1633 0000 94.8337 229
10.2031 0000 94.8245 322
10.2433 0000 94.8198 437
10.2837 0000 94.8196 518
10.3249 0000 94.8304 501
10.3675 0000 94.8635 438
10.4079 0000 94.8632 357
10.4481 0000 94.8585 248
10.4885 0000 94.8583 170
10.5290 0000 94.8580 146
10.5682 0000 94.8399 157
10.6071 0000 94.8152 141
10.6469 0000 94.8061 132
10.6874 0000 94.8058 142
10.7284 0000 94.8145 162
10.7703 0000 94.8364 180
10.8112 0000 94.8428 181
10.8507 0000 94.8292 154
10.8910 0000 94.8268 125
10.9311 0000 94.8221 104
10.9711 0000 94.8151 92
11.0127 0000 94.8326 98
11.0521 0000 94.8168 99
11.0904 0000 94.7855 119
11.1282 0000 94.7475 123
11.1672 0000 94.7272 154
11.2058 0000 94.7003 184
11.2459 0000 94.6956 233
11.2846 0000 94.6710 187
11.3244 0000 94.6618 156
11.3652 0000 94.6682 133
11.4062 0000 94.6769 128
11.4483 0000 94.7010 137
11.4873 0000 94.6808 123
11.5267 0000 94.6672 128
11.5668 0000 94.6625 141
11.6072 0000 94.6623 182
11.6477 0000 94.6642 242
11.6884 0000 94.6684 275
11.7284 0000 94.6637 260
11.7680 0000 94.6524 199
11.8069 0000 94.6321 166
11.8473 0000 94.6319 161
11.8877 0000 94.6316 149
11.9279 0000 94.6291 118
11.9659 0000 94.5979 93
12.0056 0000 94.5887 83
12.0438 0000 94.5597 73
12.0789 0000 94.4886 64
12.1138 0000 94.4153 63
12.1531 0000 94.4018 72
12.1934 0000 94.4015 93
12.2357 0000 94.4278 101
12.2775 0000 94.4474 109
12.3185 0000 94.4560 116
12.3583 0000 94.4491 132
12.3984 0000 94.4467 132
12.4380 0000 94.4376 111
12.4761 0000 94.4086 116
12.5179 0000 94.4282 121
12.5591 0000 94.4390 128
12.6013 0000 94.4631 138
12.6433 0000 94.4849 124
12.6841 0000 94.4913 127
12.7247 0000 94.4955 132
12.7649 0000 94.4930 134
12.8027 0000 94.4618 127
12.8399 0000 94.4217 128
12.8775 0000 94.3883 121
12.9147 0000 94.3483 101
12.9546 0000 94.3436 84
12.9947 0000 94.3411 85
13.0342 0000 94.3320 94
13.0734 0000 94.3185 110
13.1117 0000 94.2940 107
13.1509 0000 94.2805 96
13.1905 0000 94.2736 75
13.2301 0000 94.2645 68
13.2692 0000 94.2510 57
13.2987 0000 94.1185 56
13.3336 0000 94.0543 71
13.3733 0000 94.0475 92
13.4136 0000 94.0494 118
13.4525 0000 94.0338 130
13.4921 0000 94.0269 168
13.5316 0000 94.0179 212
13.5712 0000 94.0110 210
13.6104 0000 93.9998 174
13.6472 0000 93.9599 148
13.6868 0000 93.9531 148
13.7271 0000 93.9550 162
13.7678 0000 93.9614 168
13.8113 0000 94.0007 178
13.8526 0000 94.0136 184
13.8936 0000 94.0244 173
13.9345 0000 94.0329 158
13.9766 0000 94.0547 150
14.0167 0000 94.0544 155
14.0546 0000 94.0278 150
14.0934 0000 94.0121 133
14.1331 0000 94.0074 128
14.1736 0000 94.0116 129
14.2143 0000 94.0179 138
14.2566 0000 94.0419 164
14.2990 0000 94.0680 175
14.3391 0000 94.0678 199
14.3791 0000 94.0653 214
14.4188 0000 94.0606 213
14.4591 0000 94.0626 209
14.4997 0000 94.0667 209
14.5398 0000 94.0665 201
14.5779 0000 94.0442 185
14.6175 0000 94.0373 178
14.6576 0000 94.0371 150
14.6957 0000 94.0148 134
14.7352 0000 94.0080 127
14.7757 0000 94.0121 155
14.8166 0000 94.0206 205
14.8575 0000 94.0292 241
14.8980 0000 94.0333 247
14.9379 0000 94.0308 200
14.9768 0000 94.0174 130
15.0155 0000 94.0017 92
15.0499 0000 93.9399 81
15.0926 0000 93.9682 79
15.1361 0000 94.0053 88
15.1847 0000 94.0975 99
15.2256 0000 94.1060 119
15.2684 0000 94.1343 131
15.3065 0000 94.1121 154
15.3470 0000 94.1162 196
15.3891 0000 94.1379 240
15.4290 0000 94.1355 236
15.4689 0000 94.1330 206
15.5067 0000 94.1085 163
15.5462 0000 94.1017 143
15.5838 0000 94.0750 138
15.6232 0000 94.0681 128
15.6635 0000 94.0700 128
15.7044 0000 94.0786 136
15.7464 0000 94.0981 152
15.7862 0000 94.0956 143
15.8261 0000 94.0932 131
15.8642 0000 94.0731 123
15.9039 0000 94.0684 141
15.9435 0000 94.0638 169
15.9834 0000 94.0613 199
16.0236 0000 94.0632 221
16.0641 0000 94.0673 231
16.1052 0000 94.0781 240
16.1496 0000 94.1218 245
16.1916 0000 94.1413 243
16.2351 0000 94.1763 253
16.2754 0000 94.1782 253
16.3168 0000 94.1911 213
16.3605 0000 94.2283 165
16.4037 0000 94.2589 167
16.4440 0000 94.2608 168
16.4865 0000 94.2848 165
16.5298 0000 94.3176 180
16.5746 0000 94.3636 172
16.6208 0000 94.4252 161
16.6623 0000 94.4381 141
16.7060 0000 94.4732 141
16.7465 0000 94.4773 146
16.7858 0000 94.4682 149
16.8234 0000 94.4436 167
16.8617 0000 94.4257 170
16.9016 0000 94.4232 176
16.9460 0000 94.4649 166
16.9879 0000 94.4822 161
17.0337 0000 94.5372 168
17.0752 0000 94.5502 195
17.1157 0000 94.5543 228
17.1559 0000 94.5540 237
17.1935 0000 94.5294 220
17.2322 0000 94.5159 227
17.2712 0000 94.5045 236
17.3115 0000 94.5065 238
17.3523 0000 94.5128 233
17.3931 0000 94.5191 216
17.4339 0000 94.5255 185
17.4796 0000 94.5783 152
17.5232 0000 94.6112 137
17.5631 0000 94.6087 123
17.6030 0000 94.6061 114
17.6435 0000 94.6103 107
17.6844 0000 94.6166 99
17.7308 0000 94.6761 91
17.7726 0000 94.6913 91
17.8192 0000 94.7508 102
17.8605 0000 94.7616 120
17.9037 0000 94.7901 131
17.9446 0000 94.7965 149
17.9874 0000 94.8206 177
18.0285 0000 94.8292 191
18.0720 0000 94.8599 183
18.1131 0000 94.8685 185
18.1540 0000 94.8749 198
18.1966 0000 94.8968 230
18.2395 0000 94.9209 223
18.2806 0000 94.9295 224
18.3237 0000 94.9559 250
18.3668 0000 94.9822 243
18.4080 0000 94.9908 228
18.4489 0000 94.9972 202
18.4888 0000 94.9947 183
18.5253 0000 94.9611 182
18.5620 0000 94.9297 159
18.5997 0000 94.9071 175
18.6426 0000 94.9313 195
18.6855 0000 94.9554 239
18.7286 0000 94.9818 229
18.7753 0000 95.0393 224
18.8190 0000 95.0701 211
18.8650 0000 95.1210 209
18.9036 0000 95.1074 235
18.9451 0000 95.1182 236
18.9901 0000 95.1602 207
19.0321 0000 95.1755 174
19.0764 0000 95.2109 149
19.1201 0000 95.2418 164
19.1644 0000 95.2772 164
19.2077 0000 95.3037 186
19.2482 0000 95.3056 184
19.2915 0000 95.3321 166
19.3328 0000 95.3407 165
19.3761 0000 95.3672 183
19.4203 0000 95.4004 192
19.4615 0000 95.4091 205
19.5052 0000 95.4378 219
19.5465 0000 95.4465 214
19.5906 0000 95.4797 185
19.6327 0000 95.4951 174
19.6759 0000 95.5194 180
19.7169 0000 95.5258 162
19.7583 0000 95.5345 139
19.8022 0000 95.5655 138
19.8438 0000 95.5764 130
19.8849 0000 95.5828 127
19.9289 0000 95.6139 125
19.9729 0000 95.6449 139
20.0142 0000 95.6536 128
20.0545 0000 95.6533 107
20.0948 0000 95.6530 95
20.1386 0000 95.6819 94
20.1826 0000 95.7130 103
20.2232 0000 95.7149 102
20.2638 0000 95.7169 104
20.3038 0000 95.7144 99
20.3506 0000 95.7679 93
20.3961 0000 95.8102 89
20.4413 0000 95.8503 105
20.4854 0000 95.8815 114
20.5271 0000 95.8924 127
20.5737 0000 95.9438 137
20.6152 0000 95.9525 151
20.6563 0000 95.9589 178
20.6980 0000 95.9699 186
20.7431 0000 96.0078 193
20.7823 0000 95.9985 218
20.8254 0000 96.0207 176
20.8677 0000 96.0362 162
20.9131 0000 96.0764 166
20.9531 0000 96.0738 168
20.9912 0000 96.0556 172
21.0341 0000 96.0755 142
21.0753 0000 96.0820 128
21.1109 0000 96.0435 123
21.1501 0000 96.0342 136
21.1893 0000 96.0249 148
21.2293 0000 96.0224 148
21.2699 0000 96.0243 156
21.3102 0000 96.0240 159
21.3506 0000 96.0238 145
21.3917 0000 96.0302 139
21.4389 0000 96.0839 142
21.4815 0000 96.1016 137
21.5250 0000 96.1261 130
21.5618 0000 96.0988 114
21.6022 0000 96.0985 117
21.6454 0000 96.1207 120
21.6865 0000 96.1272 113
21.7266 0000 96.1246 115
21.7672 0000 96.1266 123
21.8084 0000 96.1331 121
21.8484 0000 96.1305 106
21.8875 0000 96.1213 97
21.9278 0000 96.1210 90
21.9623 0000 96.0757 88
22.0023 0000 96.0732 100
22.0447 0000 96.0887 111
22.0847 0000 96.0861 125
22.1249 0000 96.0859 132
22.1649 0000 96.0833 145
22.2043 0000 96.0763 160
22.2387 0000 96.0311 169
22.2766 0000 96.0129 165
22.3160 0000 96.0059 147
22.3503 0000 95.9607 132
22.3888 0000 95.9470 129
22.4287 0000 95.9444 134
22.4701 0000 95.9532 142
22.5101 0000 95.9506 142
22.5494 0000 95.9436 136
22.5869 0000 95.9232 142
22.6257 0000 95.9117 133
22.6608 0000 95.8733 116
22.6971 0000 95.8440 127
22.7327 0000 95.8101 132
22.7681 0000 95.7740 146
22.8071 0000 95.7648 174
22.8427 0000 95.7310 218
22.8810 0000 95.7173 250
22.9194 0000 95.7036 276
22.9592 0000 95.7011 290
22.9978 0000 95.6897 257
23.0352 0000 95.6693 235
23.0741 0000 95.6601 175
23.1124 0000 95.6465 139
23.1448 0000 95.5904 129
23.1837 0000 95.5812 134
23.2231 0000 95.5765 139
23.2623 0000 95.5695 142
23.3018 0000 95.5648 147
23.3424 0000 95.5690 151
23.3831 0000 95.5732 159
23.4235 0000 95.5752 168
23.4663 0000 95.5951 153
23.4986 0000 95.5390 138
23.5291 0000 95.4696 126
23.5638 0000 95.4315 133
23.5998 0000 95.4023 128
23.6370 0000 95.3820 144
23.6766 0000 95.3795 156
23.7166 0000 95.3793 173
23.7560 0000 95.3746 180
23.7953 0000 95.3699 163
23.8353 0000 95.3696 138
23.8747 0000 95.3649 133
23.9137 0000 95.3580 143
23.9540 0000 95.3600 148
23.9939 0000 95.3598 147
24.0336 0000 95.3573 151
24.0736 0000 95.3571 154
24.1145 0000 95.3635 151
24.1570 0000 95.3811 134
24.1934 0000 95.3564 126
24.2286 0000 95.3227 105
24.2631 0000 95.2847 107
24.2947 0000 95.2266 109
24.3292 0000 95.1886 113
24.3694 0000 95.1906 135
24.4132 0000 95.2170 176
24.4537 0000 95.2212 203
24.4955 0000 95.2343 207
24.5351 0000 95.2319 222
24.5728 0000 95.2161 237
24.6133 0000 95.2203 231
24.6535 0000 95.2223 234
24.6938 0000 95.2243 227
24.7333 0000 95.2218 196
24.7719 0000 95.2127 159
24.8040 0000 95.1591 127
24.8363 0000 95.1078 110
24.8674 0000 95.0477 122
24.9069 0000 95.0452 146
24.9458 0000 95.0384 174
24.9836 0000 95.0248 184
25.0162 0000 94.9758 179
25.0544 0000 94.9645 183
25.0916 0000 94.9466 196
25.1308 0000 94.9419 170
25.1696 0000 94.9351 144
25.2091 0000 94.9326 142
25.2542 0000 94.9678 147
25.2944 0000 94.9698 140
25.3338 0000 94.9674 147
25.3737 0000 94.9671 168
25.4112 0000 94.9514 165
25.4500 0000 94.9445 174
25.4891 0000 94.9399 176
25.5283 0000 94.9352 176
25.5681 0000 94.9350 174
25.6082 0000 94.9370 161
