wt=153565462, DLLFiFo=0
0.0000 0000 0.0000 0
0.0000 0000 0.0000 0
0.0000 0000 0.0000 0
0.0000 0000 0.0000 0
0.0000 0000 0.0000 0
0.0000 0000 0.0000 0
0.0000 0000 0.0000 0
0.0000 0000 0.0000 0
0.0000 0000 0.0000 0
0.0000 0000 0.0000 0
0.0000 0000 0.0000 0
0.0000 0000 0.0000 0
0.0000 0000 0.0000 0
0.0000 0000 0.0000 0
0.0000 0000 0.0000 0
0.0000 0000 0.0000 0
0.0000 0000 0.0000 0
0.0000 0000 0.0000 0
0.0000 0000 0.0000 0
0.0000 0000 0.0000 0
0.0000 0000 0.0000 0
-23.0133 0000 79.8607 39
-22.9773 0000 79.8637 45
-22.9480 0000 79.9129 56
-22.9133 0000 79.9252 65
-22.8799 0000 79.9468 78
-22.8428 0000 79.9425 87
-22.8026 0000 79.9161 102
-22.7620 0000 79.8878 91
-22.7178 0000 79.8338 79
-22.6718 0000 79.7669 91
-22.6284 0000 79.7185 112
-22.5877 0000 79.6885 103
-22.5470 0000 79.6585 100
-22.5142 0000 79.6836 96
-22.4899 0000 79.7695 117
-22.4607 0000 79.8204 156
-22.4242 0000 79.8198 198
-22.3871 0000 79.8155 235
-22.3503 0000 79.8131 264
-22.3137 0000 79.8125 270
-22.2795 0000 79.8285 259
-22.2435 0000 79.8316 206
-22.2069 0000 79.8310 168
-22.1675 0000 79.8102 166
-22.1302 0000 79.8041 177
-22.0928 0000 79.7979 210
-22.0558 0000 79.7937 238
-22.0225 0000 79.8170 268
-21.9857 0000 79.8146 294
-21.9489 0000 79.8122 289
-21.9133 0000 79.8189 274
-21.8768 0000 79.8183 266
-21.8394 0000 79.8122 250
-21.7960 0000 79.7620 217
-21.7541 0000 79.7228 202
-21.7165 0000 79.7149 178
-21.6800 0000 79.7143 164
-21.6399 0000 79.6880 188
-21.5996 0000 79.6598 207
-21.5625 0000 79.6556 217
-21.5257 0000 79.6532 200
-21.4856 0000 79.6269 188
-21.4461 0000 79.6043 211
-21.4095 0000 79.6037 212
-21.3757 0000 79.6233 201
-21.3399 0000 79.6282 218
-21.3040 0000 79.6332 228
-21.2704 0000 79.6546 231
-21.2341 0000 79.6559 214
-21.1967 0000 79.6498 191
-21.1587 0000 79.6382 170
-21.1189 0000 79.6138 149
-21.0784 0000 79.5838 141
-21.0384 0000 79.5576 136
-20.9991 0000 79.5368 137
-20.9628 0000 79.5381 130
-20.9299 0000 79.5650 117
-20.8977 0000 79.5975 119
-20.8625 0000 79.6079 157
-20.8257 0000 79.6055 207
-20.7881 0000 79.5976 229
-20.7508 0000 79.5915 215
-20.7134 0000 79.5854 201
-20.6766 0000 79.5830 192
-20.6397 0000 79.5806 167
-20.6007 0000 79.5617 138
-20.5610 0000 79.5373 141
-20.5235 0000 79.5294 133
-20.4857 0000 79.5196 120
-20.4419 0000 79.4641 129
-20.4037 0000 79.4507 147
-20.3619 0000 79.4098 138
-20.3244 0000 79.4020 117
-20.2821 0000 79.3575 89
-20.2486 0000 79.3807 62
0.0000 0000 0.0000 0
-20.1418 0000 79.1165 61
-20.1053 0000 79.1159 78
-20.0697 0000 79.1226 115
-20.0345 0000 79.1330 185
-19.9980 0000 79.1324 217
-19.9598 0000 79.1191 198
-19.9200 0000 79.0930 169
-19.8869 0000 79.1198 165
-19.8559 0000 79.1630 192
-19.8251 0000 79.2081 190
-19.7885 0000 79.2075 161
-19.7517 0000 79.2051 138
-19.7165 0000 79.2155 149
-19.6760 0000 79.1839 168
-19.6365 0000 79.1596 205
-19.6004 0000 79.1627 212
-19.5647 0000 79.1694 215
-19.5304 0000 79.1871 220
-19.4915 0000 79.1683 275
-19.4547 0000 79.1659 302
-19.4179 0000 79.1635 299
-19.3802 0000 79.1538 272
-19.3405 0000 79.1277 225
-19.3032 0000 79.1216 208
-19.2644 0000 79.1028 199
-19.2274 0000 79.0986 166
-19.1901 0000 79.0926 148
-19.1474 0000 79.0410 148
-19.1097 0000 79.0313 151
-19.0696 0000 79.0016 159
-19.0332 0000 79.0028 156
-18.9976 0000 79.0096 162
-18.9636 0000 79.0309 191
-18.9268 0000 79.0285 238
-18.8902 0000 79.0280 248
-18.8539 0000 79.0292 222
-18.8171 0000 79.0269 190
-18.7807 0000 79.0282 169
-18.7441 0000 79.0276 166
-18.7075 0000 79.0271 170
-18.6709 0000 79.0265 174
-18.6313 0000 79.0004 194
-18.5915 0000 78.9726 205
-18.5534 0000 78.9593 248
-18.5121 0000 78.9187 301
-18.4745 0000 78.9090 338
-18.4373 0000 78.9030 374
-18.4001 0000 78.8970 434
-18.3637 0000 78.8983 471
-18.3273 0000 78.8996 453
-18.2907 0000 78.8990 406
-18.2544 0000 78.9003 361
-18.2193 0000 78.9126 354
-18.1877 0000 78.9557 381
-18.1519 0000 78.9625 417
-18.1162 0000 78.9693 410
-18.0823 0000 78.9924 315
-18.0494 0000 79.0247 259
-18.0202 0000 79.0899 249
-17.9888 0000 79.1350 303
-17.9519 0000 79.1327 335
-17.9146 0000 79.1267 335
-17.8776 0000 79.1225 348
-17.8413 0000 79.1257 350
-17.8051 0000 79.1288 322
-17.7699 0000 79.1411 300
-17.7391 0000 79.1936 312
-17.7037 0000 79.2040 331
-17.6713 0000 79.2419 327
-17.6348 0000 79.2433 298
-17.5989 0000 79.2501 250
-17.5685 0000 79.3063 207
-17.5396 0000 79.3773 200
-17.5087 0000 79.4299 211
-17.4748 0000 79.4551 205
-17.4417 0000 79.4877 183
-17.4117 0000 79.5496 196
-17.3836 0000 79.6281 222
-17.3528 0000 79.6829 277
-17.3168 0000 79.6897 297
-17.2821 0000 79.7095 274
-17.2463 0000 79.7182 217
-17.2150 0000 79.7693 185
-17.1877 0000 79.8573 180
-17.1580 0000 79.9233 216
-17.1251 0000 79.9597 284
-17.0890 0000 79.9666 310
-17.0537 0000 79.9809 248
-17.0140 0000 79.9545 191
-16.9791 0000 79.9725 140
-16.9606 0000 80.1460 136
-16.9346 0000 80.2493 206
-16.8976 0000 80.2488 222
-16.8609 0000 80.2501 267
-16.8243 0000 80.2534 284
-16.7877 0000 80.2566 256
-16.7529 0000 80.2765 226
-16.7186 0000 80.3020 164
-16.6871 0000 80.3535 139
-16.6537 0000 80.3883 141
-16.6202 0000 80.4213 138
-16.5884 0000 80.4710 144
-16.5565 0000 80.5208 147
-16.5202 0000 80.5278 147
-16.4914 0000 80.6074 146
-16.4549 0000 80.6125 157
-16.4177 0000 80.6101 171
-16.3803 0000 80.6059 178
-16.3411 0000 80.5850 197
-16.3050 0000 80.5938 220
-16.2684 0000 80.5970 230
-16.2315 0000 80.5984 205
-16.1997 0000 80.6501 175
-16.1675 0000 80.6981 189
-16.1325 0000 80.7182 187
-16.0954 0000 80.7177 188
-16.0596 0000 80.7303 181
-16.0205 0000 80.7093 133
-15.9808 0000 80.6827 124
-15.9440 0000 80.6841 117
-15.9071 0000 80.6854 104
-15.8722 0000 80.7074 82
-15.8408 0000 80.7647 76
-15.8039 0000 80.7661 77
-15.7663 0000 80.7600 76
-15.7263 0000 80.7297 75
-15.6861 0000 80.6975 79
-15.6443 0000 80.6485 85
-15.6092 0000 80.6685 80
-15.5731 0000 80.6774 82
-15.5356 0000 80.6732 93
-15.4950 0000 80.6354 100
-15.4527 0000 80.5809 121
-15.4150 0000 80.5729 145
-15.3758 0000 80.5501 135
-15.3359 0000 80.5198 128
-15.2983 0000 80.5137 127
-15.2590 0000 80.4891 128
-15.2206 0000 80.4737 147
-15.1802 0000 80.4379 195
-15.1413 0000 80.4170 215
-15.1041 0000 80.4146 224
-15.0674 0000 80.4179 211
-15.0304 0000 80.4174 196
-14.9913 0000 80.3946 194
-14.9543 0000 80.3941 189
-14.9177 0000 80.3973 189
-14.8826 0000 80.4173 218
-14.8440 0000 80.4001 216
-14.8070 0000 80.3996 191
-14.7703 0000 80.4029 164
-14.7332 0000 80.4005 157
-14.6943 0000 80.3796 153
-14.6564 0000 80.3698 137
-14.6188 0000 80.3619 128
-14.5808 0000 80.3503 150
-14.5409 0000 80.3183 175
-14.5034 0000 80.3122 222
-14.4668 0000 80.3154 268
-14.4318 0000 80.3372 312
-14.3958 0000 80.3479 308
-14.3596 0000 80.3567 267
-14.3231 0000 80.3618 207
-14.2906 0000 80.4115 154
-14.2596 0000 80.4798 128
-14.2259 0000 80.5166 141
-14.1923 0000 80.5552 152
-14.1556 0000 80.5585 150
-14.1187 0000 80.5598 142
-14.0815 0000 80.5575 139
-14.0427 0000 80.5365 142
-14.0058 0000 80.5379 152
-13.9685 0000 80.5337 162
-13.9289 0000 80.5034 178
-13.8915 0000 80.4992 207
-13.8556 0000 80.5118 233
-13.8167 0000 80.4890 222
-13.7793 0000 80.4848 181
-13.7387 0000 80.4415 165
-13.7017 0000 80.4410 160
-13.6664 0000 80.4610 153
-13.6291 0000 80.4568 156
-13.5878 0000 80.4061 185
-13.5500 0000 80.3963 239
-13.5115 0000 80.3773 275
-13.4762 0000 80.3972 241
-13.4397 0000 80.4023 220
-13.4027 0000 80.4018 193
-13.3674 0000 80.4218 168
-13.3308 0000 80.4269 143
-13.2946 0000 80.4357 130
-13.2620 0000 80.4892 123
-13.2277 0000 80.5222 127
-13.1922 0000 80.5404 149
-13.1556 0000 80.5455 144
-13.1183 0000 80.5413 147
-13.0791 0000 80.5147 169
-13.0402 0000 80.4900 240
-13.0025 0000 80.4821 262
-12.9634 0000 80.4556 217
-12.9240 0000 80.4253 188
-12.8847 0000 80.3951 128
-12.8447 0000 80.3575 99
-12.8074 0000 80.3533 86
-12.7760 0000 80.4234 85
-12.7438 0000 80.4843 103
-12.7033 0000 80.4392 160
-12.6619 0000 80.3829 257
-12.6215 0000 80.3379 326
-12.5836 0000 80.3262 340
-12.5463 0000 80.3220 337
-12.5093 0000 80.3216 332
-12.4692 0000 80.2802 334
-12.4308 0000 80.2612 354
-12.3920 0000 80.2366 377
-12.3533 0000 80.2138 319
-12.3156 0000 80.2041 323
-12.2770 0000 80.1814 360
-12.2397 0000 80.1772 365
-12.2028 0000 80.1767 327
-12.1657 0000 80.1744 328
-12.1283 0000 80.1683 314
-12.0915 0000 80.1697 285
-12.0595 0000 80.2360 266
-12.0280 0000 80.3098 266
-11.9962 0000 80.3800 267
-11.9618 0000 80.4148 233
-11.9277 0000 80.4534 251
-11.8930 0000 80.4846 310
-11.8571 0000 80.5009 338
-11.8182 0000 80.4744 379
-11.7793 0000 80.4478 362
-11.7434 0000 80.4641 351
-11.7064 0000 80.4637 363
-11.6692 0000 80.4613 372
-11.6322 0000 80.4609 376
-11.5921 0000 80.4176 374
-11.5550 0000 80.4171 377
-11.5180 0000 80.4167 393
-11.4823 0000 80.4348 415
-11.4459 0000 80.4437 399
-11.4109 0000 80.4730 389
-11.3758 0000 80.5005 333
-11.3423 0000 80.5503 314
-11.3089 0000 80.6039 303
-11.2754 0000 80.6557 300
-11.2405 0000 80.6870 297
-11.2057 0000 80.7202 294
-11.1690 0000 80.7253 299
-11.1321 0000 80.7286 319
-11.0951 0000 80.7300 298
-11.0578 0000 80.7277 273
-11.0190 0000 80.7011 263
-10.9814 0000 80.6950 227
-10.9437 0000 80.6853 190
-10.9053 0000 80.6661 175
-10.8677 0000 80.6582 151
-10.8302 0000 80.6522 142
-10.7920 0000 80.6349 139
-10.7551 0000 80.6382 154
-10.7183 0000 80.6415 160
-10.6815 0000 80.6467 147
-10.6468 0000 80.6836 145
-10.6097 0000 80.6831 168
-10.5727 0000 80.6845 185
-10.5356 0000 80.6860 178
-10.5008 0000 80.7210 171
-10.4674 0000 80.7804 194
-10.4312 0000 80.7949 202
-10.3970 0000 80.8413 183
-10.3607 0000 80.8539 164
-10.3248 0000 80.8741 161
-10.2877 0000 80.8755 149
-10.2518 0000 80.8957 120
-10.2164 0000 80.9234 108
-10.1808 0000 80.9492 104
-10.1439 0000 80.9544 112
-10.1072 0000 80.9614 118
-10.0728 0000 81.0079 121
-10.0379 0000 81.0450 116
-10.0027 0000 81.0783 115
-9.9658 0000 81.0835 106
-9.9300 0000 81.1075 110
-9.8924 0000 81.1015 121
-9.8538 0000 81.0785 123
-9.8179 0000 81.1006 124
-9.7809 0000 81.1039 111
-9.7438 0000 81.1054 103
-9.7103 0000 81.1688 132
-9.6762 0000 81.2230 207
-9.6404 0000 81.2489 272
-9.6036 0000 81.2560 332
-9.5663 0000 81.2556 366
-9.5288 0000 81.2514 370
-9.4914 0000 81.2491 340
-9.4555 0000 81.2731 278
-9.4212 0000 81.3254 234
-9.3860 0000 81.3627 200
-9.3492 0000 81.3717 168
-9.3162 0000 81.4486 138
-9.2891 0000 81.6314 131
-9.2592 0000 81.7654 168
-9.2219 0000 81.7669 167
-9.1943 0000 81.9448 138
-9.1717 0000 82.2164 199
-9.1346 0000 82.2236 303
-9.0978 0000 82.2365 330
-9.0597 0000 82.2246 276
-9.0224 0000 82.2280 216
-8.9863 0000 82.2543 180
-8.9505 0000 82.2863 147
-8.9146 0000 82.3164 142
-8.8859 0000 82.4841 130
-8.8543 0000 82.5966 153
-8.8227 0000 82.7111 180
-8.7861 0000 82.7318 213
-8.7488 0000 82.7371 211
-8.7138 0000 82.7886 176
-8.6797 0000 82.8573 130
-8.6499 0000 83.0107 126
-8.6143 0000 83.0507 155
-8.5777 0000 83.0735 170
-8.5400 0000 83.0731 180
-8.5021 0000 83.0707 176
-8.4645 0000 83.0722 161
-8.4281 0000 83.0988 147
-8.3926 0000 83.1428 135
-8.3585 0000 83.2176 107
-8.3265 0000 83.3350 88
-8.2952 0000 83.4681 79
-8.2652 0000 83.6306 95
-8.2329 0000 83.7447 134
-8.1968 0000 83.7832 178
-8.1604 0000 83.8139 179
-8.1237 0000 83.8388 180
-8.0860 0000 83.8443 176
-8.0501 0000 83.8867 195
-8.0138 0000 83.9214 210
-7.9783 0000 83.9736 234
-7.9407 0000 83.9810 242
-7.9025 0000 83.9767 244
-7.8635 0000 83.9530 237
-7.8252 0000 83.9448 243
-7.7860 0000 83.9171 247
-7.7480 0000 83.9148 205
-7.7101 0000 83.9163 158
-7.6724 0000 83.9218 143
-7.6347 0000 83.9253 147
-7.5970 0000 83.9308 157
-7.5600 0000 83.9538 165
-7.5225 0000 83.9631 147
-7.4865 0000 84.0076 137
-7.4489 0000 84.0170 126
-7.4154 0000 84.1220 97
-7.3858 0000 84.3191 92
-7.3498 0000 84.3677 115
-7.3119 0000 84.3713 110
-7.2746 0000 84.3905 91
-7.2366 0000 84.3921 77
-7.1998 0000 84.4211 61
-7.1631 0000 84.4541 47
-7.1251 0000 84.4576 40
-7.0882 0000 84.4847 37
0.0000 0000 0.0000 0
0.0000 0000 0.0000 0
0.0000 0000 0.0000 0
0.0000 0000 0.0000 0
0.0000 0000 0.0000 0
-6.7760 0000 82.3448 34
-6.7381 0000 82.3368 46
-6.6994 0000 82.3059 56
-6.6610 0000 82.2845 57
-6.6234 0000 82.2841 45
-6.5858 0000 82.2837 37
0.0000 0000 0.0000 0
0.0000 0000 0.0000 0
-6.4265 0000 81.0386 47
-6.3890 0000 81.0326 61
-6.3515 0000 81.0247 73
-6.3126 0000 80.9811 76
-6.2752 0000 80.9751 67
-6.2370 0000 80.9503 54
-6.1987 0000 80.9199 40
0.0000 0000 0.0000 0
0.0000 0000 0.0000 0
0.0000 0000 0.0000 0
-6.0317 0000 80.4063 45
-5.9936 0000 80.3761 53
-5.9545 0000 80.3199 54
-5.9153 0000 80.2581 49
-5.8752 0000 80.1704 45
-5.8308 0000 79.9550 48
-5.7879 0000 79.7789 64
-5.7497 0000 79.7415 87
-5.7117 0000 79.7116 127
-5.6740 0000 79.6872 140
-5.6361 0000 79.6573 136
-5.5973 0000 79.5998 134
-5.5584 0000 79.5368 120
-5.5202 0000 79.4977 100
-5.4818 0000 79.4495 71
-5.4425 0000 79.3719 60
-5.3968 0000 79.0908 75
-5.3581 0000 79.0319 124
-5.3206 0000 79.0077 162
-5.2837 0000 79.0037 171
-5.2467 0000 78.9960 158
-5.2084 0000 78.9444 144
-5.1699 0000 78.8874 138
-5.1323 0000 78.8560 142
-5.0948 0000 78.8300 133
-5.0575 0000 78.8096 145
-5.0206 0000 78.8056 153
-4.9837 0000 78.7997 152
-4.9470 0000 78.7993 134
-4.9101 0000 78.7935 111
-4.8720 0000 78.7439 98
-4.8344 0000 78.7107 88
-4.7969 0000 78.6812 89
-4.7594 0000 78.6535 81
-4.7212 0000 78.5967 77
-4.6834 0000 78.5563 73
-4.6444 0000 78.4669 70
-4.6059 0000 78.3975 77
-4.5684 0000 78.3627 88
-4.5311 0000 78.3369 111
-4.4943 0000 78.3293 141
-4.4572 0000 78.3090 145
-4.4202 0000 78.2942 150
-4.3825 0000 78.2503 158
-4.3458 0000 78.2445 162
-4.3090 0000 78.2387 162
-4.2717 0000 78.2094 162
-4.2345 0000 78.1819 185
-4.1978 0000 78.1761 204
-4.1607 0000 78.1540 213
-4.1236 0000 78.1320 250
-4.0870 0000 78.1280 259
-4.0504 0000 78.1276 232
-4.0139 0000 78.1291 201
-3.9774 0000 78.1306 190
-3.9410 0000 78.1410 202
-3.9038 0000 78.1100 197
-3.8670 0000 78.1006 190
-3.8303 0000 78.0912 189
-3.7931 0000 78.0583 189
-3.7564 0000 78.0525 169
-3.7197 0000 78.0468 132
-3.6832 0000 78.0464 101
-3.6465 0000 78.0407 90
-3.6093 0000 78.0042 102
-3.5722 0000 77.9750 113
-3.5348 0000 77.9296 128
-3.4975 0000 77.8914 141
-3.4606 0000 77.8658 166
-3.4241 0000 77.8654 155
-3.3876 0000 77.8651 142
-3.3507 0000 77.8413 124
-3.3140 0000 77.8320 113
-3.2770 0000 77.8029 119
-3.2400 0000 77.7701 119
-3.2031 0000 77.7446 152
-3.1667 0000 77.7479 183
-3.1302 0000 77.7493 204
-3.0936 0000 77.7400 226
-3.0567 0000 77.7091 221
-3.0193 0000 77.6549 204
-2.9820 0000 77.5971 175
-2.9447 0000 77.5393 156
-2.9075 0000 77.4888 147
-2.8706 0000 77.4526 156
-2.8337 0000 77.4147 160
-2.7965 0000 77.3624 192
-2.7595 0000 77.3174 241
-2.7230 0000 77.3063 283
-2.6866 0000 77.3006 299
-2.6499 0000 77.2735 290
-2.6132 0000 77.2428 312
-2.5765 0000 77.2175 300
-2.5398 0000 77.1868 306
-2.5032 0000 77.1597 276
-2.4665 0000 77.1273 263
-2.4295 0000 77.0717 247
-2.3923 0000 76.9948 255
-2.3557 0000 76.9642 306
-2.3192 0000 76.9425 346
-2.2830 0000 76.9404 390
-2.2469 0000 76.9614 393
-2.2107 0000 76.9647 412
-2.1747 0000 76.9893 414
-2.1385 0000 76.9943 416
-2.1022 0000 76.9940 397
-2.0659 0000 76.9919 377
-2.0294 0000 76.9667 391
-1.9931 0000 76.9575 412
-1.9566 0000 76.9358 415
-1.9207 0000 76.9764 416
-1.8845 0000 76.9850 399
-1.8487 0000 77.0381 383
-1.8124 0000 77.0467 364
-1.7765 0000 77.0928 339
-1.7402 0000 77.0996 317
-1.7040 0000 77.1046 283
-1.6677 0000 77.1061 241
-1.6314 0000 77.1022 199
-1.5949 0000 77.0787 166
-1.5586 0000 77.0802 138
-1.5225 0000 77.1067 124
-1.4863 0000 77.1260 115
-1.4498 0000 77.0972 126
-1.4134 0000 77.0648 128
-1.3769 0000 77.0324 145
-1.3406 0000 77.0107 158
-1.3043 0000 77.0086 168
-1.2679 0000 76.9941 166
-1.2316 0000 76.9813 154
-1.1951 0000 76.9080 151
-1.1587 0000 76.8739 167
-1.1225 0000 76.8665 167
-1.0861 0000 76.8449 167
-1.0499 0000 76.8428 191
-1.0137 0000 76.8639 210
-0.9775 0000 76.8636 230
-0.9412 0000 76.8633 245
-0.9050 0000 76.8701 249
-0.8687 0000 76.8947 252
-0.8325 0000 76.8926 239
-0.7962 0000 76.8835 226
-0.7599 0000 76.8405 207
-0.7237 0000 76.8349 178
-0.6874 0000 76.8310 148
-0.6512 0000 76.8272 130
-0.6150 0000 76.7860 122
-0.5787 0000 76.7822 115
-0.5425 0000 76.7766 110
-0.5063 0000 76.7745 119
-0.4700 0000 76.7760 132
-0.4338 0000 76.7793 140
-0.3976 0000 76.7808 142
-0.3613 0000 76.8053 135
-0.3250 0000 76.8371 151
-0.2886 0000 76.8795 168
-0.2523 0000 76.8827 181
-0.2161 0000 76.8860 182
-0.1798 0000 76.8893 174
-0.1435 0000 76.8872 166
-0.1073 0000 76.8816 156
-0.0712 0000 76.8369 152
-0.0350 0000 76.8241 168
0.0011 0000 76.7830 188
0.0373 0000 76.7738 192
0.0735 0000 76.7647 175
0.1096 0000 76.7395 139
0.1457 0000 76.7126 120
0.1819 0000 76.7105 101
0.2183 0000 76.7387 95
0.2545 0000 76.7420 94
0.2907 0000 76.7399 93
0.3270 0000 76.7450 89
0.3633 0000 76.7500 90
0.3995 0000 76.7462 98
0.4357 0000 76.7388 110
0.4717 0000 76.7101 118
0.5077 0000 76.6779 141
0.5437 0000 76.6510 146
0.5797 0000 76.6241 163
0.6157 0000 76.5937 157
0.6516 0000 76.5633 171
0.6874 0000 76.5187 181
0.7233 0000 76.4848 183
0.7590 0000 76.4332 201
0.7949 0000 76.4029 200
0.8308 0000 76.3761 202
0.8668 0000 76.3617 185
0.9024 0000 76.3084 165
0.9380 0000 76.2551 142
0.9737 0000 76.2213 131
1.0093 0000 76.1752 123
1.0454 0000 76.1732 117
1.0816 0000 76.1764 106
1.1182 0000 76.2238 100
1.1544 0000 76.2306 107
1.1906 0000 76.2338 117
1.2267 0000 76.2300 123
1.2626 0000 76.2192 130
1.2987 0000 76.2136 140
1.3348 0000 76.2151 146
1.3709 0000 76.2113 146
1.4067 0000 76.1846 139
1.4424 0000 76.1561 152
1.4782 0000 76.1365 129
1.5140 0000 76.1133 113
1.5499 0000 76.1042 100
1.5852 0000 76.0511 105
1.6211 0000 76.0385 126
1.6566 0000 76.0013 152
1.6923 0000 75.9729 170
1.7281 0000 75.9568 200
1.7636 0000 75.9249 226
1.7997 0000 75.9247 236
1.8357 0000 75.9244 223
1.8717 0000 75.9224 199
1.9077 0000 75.9151 179
1.9435 0000 75.9026 158
1.9787 0000 75.8549 145
2.0138 0000 75.8037 152
2.0495 0000 75.7859 163
2.0848 0000 75.7454 169
2.1207 0000 75.7416 170
2.1567 0000 75.7396 168
2.1927 0000 75.7376 155
2.2286 0000 75.7356 139
2.2646 0000 75.7336 130
2.3002 0000 75.7141 139
2.3357 0000 75.6875 154
2.3715 0000 75.6785 190
2.4074 0000 75.6783 211
2.4434 0000 75.6763 215
2.4793 0000 75.6726 220
2.5152 0000 75.6706 215
2.5511 0000 75.6668 205
2.5866 0000 75.6438 215
2.6221 0000 75.6191 194
2.6578 0000 75.6101 183
2.6937 0000 75.6081 173
2.7299 0000 75.6149 161
2.7661 0000 75.6269 154
2.8022 0000 75.6319 160
2.8381 0000 75.6282 172
2.8739 0000 75.6227 180
2.9098 0000 75.6207 172
2.9458 0000 75.6188 159
2.9817 0000 75.6168 155
3.0176 0000 75.6166 155
3.0536 0000 75.6146 150
3.0896 0000 75.6179 144
3.1257 0000 75.6229 142
3.1617 0000 75.6262 144
3.1978 0000 75.6295 149
3.2343 0000 75.6485 161
3.2704 0000 75.6535 155
3.3068 0000 75.6726 142
3.3429 0000 75.6741 148
3.3788 0000 75.6739 156
3.4148 0000 75.6737 158
3.4506 0000 75.6682 153
3.4865 0000 75.6645 139
3.5225 0000 75.6661 116
3.5580 0000 75.6501 98
3.5939 0000 75.6481 80
3.6298 0000 75.6444 71
3.6650 0000 75.6197 71
3.7001 0000 75.5915 69
3.7345 0000 75.5389 79
3.7701 0000 75.5282 99
3.8058 0000 75.5210 113
3.8406 0000 75.4841 118
3.8764 0000 75.4787 117
3.9121 0000 75.4733 105
3.9473 0000 75.4504 107
3.9825 0000 75.4257 97
4.0180 0000 75.4151 91
4.0524 0000 75.3695 90
4.0881 0000 75.3624 91
4.1233 0000 75.3413 96
4.1590 0000 75.3359 94
4.1941 0000 75.3130 82
4.2290 0000 75.2850 80
4.2640 0000 75.2569 73
4.2987 0000 75.2254 78
4.3336 0000 75.1974 83
4.3689 0000 75.1798 96
4.4046 0000 75.1779 97
4.4410 0000 75.1934 95
4.4768 0000 75.1932 105
4.5120 0000 75.1739 118
4.5478 0000 75.1720 104
4.5835 0000 75.1701 92
4.6192 0000 75.1647 96
4.6543 0000 75.1454 100
4.6898 0000 75.1365 114
4.7241 0000 75.0964 129
4.7593 0000 75.0789 149
4.7935 0000 75.0370 167
4.8288 0000 75.0247 173
4.8638 0000 75.0037 155
4.8988 0000 74.9827 148
4.9343 0000 74.9756 130
4.9698 0000 74.9685 110
5.0039 0000 74.9233 92
5.0392 0000 74.9127 81
5.0731 0000 74.8641 73
5.1078 0000 74.8379 65
5.1443 0000 74.8585 57
5.1802 0000 74.8601 50
0.0000 0000 0.0000 0
5.2549 0000 74.9412 47
5.2908 0000 74.9428 59
5.3263 0000 74.9374 67
5.3603 0000 74.8939 78
5.3960 0000 74.8920 83
5.4317 0000 74.8902 84
5.4671 0000 74.8831 85
5.5017 0000 74.8552 80
5.5363 0000 74.8291 84
5.5718 0000 74.8220 84
5.6074 0000 74.8201 85
5.6435 0000 74.8269 85
5.6804 0000 74.8544 82
5.7164 0000 74.8594 89
5.7523 0000 74.8627 96
5.7889 0000 74.8834 100
5.8253 0000 74.8988 125
5.8604 0000 74.8830 139
5.8962 0000 74.8829 170
5.9321 0000 74.8862 213
5.9687 0000 74.9051 274
6.0053 0000 74.9240 272
6.0411 0000 74.9256 266
6.0762 0000 74.9098 269
6.1119 0000 74.9097 250
6.1477 0000 74.9095 222
6.1833 0000 74.9076 202
6.2190 0000 74.9057 196
6.2548 0000 74.9056 186
6.2907 0000 74.9089 170
6.3263 0000 74.9070 162
6.3618 0000 74.8999 163
6.3967 0000 74.8824 154
6.4326 0000 74.8857 149
6.4684 0000 74.8873 148
6.5042 0000 74.8871 147
6.5408 0000 74.9060 147
6.5776 0000 74.9267 135
6.6134 0000 74.9282 131
6.6489 0000 74.9229 129
6.6822 0000 74.8725 128
6.7168 0000 74.8498 133
6.7525 0000 74.8497 145
6.7883 0000 74.8495 165
6.8241 0000 74.8511 171
6.8588 0000 74.8302 163
6.8945 0000 74.8300 174
6.9313 0000 74.8507 186
6.9671 0000 74.8522 183
7.0026 0000 74.8486 185
7.0374 0000 74.8294 173
7.0727 0000 74.8206 179
7.1078 0000 74.8101 189
7.1434 0000 74.8065 189
7.1772 0000 74.7700 183
7.2125 0000 74.7629 176
7.2469 0000 74.7386 168
7.2814 0000 74.7160 139
7.3170 0000 74.7124 138
7.3516 0000 74.6932 163
7.3870 0000 74.6879 186
7.4225 0000 74.6843 196
7.4583 0000 74.6859 182
7.4940 0000 74.6857 159
7.5296 0000 74.6838 149
7.5650 0000 74.6802 148
7.6006 0000 74.6784 152
7.6351 0000 74.6558 154
7.6705 0000 74.6522 159
7.7062 0000 74.6520 156
7.7421 0000 74.6553 148
7.7803 0000 74.7018 141
7.8164 0000 74.7086 143
7.8523 0000 74.7119 148
7.8879 0000 74.7100 150
7.9234 0000 74.7082 142
7.9591 0000 74.7080 128
7.9949 0000 74.7096 120
8.0303 0000 74.7060 117
8.0659 0000 74.7041 117
8.1016 0000 74.7040 122
8.1370 0000 74.7004 125
8.1713 0000 74.6778 136
8.2068 0000 74.6742 134
8.2412 0000 74.6534 116
8.2753 0000 74.6273 109
8.3106 0000 74.6220 92
8.3461 0000 74.6184 76
8.3800 0000 74.5907 71
8.4108 0000 74.5113 67
8.4417 0000 74.4337 76
8.4756 0000 74.4060 79
8.5108 0000 74.3990 87
8.5464 0000 74.3989 90
8.5821 0000 74.4022 88
8.6178 0000 74.4038 92
8.6534 0000 74.4036 103
8.6889 0000 74.4035 110
8.7243 0000 74.4000 115
8.7594 0000 74.3930 127
8.7937 0000 74.3722 132
8.8279 0000 74.3515 137
8.8631 0000 74.3462 118
8.8958 0000 74.3014 101
8.9292 0000 74.2686 88
8.9623 0000 74.2308 93
8.9945 0000 74.1792 106
9.0284 0000 74.1551 113
9.0621 0000 74.1276 126
9.0971 0000 74.1206 127
9.1309 0000 74.0948 118
9.1632 0000 74.0468 121
9.1966 0000 74.0159 146
9.2303 0000 73.9901 159
9.2641 0000 73.9644 189
9.2978 0000 73.9387 183
9.3317 0000 73.9164 194
9.3665 0000 73.9077 194
9.4000 0000 73.8786 183
9.4335 0000 73.8512 192
9.4684 0000 73.8443 187
9.5036 0000 73.8408 179
9.5360 0000 73.7981 172
9.5693 0000 73.7673 167
9.6027 0000 73.7400 181
9.6363 0000 73.7144 173
9.6697 0000 73.6870 177
9.7033 0000 73.6614 167
9.7366 0000 73.6324 162
9.7679 0000 73.5763 171
9.8012 0000 73.5473 190
9.8333 0000 73.5031 207
9.8680 0000 73.4945 234
9.9013 0000 73.4673 285
9.9349 0000 73.4435 296
9.9683 0000 73.4180 311
10.0017 0000 73.3925 266
10.0363 0000 73.3823 237
10.0697 0000 73.3568 228
10.1050 0000 73.3585 220
10.1403 0000 73.3584 220
10.1738 0000 73.3346 214
10.2085 0000 73.3278 222
10.2418 0000 73.3024 240
10.2754 0000 73.2803 239
10.3101 0000 73.2735 252
10.3416 0000 73.2244 272
10.3730 0000 73.1737 282
10.4073 0000 73.1618 284
10.4392 0000 73.1178 288
10.4739 0000 73.1127 290
10.5092 0000 73.1144 273
10.5448 0000 73.1194 239
10.5839 0000 73.1700 211
10.6193 0000 73.1733 193
10.6565 0000 73.1986 185
10.6917 0000 73.1985 183
10.7249 0000 73.1732 200
10.7558 0000 73.1191 209
10.7869 0000 73.0668 240
10.8215 0000 73.0600 279
10.8528 0000 73.0110 296
10.8857 0000 72.9824 274
10.9224 0000 73.0025 254
10.9575 0000 73.0025 228
10.9908 0000 72.9789 217
11.0284 0000 73.0091 211
11.0655 0000 73.0344 210
11.1005 0000 73.0326 199
11.1339 0000 73.0107 189
11.1711 0000 73.0359 171
11.2064 0000 73.0376 173
11.2397 0000 73.0156 192
11.2746 0000 73.0122 192
11.3096 0000 73.0105 188
11.3447 0000 73.0105 196
11.3777 0000 72.9851 202
11.4124 0000 72.9801 213
11.4455 0000 72.9548 222
11.4783 0000 72.9278 246
11.5130 0000 72.9227 253
11.5460 0000 72.8974 235
11.5811 0000 72.8974 219
11.6164 0000 72.8990 205
11.6554 0000 72.9461 200
11.6888 0000 72.9259 197
11.7218 0000 72.9006 207
11.7568 0000 72.8989 215
11.7922 0000 72.9022 211
11.8271 0000 72.9005 203
11.8621 0000 72.8988 206
11.8972 0000 72.8987 208
11.9320 0000 72.8953 202
11.9669 0000 72.8936 187
12.0020 0000 72.8936 170
12.0374 0000 72.8969 138
12.0749 0000 72.9238 126
12.1101 0000 72.9254 133
12.1473 0000 72.9489 151
12.1826 0000 72.9506 189
12.2162 0000 72.9337 213
12.2512 0000 72.9320 232
12.2857 0000 72.9252 246
12.3205 0000 72.9218 245
12.3538 0000 72.9016 212
12.3865 0000 72.8746 202
12.4186 0000 72.8410 191
12.4512 0000 72.8140 217
12.4845 0000 72.7938 225
12.5197 0000 72.7955 240
12.5551 0000 72.7988 249
12.5916 0000 72.8139 275
12.6247 0000 72.7920 273
12.6574 0000 72.7667 302
12.6919 0000 72.7600 325
12.7247 0000 72.7348 341
12.7594 0000 72.7314 356
12.7943 0000 72.7296 362
12.8275 0000 72.7095 339
12.8604 0000 72.6859 330
12.8942 0000 72.6725 308
12.9249 0000 72.6255 300
12.9574 0000 72.5986 316
12.9904 0000 72.5768 301
13.0230 0000 72.5499 339
13.0572 0000 72.5415 334
13.0919 0000 72.5381 282
13.1269 0000 72.5381 219
13.1620 0000 72.5380 174
13.1973 0000 72.5413 154
13.2325 0000 72.5430 154
13.2677 0000 72.5446 164
13.3029 0000 72.5462 178
13.3377 0000 72.5445 190
13.3728 0000 72.5445 197
13.4079 0000 72.5461 199
13.4428 0000 72.5444 197
13.4774 0000 72.5393 201
13.5086 0000 72.5008 206
13.5428 0000 72.4923 202
13.5774 0000 72.4873 199
13.6086 0000 72.4488 198
13.6433 0000 72.4454 197
13.6778 0000 72.4403 200
13.7100 0000 72.4118 197
13.7395 0000 72.3567 211
13.7695 0000 72.3065 225
13.8000 0000 72.2614 235
13.8345 0000 72.2564 250
13.8671 0000 72.2330 274
13.9000 0000 72.2130 268
13.9345 0000 72.2079 267
13.9693 0000 72.2062 267
14.0040 0000 72.2045 267
14.0386 0000 72.2011 257
14.0734 0000 72.1994 244
14.1078 0000 72.1944 239
14.1402 0000 72.1693 249
14.1729 0000 72.1477 234
14.2053 0000 72.1226 233
14.2376 0000 72.0976 226
14.2717 0000 72.0893 232
14.3042 0000 72.0660 241
14.3372 0000 72.0476 236
14.3742 0000 72.0675 235
14.4089 0000 72.0658 234
14.4440 0000 72.0675 227
14.4815 0000 72.0924 216
14.5169 0000 72.0974 194
14.5542 0000 72.1206 191
14.5890 0000 72.1189 190
14.6216 0000 72.0973 181
14.6558 0000 72.0906 181
14.6856 0000 72.0423 189
14.7199 0000 72.0373 201
14.7544 0000 72.0340 210
14.7870 0000 72.0123 228
14.8198 0000 71.9924 226
14.8541 0000 71.9874 230
14.8886 0000 71.9840 230
14.9229 0000 71.9790 230
14.9556 0000 71.9591 229
14.9908 0000 71.9624 202
15.0288 0000 71.9906 173
15.0665 0000 72.0172 169
15.1012 0000 72.0155 172
15.1333 0000 71.9906 178
15.1678 0000 71.9872 189
15.2019 0000 71.9806 197
15.2320 0000 71.9374 201
15.2661 0000 71.9308 202
15.3006 0000 71.9274 196
15.3354 0000 71.9274 188
15.3708 0000 71.9324 173
15.4060 0000 71.9357 154
15.4434 0000 71.9590 142
15.4781 0000 71.9573 135
15.5125 0000 71.9540 135
15.5427 0000 71.9125 135
15.5770 0000 71.9076 139
15.6108 0000 71.8993 146
15.6410 0000 71.8578 148
15.6756 0000 71.8562 137
15.7126 0000 71.8761 120
15.7505 0000 71.9027 120
15.7911 0000 71.9541 121
15.8313 0000 72.0006 118
15.8668 0000 72.0073 117
15.9019 0000 72.0090 121
15.9369 0000 72.0107 122
15.9717 0000 72.0107 118
16.0063 0000 72.0091 114
16.0388 0000 71.9891 118
16.0731 0000 71.9842 116
16.1050 0000 71.9593 105
16.1369 0000 71.9344 101
16.1715 0000 71.9328 100
16.2063 0000 71.9328 101
16.2413 0000 71.9345 102
16.2786 0000 71.9561 98
16.3132 0000 71.9545 100
16.3478 0000 71.9529 106
16.3781 0000 71.9148 108
16.4125 0000 71.9115 104
16.4494 0000 71.9298 107
16.4814 0000 71.9066 107
16.5156 0000 71.9017 111
16.5476 0000 71.8785 106
16.5790 0000 71.8504 114
16.6104 0000 71.8222 120
16.6423 0000 71.7991 144
16.6768 0000 71.7975 161
16.7116 0000 71.7975 177
16.7465 0000 71.7993 199
16.7794 0000 71.7844 202
16.8144 0000 71.7861 202
16.8497 0000 71.7911 202
16.8838 0000 71.7862 204
16.9177 0000 71.7797 218
16.9520 0000 71.7764 237
16.9865 0000 71.7748 238
17.0196 0000 71.7616 251
17.0537 0000 71.7567 251
17.0878 0000 71.7518 230
17.1221 0000 71.7486 185
17.1566 0000 71.7470 138
17.1913 0000 71.7471 103
17.2233 0000 71.7256 88
17.2543 0000 71.6959 80
17.2888 0000 71.6944 81
17.3236 0000 71.6961 83
17.3610 0000 71.7177 85
17.3986 0000 71.7409 80
17.4332 0000 71.7410 87
17.4675 0000 71.7377 99
17.4995 0000 71.7163 101
17.5312 0000 71.6932 105
17.5627 0000 71.6685 97
17.5940 0000 71.6421 103
17.6255 0000 71.6174 101
17.6570 0000 71.5928 106
17.6908 0000 71.5862 106
17.7200 0000 71.5434 108
17.7535 0000 71.5352 108
17.7879 0000 71.5337 104
17.8225 0000 71.5338 97
17.8569 0000 71.5322 92
17.8883 0000 71.5075 93
17.9225 0000 71.5043 89
17.9520 0000 71.4648 81
17.9859 0000 71.4600 77
18.0073 0000 71.3579 81
18.0357 0000 71.3103 97
18.0670 0000 71.2857 118
18.0985 0000 71.2628 143
18.1324 0000 71.2580 164
18.1659 0000 71.2498 177
18.1997 0000 71.2450 193
18.2345 0000 71.2467 212
18.2694 0000 71.2501 215
18.3044 0000 71.2535 190
18.3415 0000 71.2733 168
18.3769 0000 71.2800 144
18.4140 0000 71.2998 122
18.4507 0000 71.3164 126
18.4854 0000 71.3181 123
18.5232 0000 71.3429 107
18.5591 0000 71.3529 94
18.6004 0000 71.4040 86
18.6391 0000 71.4354 85
18.6745 0000 71.4421 81
18.7086 0000 71.4389 75
18.7394 0000 71.4110 70
18.7699 0000 71.3815 65
18.7976 0000 71.3305 71
18.8252 0000 71.2796 85
18.8561 0000 71.2534 109
18.8873 0000 71.2289 108
18.9160 0000 71.1863 106
18.9487 0000 71.1733 108
18.9795 0000 71.1471 115
19.0104 0000 71.1209 104
19.0391 0000 71.0784 102
19.0717 0000 71.0654 102
19.0998 0000 71.0196 101
19.1277 0000 70.9722 97
19.1606 0000 70.9609 97
19.1918 0000 70.9381 106
19.2228 0000 70.9137 102
19.2509 0000 70.8680 105
19.2837 0000 70.8567 115
19.3124 0000 70.8159 139
19.3463 0000 70.8128 167
19.3777 0000 70.7917 178
19.4106 0000 70.7820 193
19.4443 0000 70.7772 201
19.4736 0000 70.7414 213
19.5075 0000 70.7383 227
19.5411 0000 70.7335 230
19.5743 0000 70.7255 229
19.6024 0000 70.6816 231
19.6266 0000 70.6100 233
19.6526 0000 70.5516 257
19.6815 0000 70.5143 302
19.7151 0000 70.5096 335
19.7473 0000 70.4951 325
19.7811 0000 70.4920 315
19.8130 0000 70.4759 316
19.8479 0000 70.4809 312
19.8849 0000 70.5005 314
19.9168 0000 70.4844 335
19.9506 0000 70.4813 312
19.9811 0000 70.4555 284
20.0113 0000 70.4280 282
20.0406 0000 70.3941 246
20.0701 0000 70.3618 234
20.0977 0000 70.3166 224
20.1281 0000 70.2908 225
20.1581 0000 70.2618 222
20.1856 0000 70.2166 228
20.2188 0000 70.2103 234
20.2494 0000 70.1862 252
20.2798 0000 70.1605 253
20.3106 0000 70.1380 277
20.3416 0000 70.1172 264
20.3748 0000 70.1109 254
20.4051 0000 70.0852 256
20.4361 0000 70.0644 240
20.4699 0000 70.0629 232
20.5004 0000 70.0389 224
20.5312 0000 70.0165 232
20.5648 0000 70.0134 224
20.5945 0000 69.9846 222
20.6248 0000 69.9589 221
20.6584 0000 69.9559 226
20.6922 0000 69.9545 227
20.7229 0000 69.9321 219
20.7526 0000 69.9033 216
20.7789 0000 69.8519 210
20.8134 0000 69.8553 203
20.8440 0000 69.8330 198
20.8662 0000 69.7543 193
20.8963 0000 69.7288 198
20.9544 0000 69.8883 214
21.0037 0000 69.9901 242
21.0383 0000 69.9935 242
21.0797 0000 70.0421 240
21.1133 0000 70.0390 251
21.1468 0000 70.0360 262
21.1801 0000 70.0314 282
21.2105 0000 70.0073 295
21.2443 0000 70.0059 258
21.2784 0000 70.0061 233
21.3127 0000 70.0079 220
21.3507 0000 70.0339 193
21.3857 0000 70.0406 168
21.4233 0000 70.0634 153
21.4616 0000 70.0910 139
21.5071 0000 70.1655 130
21.5492 0000 70.2175 128
21.5954 0000 70.2953 124
21.6300 0000 70.2988 125
21.6715 0000 70.3459 138
21.7056 0000 70.3461 155
21.7400 0000 70.3479 159
21.7856 0000 70.4210 138
21.8284 0000 70.4763 128
