wt=153248868, DLLFiFo=0
-22.3803 0000 70.5335 187
-22.3452 0000 70.5280 179
-22.3035 0000 70.4785 177
-22.2617 0000 70.4274 191
-22.2232 0000 70.3991 235
-22.1854 0000 70.3756 261
-22.1477 0000 70.3522 294
-22.1152 0000 70.3646 282
-22.0805 0000 70.3623 267
-22.0468 0000 70.3665 250
-22.0164 0000 70.3935 257
-21.9824 0000 70.3961 278
-21.9471 0000 70.3889 297
-21.9089 0000 70.3623 319
-21.8740 0000 70.3584 290
-21.8398 0000 70.3594 245
-21.8056 0000 70.3603 217
-21.7714 0000 70.3613 206
-21.7372 0000 70.3623 200
-21.7063 0000 70.3860 202
-21.6742 0000 70.4016 236
-21.6461 0000 70.4448 277
-21.6142 0000 70.4620 314
-21.5800 0000 70.4630 300
-21.5451 0000 70.4591 261
-21.5097 0000 70.4519 200
-21.4730 0000 70.4350 161
-21.4388 0000 70.4360 137
-21.4048 0000 70.4386 121
-21.3736 0000 70.4606 128
-21.3396 0000 70.4632 148
-21.3047 0000 70.4593 204
-21.2672 0000 70.4376 247
-21.2319 0000 70.4304 278
-21.1938 0000 70.4038 288
-21.1584 0000 70.3967 320
-21.1221 0000 70.3830 369
-21.0902 0000 70.4002 379
-21.0532 0000 70.3817 402
-21.0177 0000 70.3730 361
-20.9832 0000 70.3723 293
-20.9495 0000 70.3765 222
-20.9214 0000 70.4213 181
-20.8881 0000 70.4288 181
-20.8536 0000 70.4281 196
-20.8187 0000 70.4242 197
-20.7838 0000 70.4203 185
-20.7464 0000 70.3986 182
-20.7109 0000 70.3898 184
-20.6701 0000 70.3438 190
-20.6350 0000 70.3383 202
-20.6001 0000 70.3344 232
-20.5630 0000 70.3144 258
-20.5258 0000 70.2943 303
-20.4905 0000 70.2872 300
-20.4532 0000 70.2655 260
-20.4221 0000 70.2891 229
-20.3919 0000 70.3193 237
-20.3630 0000 70.3591 274
-20.3288 0000 70.3601 331
-20.2941 0000 70.3578 367
-20.2597 0000 70.3572 356
-20.2252 0000 70.3565 322
-20.1908 0000 70.3559 288
-20.1567 0000 70.3585 252
-20.1229 0000 70.3627 214
-20.0920 0000 70.3879 195
-20.0643 0000 70.4375 189
-20.0303 0000 70.4401 189
-20.0013 0000 70.4800 190
-19.9675 0000 70.4842 190
-19.9336 0000 70.4885 180
-19.9015 0000 70.5057 158
-19.8701 0000 70.5277 149
-19.8397 0000 70.5579 127
-19.8089 0000 70.5849 118
-19.7715 0000 70.5631 106
-19.7340 0000 70.5398 98
-19.7025 0000 70.5619 95
-19.6712 0000 70.5856 95
-19.6397 0000 70.6077 100
-19.6080 0000 70.6282 119
-19.5709 0000 70.6080 140
-19.5329 0000 70.5814 186
-19.4973 0000 70.5727 206
-19.4600 0000 70.5509 201
-19.4227 0000 70.5292 230
-19.3876 0000 70.5237 233
-19.3503 0000 70.5020 209
-19.3143 0000 70.4900 202
-19.2735 0000 70.4407 193
-19.2303 0000 70.3736 204
-19.1948 0000 70.3649 215
-19.1607 0000 70.3675 228
-19.1273 0000 70.3750 255
-19.0951 0000 70.3922 270
-19.0606 0000 70.3916 284
-19.0261 0000 70.3909 290
-18.9914 0000 70.3887 292
-18.9544 0000 70.3686 297
-18.9191 0000 70.3615 282
-18.8835 0000 70.3528 284
-18.8491 0000 70.3522 290
-18.8152 0000 70.3564 284
-18.7790 0000 70.3428 262
-18.7441 0000 70.3390 262
-18.7099 0000 70.3400 253
-18.6776 0000 70.3572 234
-18.6427 0000 70.3533 228
-18.6060 0000 70.3349 240
-18.5721 0000 70.3391 258
-18.5398 0000 70.3563 307
-18.5049 0000 70.3525 351
-18.4706 0000 70.3535 392
-18.4385 0000 70.3723 379
-18.4054 0000 70.3830 373
-18.3735 0000 70.4035 375
-18.3392 0000 70.4045 360
-18.3043 0000 70.4006 358
-18.2673 0000 70.3806 334
-18.2314 0000 70.3686 373
-18.1941 0000 70.3453 439
-18.1580 0000 70.3318 392
-18.1261 0000 70.3522 345
-18.0938 0000 70.3694 382
-18.0594 0000 70.3704 425
-18.0251 0000 70.3715 408
-17.9902 0000 70.3676 333
-17.9533 0000 70.3476 278
-17.9186 0000 70.3453 221
-17.8866 0000 70.3658 163
-17.8529 0000 70.3717 135
-17.8211 0000 70.3938 130
-17.7868 0000 70.3948 129
-17.7526 0000 70.3975 130
-17.7206 0000 70.4179 130
-17.6859 0000 70.4157 134
-17.6490 0000 70.3957 144
-17.6145 0000 70.3951 166
-17.5774 0000 70.3734 202
-17.5425 0000 70.3696 248
-17.5086 0000 70.3739 262
-17.4765 0000 70.3943 241
-17.4425 0000 70.3986 227
-17.4108 0000 70.4224 224
-17.3770 0000 70.4283 215
-17.3427 0000 70.4293 210
-17.3077 0000 70.4255 219
-17.2728 0000 70.4217 238
-17.2381 0000 70.4195 257
-17.2033 0000 70.4172 273
-17.1688 0000 70.4167 265
-17.1361 0000 70.4323 250
-17.1023 0000 70.4382 219
-17.0681 0000 70.4409 195
-17.0333 0000 70.4387 191
-16.9982 0000 70.4333 197
-16.9612 0000 70.4116 188
-16.9259 0000 70.4045 193
-16.8897 0000 70.3894 217
-16.8530 0000 70.3693 229
-16.8175 0000 70.3606 254
-16.7822 0000 70.3536 252
-16.7435 0000 70.3157 225
-16.7071 0000 70.2990 209
-16.6695 0000 70.2709 198
-16.6346 0000 70.2671 191
-16.5999 0000 70.2649 178
-16.5682 0000 70.2902 153
-16.5409 0000 70.3545 128
-16.5158 0000 70.4399 120
-16.4776 0000 70.4069 133
-16.4388 0000 70.3674 151
-16.4014 0000 70.3409 170
-16.3671 0000 70.3436 186
-16.3349 0000 70.3641 211
-16.3008 0000 70.3684 230
-16.2721 0000 70.4214 217
-16.2410 0000 70.4533 203
-16.2087 0000 70.4739 189
-16.1743 0000 70.4749 156
-16.1415 0000 70.4906 151
-16.1046 0000 70.4690 164
-16.0693 0000 70.4619 196
-16.0347 0000 70.4614 227
-15.9988 0000 70.4494 243
-15.9662 0000 70.4668 257
-15.9312 0000 70.4630 276
-15.8914 0000 70.4137 298
-15.8532 0000 70.3791 324
-15.8165 0000 70.3591 296
-15.7801 0000 70.3407 285
-15.7457 0000 70.3418 273
-15.7116 0000 70.3461 267
-15.6767 0000 70.3423 246
-15.6414 0000 70.3353 212
-15.6066 0000 70.3332 179
-15.5700 0000 70.3132 174
-15.5349 0000 70.3078 175
-15.4978 0000 70.2829 159
-15.4611 0000 70.2613 151
-15.4266 0000 70.2624 134
-15.3944 0000 70.2846 115
-15.3650 0000 70.3343 105
-15.3329 0000 70.3581 105
-15.2949 0000 70.3251 119
-15.2557 0000 70.2792 137
-15.2206 0000 70.2738 150
-15.1840 0000 70.2539 165
-15.1513 0000 70.2712 180
-15.1170 0000 70.2739 187
-15.0827 0000 70.2766 165
-15.0483 0000 70.2777 136
-15.0130 0000 70.2707 116
-14.9731 0000 70.2167 106
-14.9330 0000 70.1612 106
-14.8962 0000 70.1380 116
-14.8618 0000 70.1391 133
-14.8270 0000 70.1370 161
-14.7904 0000 70.1154 180
-14.7530 0000 70.0858 186
-14.7154 0000 70.0546 203
-14.6770 0000 70.0153 208
-14.6423 0000 70.0132 209
-14.6073 0000 70.0078 208
-14.5686 0000 69.9653 205
-14.5336 0000 69.9599 200
-14.4993 0000 69.9610 203
-14.4650 0000 69.9637 227
-14.4305 0000 69.9632 264
-14.3953 0000 69.9562 300
-14.3599 0000 69.9460 325
-14.3216 0000 69.9068 332
-14.2869 0000 69.9047 331
-14.2526 0000 69.9058 326
-14.2185 0000 69.9101 331
-14.1872 0000 69.9435 346
-14.1528 0000 69.9446 332
-14.1189 0000 69.9505 291
-14.0851 0000 69.9580 257
-14.0527 0000 69.9801 241
-14.0183 0000 69.9812 240
-13.9852 0000 69.9968 219
-13.9489 0000 69.9770 200
-13.9161 0000 69.9958 169
-13.8816 0000 69.9953 131
-13.8475 0000 69.9996 113
-13.8159 0000 70.0314 126
-13.7830 0000 70.0487 144
-13.7444 0000 70.0045 163
-13.7086 0000 69.9895 176
-13.6702 0000 69.9470 171
-13.6353 0000 69.9433 166
-13.6026 0000 69.9621 181
-13.5707 0000 69.9907 186
-13.5368 0000 69.9982 201
-13.5026 0000 70.0009 213
-13.4696 0000 70.0182 235
-13.4351 0000 70.0177 231
-13.4005 0000 70.0172 206
-13.3660 0000 70.0166 172
-13.3296 0000 69.9951 147
-13.2942 0000 69.9849 161
-13.2553 0000 69.9360 202
-13.2185 0000 69.9096 265
-13.1836 0000 69.9043 305
-13.1492 0000 69.9054 324
-13.1150 0000 69.9081 321
-13.0805 0000 69.9076 306
-13.0443 0000 69.8877 266
-13.0096 0000 69.8856 236
-12.9769 0000 69.9060 215
-12.9445 0000 69.9297 216
-12.9105 0000 69.9356 207
-12.8797 0000 69.9787 197
-12.8456 0000 69.9830 187
-12.8112 0000 69.9841 192
-12.7764 0000 69.9804 203
-12.7416 0000 69.9766 202
-12.7070 0000 69.9745 200
-12.6707 0000 69.9530 205
-12.6359 0000 69.9492 199
-12.6012 0000 69.9471 202
-12.5652 0000 69.9288 197
-12.5306 0000 69.9267 188
-12.4980 0000 69.9488 173
-12.4679 0000 70.0016 171
-12.4353 0000 70.0253 180
-12.4007 0000 70.0231 183
-12.3664 0000 70.0259 176
-12.3323 0000 70.0302 175
-12.2979 0000 70.0313 180
-12.2635 0000 70.0324 180
-12.2292 0000 70.0351 174
-12.1947 0000 70.0346 160
-12.1617 0000 70.0534 149
-12.1275 0000 70.0562 140
-12.0947 0000 70.0783 131
-12.0637 0000 70.1214 132
-12.0297 0000 70.1274 147
-11.9949 0000 70.1236 177
-11.9566 0000 70.0762 203
-11.9214 0000 70.0676 202
-11.8868 0000 70.0654 184
-11.8525 0000 70.0682 182
-11.8187 0000 70.0773 214
-11.7875 0000 70.1189 264
-11.7535 0000 70.1265 279
-11.7209 0000 70.1502 250
-11.6883 0000 70.1756 249
-11.6522 0000 70.1540 238
-11.6171 0000 70.1470 221
-11.5824 0000 70.1449 192
-11.5500 0000 70.1719 179
-11.5188 0000 70.2151 178
-11.4842 0000 70.2146 191
-11.4496 0000 70.2141 211
-11.4150 0000 70.2119 217
-11.3805 0000 70.2130 214
-11.3428 0000 70.1704 222
-11.3076 0000 70.1618 227
-11.2730 0000 70.1596 219
-11.2371 0000 70.1413 213
-11.2023 0000 70.1376 227
-11.1675 0000 70.1338 235
-11.1330 0000 70.1333 228
-11.0986 0000 70.1344 217
-11.0641 0000 70.1355 217
-11.0308 0000 70.1512 234
-10.9966 0000 70.1555 241
-10.9626 0000 70.1631 234
-10.9297 0000 70.1853 209
-10.8954 0000 70.1880 183
-10.8627 0000 70.2134 160
-10.8303 0000 70.2437 142
-10.7977 0000 70.2707 141
-10.7631 0000 70.2702 147
-10.7281 0000 70.2632 167
-10.6917 0000 70.2368 186
-10.6551 0000 70.2071 217
-10.6186 0000 70.1790 217
-10.5822 0000 70.1526 219
-10.5463 0000 70.1327 206
-10.5118 0000 70.1322 203
-10.4762 0000 70.1155 204
-10.4444 0000 70.1555 212
-10.4101 0000 70.1582 235
-10.3750 0000 70.1496 268
-10.3378 0000 70.1103 290
-10.3026 0000 70.1001 296
-10.2675 0000 70.0915 295
-10.2316 0000 70.0699 297
-10.1959 0000 70.0517 265
-10.1628 0000 70.0738 241
-10.1298 0000 70.0959 228
-10.0938 0000 70.0728 202
-10.0577 0000 70.0480 193
-10.0246 0000 70.0702 189
-9.9916 0000 70.0923 202
-9.9572 0000 70.0951 219
-9.9229 0000 70.0978 245
-9.8886 0000 70.1006 274
-9.8564 0000 70.1373 289
-9.8221 0000 70.1400 305
-9.7876 0000 70.1412 323
-9.7532 0000 70.1423 329
-9.7186 0000 70.1418 339
-9.6840 0000 70.1397 351
-9.6492 0000 70.1360 335
-9.6147 0000 70.1355 299
-9.5790 0000 70.1172 274
-9.5445 0000 70.1167 235
-9.5098 0000 70.1146 212
-9.4753 0000 70.1141 210
-9.4423 0000 70.1395 219
-9.4093 0000 70.1650 214
-9.3777 0000 70.2131 214
-9.3436 0000 70.2207 215
-9.3106 0000 70.2462 225
-9.2787 0000 70.2911 242
-9.2470 0000 70.3393 268
-9.2125 0000 70.3405 359
-9.1778 0000 70.3384 476
-9.1422 0000 70.3200 565
-9.1073 0000 70.3147 533
-9.0726 0000 70.3126 438
-9.0390 0000 70.3300 310
-9.0061 0000 70.3588 231
-8.9750 0000 70.4200 196
-8.9436 0000 70.4765 171
-8.9105 0000 70.5021 149
-8.8771 0000 70.5244 132
-8.8455 0000 70.5777 127
-8.8125 0000 70.6082 123
-8.7817 0000 70.6763 120
-8.7486 0000 70.7052 122
-8.7178 0000 70.7750 114
-8.6873 0000 70.8514 112
-8.6541 0000 70.8788 125
-8.6202 0000 70.8947 149
-8.5871 0000 70.9237 153
-8.5530 0000 70.9364 153
-8.5180 0000 70.9310 159
-8.4802 0000 70.8749 184
-8.4436 0000 70.8401 231
-8.4065 0000 70.7955 256
-8.3706 0000 70.7722 279
-8.3348 0000 70.7521 280
-8.2999 0000 70.7484 323
-8.2662 0000 70.7676 328
-8.2333 0000 70.8015 341
-8.2001 0000 70.8321 292
-8.1668 0000 70.8595 245
-8.1324 0000 70.8656 197
-8.1000 0000 70.9110 175
-8.0653 0000 70.9139 180
-8.0305 0000 70.9118 212
-7.9956 0000 70.9097 259
-7.9609 0000 70.9109 302
-7.9264 0000 70.9154 311
-7.8916 0000 70.9134 280
-7.8555 0000 70.8867 228
-7.8202 0000 70.8765 197
-7.7851 0000 70.8695 170
-7.7503 0000 70.8675 154
-7.7134 0000 70.8229 151
-7.6771 0000 70.7897 158
-7.6388 0000 70.7157 173
-7.6015 0000 70.6614 185
-7.5652 0000 70.6284 217
-7.5305 0000 70.6279 230
-7.4961 0000 70.6341 231
-7.4630 0000 70.6696 244
-7.4286 0000 70.6757 254
-7.3943 0000 70.6851 248
-7.3607 0000 70.7092 227
-7.3272 0000 70.7349 214
-7.2926 0000 70.7378 179
-7.2577 0000 70.7341 147
-7.2209 0000 70.6895 123
-7.1852 0000 70.6663 109
-7.1512 0000 70.6838 104
-7.1166 0000 70.6851 104
-7.0841 0000 70.7353 121
-7.0505 0000 70.7627 148
-7.0158 0000 70.7639 165
-6.9810 0000 70.7619 178
-6.9467 0000 70.7713 194
-6.9139 0000 70.8167 212
-6.8800 0000 70.8376 232
-6.8454 0000 70.8405 232
-6.8106 0000 70.8417 241
-6.7759 0000 70.8413 247
-6.7417 0000 70.8557 222
-6.7071 0000 70.8602 197
-6.6724 0000 70.8631 173
-6.6387 0000 70.8889 167
-6.6040 0000 70.8917 170
-6.5690 0000 70.8848 172
-6.5329 0000 70.8516 182
-6.4967 0000 70.8185 240
-6.4612 0000 70.7985 279
-6.4272 0000 70.8177 314
-6.3935 0000 70.8468 301
-6.3607 0000 70.8972 300
-6.3265 0000 70.9116 308
-6.2919 0000 70.9161 307
-6.2576 0000 70.9305 315
-6.2220 0000 70.9104 304
-6.1871 0000 70.9067 306
-6.1523 0000 70.9063 305
-6.1175 0000 70.9076 306
-6.0827 0000 70.9088 292
-6.0481 0000 70.9134 261
-6.0149 0000 70.9556 233
-5.9803 0000 70.9618 219
-5.9464 0000 70.9877 224
-5.9124 0000 71.0103 208
-5.8775 0000 71.0082 189
-5.8410 0000 70.9619 175
-5.8060 0000 70.9582 176
-5.7721 0000 70.9841 192
-5.7374 0000 70.9886 186
-5.7031 0000 71.0030 173
-5.6675 0000 70.9830 133
-5.6317 0000 70.9547 118
-5.5952 0000 70.9068 111
-5.5598 0000 70.8900 111
-5.5239 0000 70.8552 103
-5.4888 0000 70.8466 87
-5.4537 0000 70.8381 72
-5.4180 0000 70.8131 64
-5.3817 0000 70.7669 55
-5.3460 0000 70.7387 51
-5.3095 0000 70.6877 50
-5.2739 0000 70.6611 49
-5.2359 0000 70.5595 47
-5.1976 0000 70.4499 50
-5.1613 0000 70.3990 56
-5.1258 0000 70.3726 59
-5.0887 0000 70.2974 63
-5.0523 0000 70.2402 72
-5.0158 0000 70.1813 85
-4.9788 0000 70.1031 110
-4.9428 0000 70.0589 138
-4.9080 0000 70.0521 159
-4.8727 0000 70.0323 170
-4.8380 0000 70.0287 192
-4.8027 0000 70.0073 198
-4.7668 0000 69.9616 208
-4.7308 0000 69.9110 218
-4.6959 0000 69.9010 238
-4.6600 0000 69.8554 261
-4.6252 0000 69.8486 266
-4.5899 0000 69.8224 256
-4.5546 0000 69.7946 279
-4.5188 0000 69.7506 320
-4.4842 0000 69.7487 361
-4.4495 0000 69.7451 380
-4.4143 0000 69.7189 376
-4.3790 0000 69.6896 397
-4.3443 0000 69.6860 389
-4.3098 0000 69.6889 342
-4.2754 0000 69.6918 312
-4.2413 0000 69.7124 330
-4.2069 0000 69.7185 325
-4.1725 0000 69.7214 314
-4.1378 0000 69.7195 311
-4.1032 0000 69.7176 297
-4.0687 0000 69.7188 278
-4.0345 0000 69.7346 291
-3.9991 0000 69.6972 308
-3.9645 0000 69.6937 336
-3.9298 0000 69.6869 369
-3.8951 0000 69.6818 386
-3.8606 0000 69.6847 340
-3.8267 0000 69.7134 266
-3.7938 0000 69.7889 233
-3.7594 0000 69.7950 228
-3.7252 0000 69.8140 236
-3.6902 0000 69.7911 223
-3.6556 0000 69.7892 220
-3.6210 0000 69.7873 199
-3.5864 0000 69.7870 180
-3.5523 0000 69.8125 164
-3.5188 0000 69.8622 169
-3.4846 0000 69.8861 183
-3.4501 0000 69.8858 201
-3.4146 0000 69.8403 214
-3.3800 0000 69.8400 208
-3.3455 0000 69.8429 194
-3.3110 0000 69.8475 189
-3.2765 0000 69.8488 183
-3.2423 0000 69.8695 186
-3.2075 0000 69.8611 209
-3.1729 0000 69.8559 237
-3.1383 0000 69.8556 244
-3.1037 0000 69.8569 230
-3.0692 0000 69.8615 199
-3.0350 0000 69.8822 173
-3.0004 0000 69.8819 139
-2.9658 0000 69.8784 112
-2.9305 0000 69.8329 104
-2.8955 0000 69.8084 119
-2.8609 0000 69.8016 129
-2.8258 0000 69.7626 124
-2.7911 0000 69.7559 111
-2.7565 0000 69.7524 103
-2.7217 0000 69.7312 104
-2.6870 0000 69.7228 126
-2.6522 0000 69.7016 143
-2.6176 0000 69.6981 171
-2.5831 0000 69.6978 207
-2.5486 0000 69.6975 234
-2.5143 0000 69.7166 213
-2.4799 0000 69.7292 180
-2.4459 0000 69.7724 157
-2.4114 0000 69.7802 146
-2.3772 0000 69.8057 145
-2.3427 0000 69.8087 147
-2.3083 0000 69.8277 144
-2.2740 0000 69.8500 147
-2.2395 0000 69.8546 146
-2.2049 0000 69.8527 147
-2.1703 0000 69.8508 142
-2.1356 0000 69.8296 137
-2.1010 0000 69.8293 147
-2.0664 0000 69.8274 158
-2.0317 0000 69.8029 170
-1.9969 0000 69.7769 162
-1.9619 0000 69.7266 156
-1.9269 0000 69.6652 160
-1.8920 0000 69.6167 176
-1.8576 0000 69.6373 196
-1.8231 0000 69.6370 214
-1.7886 0000 69.6368 244
-1.7541 0000 69.6381 262
-1.7196 0000 69.6395 256
-1.6849 0000 69.6054 241
-1.6502 0000 69.5746 214
-1.6155 0000 69.5406 208
-1.5807 0000 69.4906 215
-1.5462 0000 69.4790 226
-1.5115 0000 69.4371 222
-1.4768 0000 69.3951 200
-1.4422 0000 69.3644 175
-1.4078 0000 69.3625 167
-1.3734 0000 69.3847 161
-1.3390 0000 69.3812 151
-1.3045 0000 69.3793 147
-1.2702 0000 69.4031 148
-1.2358 0000 69.4365 137
-1.2015 0000 69.4844 136
-1.1671 0000 69.4809 149
-1.1325 0000 69.4341 181
-1.0979 0000 69.4082 205
-1.0634 0000 69.3855 232
-1.0289 0000 69.3580 232
-0.9944 0000 69.3097 233
-0.9599 0000 69.2822 245
-0.9255 0000 69.2595 289
-0.8911 0000 69.2576 316
-0.8567 0000 69.2574 325
-0.8223 0000 69.2763 333
-0.7878 0000 69.2792 311
-0.7534 0000 69.2806 295
-0.7190 0000 69.2819 273
-0.6846 0000 69.2832 239
-0.6502 0000 69.3022 216
-0.6157 0000 69.3243 177
-0.5813 0000 69.3465 160
-0.5469 0000 69.3510 145
-0.5124 0000 69.3523 141
-0.4780 0000 69.3489 160
-0.4436 0000 69.3021 201
-0.4093 0000 69.2763 231
-0.3749 0000 69.2664 261
-0.3405 0000 69.2405 291
-0.3062 0000 69.1986 296
-0.2719 0000 69.1712 288
-0.2377 0000 69.1022 302
-0.2035 0000 69.0508 346
-0.1692 0000 69.0378 399
-0.1350 0000 68.9897 447
-0.1007 0000 68.9846 461
-0.0664 0000 68.9827 444
-0.0320 0000 68.9840 428
0.0024 0000 68.9886 403
0.0368 0000 68.9947 360
0.0712 0000 69.0167 345
0.1056 0000 69.0164 338
0.1399 0000 69.0162 328
0.1743 0000 69.0111 311
0.2083 0000 68.9662 271
0.2427 0000 68.9643 228
0.2769 0000 68.9417 200
0.3114 0000 68.9637 184
0.3459 0000 68.9858 178
0.0000 0000 0.0000 0
0.0000 0000 0.0000 0
0.0000 0000 0.0000 0
0.4839 0000 69.0613 164
0.5186 0000 69.1089 168
0.5530 0000 69.1103 167
0.5874 0000 69.1116 175
0.6218 0000 69.1113 179
0.6562 0000 69.1110 177
0.6901 0000 69.0628 185
0.7244 0000 69.0610 199
0.7588 0000 69.0639 209
0.7934 0000 69.0860 218
0.8281 0000 69.1097 204
0.8624 0000 69.1078 191
0.8965 0000 69.0836 175
0.9304 0000 69.0386 151
0.9642 0000 68.9840 138
0.9980 0000 68.9375 141
1.0323 0000 68.9324 150
1.0666 0000 68.9290 157
1.1007 0000 68.9080 161
1.1347 0000 68.8838 141
1.1685 0000 68.8358 132
1.2026 0000 68.8212 135
1.2365 0000 68.7922 165
1.2706 0000 68.7729 190
1.3048 0000 68.7694 202
1.3391 0000 68.7676 197
1.3735 0000 68.7752 192
1.4085 0000 68.8195 204
1.4428 0000 68.8240 225
1.4772 0000 68.8237 254
1.5115 0000 68.8235 278
1.5457 0000 68.8200 295
1.5803 0000 68.8389 292
1.6148 0000 68.8450 288
1.6491 0000 68.8463 279
1.6834 0000 68.8444 273
1.7177 0000 68.8441 266
1.7520 0000 68.8455 270
1.7860 0000 68.8245 283
1.8199 0000 68.7988 323
1.8541 0000 68.7905 347
1.8880 0000 68.7696 360
1.9223 0000 68.7709 377
1.9570 0000 68.7897 390
1.9910 0000 68.7736 350
2.0257 0000 68.7940 314
2.0601 0000 68.7985 292
2.0944 0000 68.8014 272
2.1287 0000 68.8011 257
2.1635 0000 68.8264 251
2.1983 0000 68.8484 237
2.2340 0000 68.9166 204
2.2694 0000 68.9722 199
2.3047 0000 69.0166 214
2.3391 0000 69.0212 225
2.3736 0000 69.0273 222
2.4080 0000 69.0302 210
2.4428 0000 69.0507 198
2.4772 0000 69.0521 186
2.5117 0000 69.0550 188
2.5465 0000 69.0739 207
2.5808 0000 69.0737 203
2.6148 0000 69.0542 230
2.6490 0000 69.0492 242
2.6833 0000 69.0473 243
2.7177 0000 69.0455 245
2.7520 0000 69.0452 247
2.7863 0000 69.0434 240
2.8207 0000 69.0447 221
2.8557 0000 69.0684 180
2.8906 0000 69.0922 158
2.9252 0000 69.0983 136
2.9601 0000 69.1220 122
2.9946 0000 69.1266 109
3.0284 0000 69.1024 100
3.0621 0000 69.0749 97
3.0964 0000 69.0731 95
3.1320 0000 69.1224 102
3.1670 0000 69.1429 114
3.2014 0000 69.1443 120
3.2345 0000 69.0977 131
3.2667 0000 69.0160 170
3.2994 0000 68.9567 226
3.3325 0000 68.9118 269
3.3674 0000 68.9307 295
3.4019 0000 68.9384 281
3.4374 0000 68.9797 258
3.4726 0000 69.0098 231
3.5078 0000 69.0383 222
3.5423 0000 69.0428 200
3.5772 0000 69.0634 169
3.6101 0000 69.0120 160
3.6443 0000 69.0070 161
3.6786 0000 69.0068 162
3.7129 0000 69.0066 168
3.7473 0000 69.0079 185
3.7809 0000 68.9838 216
3.8151 0000 68.9788 240
3.8495 0000 68.9801 248
3.8837 0000 68.9767 255
3.9165 0000 68.9286 274
3.9505 0000 68.9189 293
3.9836 0000 68.8788 297
4.0177 0000 68.8738 295
4.0521 0000 68.8752 288
4.0873 0000 68.9036 275
4.1226 0000 68.9321 287
4.1568 0000 68.9303 296
4.1897 0000 68.8887 292
4.2239 0000 68.8853 282
4.2573 0000 68.8580 267
4.2914 0000 68.8514 259
4.3257 0000 68.8528 245
4.3602 0000 68.8574 232
4.3953 0000 68.8811 229
4.4304 0000 68.9048 220
4.4655 0000 68.9269 223
4.5000 0000 68.9299 222
4.5343 0000 68.9297 217
4.5677 0000 68.9056 211
4.6019 0000 68.9038 213
4.6362 0000 68.9020 220
4.6715 0000 68.9289 223
4.7068 0000 68.9558 231
4.7412 0000 68.9588 239
4.7763 0000 68.9778 254
4.8106 0000 68.9776 256
4.8449 0000 68.9774 245
4.8791 0000 68.9756 234
4.9134 0000 68.9738 234
4.9478 0000 68.9769 234
4.9831 0000 69.0006 226
5.0185 0000 69.0276 222
5.0537 0000 69.0513 218
5.0883 0000 69.0575 195
5.1239 0000 69.0877 162
5.1604 0000 69.1419 138
5.1975 0000 69.2073 121
5.2321 0000 69.2135 112
5.2673 0000 69.2326 123
5.3016 0000 69.2308 138
5.3357 0000 69.2258 151
5.3699 0000 69.2225 151
5.4044 0000 69.2255 138
5.4398 0000 69.2494 113
5.4756 0000 69.2829 99
5.5125 0000 69.3388 100
5.5497 0000 69.4044 107
5.5844 0000 69.4107 104
5.6190 0000 69.4154 109
5.6544 0000 69.4361 123
5.6889 0000 69.4391 150
5.7235 0000 69.4422 179
5.7589 0000 69.4646 197
5.7943 0000 69.4869 232
5.8297 0000 69.5077 231
5.8643 0000 69.5108 227
5.8988 0000 69.5138 212
5.9339 0000 69.5282 203
5.9676 0000 69.5120 165
6.0011 0000 69.4910 141
6.0352 0000 69.4860 122
6.0696 0000 69.4843 122
6.1038 0000 69.4793 138
6.1379 0000 69.4728 168
6.1713 0000 69.4534 197
6.2057 0000 69.4533 228
6.2404 0000 69.4580 237
6.2749 0000 69.4595 225
6.3092 0000 69.4578 201
6.3437 0000 69.4593 173
6.3792 0000 69.4817 155
6.4148 0000 69.5057 134
6.4502 0000 69.5248 130
6.4848 0000 69.5280 123
6.5195 0000 69.5343 115
6.5543 0000 69.5406 104
6.5886 0000 69.5389 94
6.6218 0000 69.5163 100
6.6560 0000 69.5114 108
6.6901 0000 69.5049 117
6.7243 0000 69.5016 117
6.7586 0000 69.4999 97
6.7933 0000 69.5046 75
6.8279 0000 69.5077 62
6.8622 0000 69.5061 55
6.8953 0000 69.4819 49
6.9271 0000 69.4336 47
6.9600 0000 69.4062 47
6.9930 0000 69.3805 46
7.0217 0000 69.2778 44
7.0560 0000 69.2777 45
7.0918 0000 69.3033 48
7.1261 0000 69.3032 51
7.1592 0000 69.2791 50
7.1920 0000 69.2518 52
7.2261 0000 69.2485 51
7.2605 0000 69.2484 48
7.2948 0000 69.2484 47
7.3290 0000 69.2467 47
7.3634 0000 69.2466 48
7.3978 0000 69.2482 49
7.4321 0000 69.2481 49
7.4664 0000 69.2464 51
7.4994 0000 69.2240 52
7.5323 0000 69.1999 56
7.5664 0000 69.1966 58
7.5995 0000 69.1758 54
7.6326 0000 69.1549 52
7.6667 0000 69.1517 49
7.7007 0000 69.1468 48
7.7322 0000 69.1004 45
7.7679 0000 69.1227 44
7.8022 0000 69.1227 42
7.8366 0000 69.1242 38
7.8739 0000 69.1737 35
0.0000 0000 0.0000 0
7.9521 0000 69.3291 37
7.9866 0000 69.3306 47
8.0196 0000 69.3097 62
8.0538 0000 69.3081 81
8.0892 0000 69.3241 96
8.1223 0000 69.3048 117
8.1555 0000 69.2855 117
8.1895 0000 69.2807 110
8.2224 0000 69.2582 98
8.2562 0000 69.2502 79
8.2902 0000 69.2453 69
8.3245 0000 69.2437 65
8.3588 0000 69.2436 65
8.3920 0000 69.2260 64
8.4259 0000 69.2196 67
8.4571 0000 69.1715 72
8.4883 0000 69.1251 82
8.5194 0000 69.0755 99
8.5518 0000 69.0467 110
8.5846 0000 69.0243 120
8.6185 0000 69.0195 117
8.6510 0000 68.9923 111
8.6823 0000 68.9476 111
8.7130 0000 68.8950 113
8.7434 0000 68.8376 116
8.7729 0000 68.7675 127
8.8052 0000 68.7388 142
8.8361 0000 68.6911 152
8.8671 0000 68.6434 169
8.9007 0000 68.6355 192
8.9320 0000 68.5926 208
8.9653 0000 68.5815 221
8.9961 0000 68.5323 233
9.0256 0000 68.4641 241
9.0577 0000 68.4356 278
9.0914 0000 68.4293 303
9.1240 0000 68.4071 314
9.1564 0000 68.3833 357
9.1890 0000 68.3612 358
9.2227 0000 68.3564 371
9.2568 0000 68.3564 375
9.2910 0000 68.3580 366
9.3269 0000 68.3833 353
9.3618 0000 68.3944 368
9.3974 0000 68.4150 383
9.4319 0000 68.4197 380
9.4686 0000 68.4561 366
9.5033 0000 68.4640 334
9.5378 0000 68.4688 306
9.5732 0000 68.4862 275
9.6053 0000 68.4593 258
9.6362 0000 68.4150 244
9.6700 0000 68.4118 238
9.7037 0000 68.4055 242
9.7327 0000 68.3375 258
9.7666 0000 68.3343 261
9.8005 0000 68.3328 248
9.8364 0000 68.3565 219
9.8708 0000 68.3613 197
9.9086 0000 68.4103 191
9.9432 0000 68.4167 188
9.9808 0000 68.4626 187
10.0154 0000 68.4690 183
10.0496 0000 68.4706 183
10.0835 0000 68.4674 190
10.1173 0000 68.4643 197
10.1512 0000 68.4611 204
10.1851 0000 68.4580 209
10.2173 0000 68.4343 211
10.2494 0000 68.4090 210
10.2799 0000 68.3631 227
10.3136 0000 68.3584 243
10.3474 0000 68.3553 257
10.3815 0000 68.3553 265
10.4156 0000 68.3553 265
10.4495 0000 68.3538 257
10.4836 0000 68.3538 249
10.5176 0000 68.3539 244
10.5497 0000 68.3286 233
10.5817 0000 68.3033 237
10.6123 0000 68.2607 243
10.6465 0000 68.2624 240
10.6845 0000 68.3114 226
10.7207 0000 68.3383 225
10.7549 0000 68.3399 236
10.7904 0000 68.3573 243
10.8229 0000 68.3384 263
10.8569 0000 68.3384 260
10.8924 0000 68.3559 235
10.9249 0000 68.3369 225
10.9586 0000 68.3322 210
10.9890 0000 68.2896 205
11.0207 0000 68.2612 204
11.0503 0000 68.2092 226
11.0820 0000 68.1809 269
11.1142 0000 68.1604 291
11.1476 0000 68.1526 321
11.1797 0000 68.1305 345
11.2134 0000 68.1274 335
11.2475 0000 68.1291 304
11.2836 0000 68.1527 247
11.3194 0000 68.1749 227
11.3559 0000 68.2033 198
11.3925 0000 68.2333 184
11.4353 0000 68.3344 178
11.4719 0000 68.3644 201
11.5078 0000 68.3850 215
11.5420 0000 68.3867 225
11.5760 0000 68.3867 218
11.6099 0000 68.3851 197
11.6459 0000 68.4073 177
11.6825 0000 68.4358 143
11.7188 0000 68.4612 119
11.7531 0000 68.4644 95
11.7854 0000 68.4438 81
11.8191 0000 68.4407 72
11.8530 0000 68.4392 69
11.8874 0000 68.4424 69
11.9234 0000 68.4645 72
11.9595 0000 68.4867 75
11.9917 0000 68.4662 80
12.0235 0000 68.4409 88
12.0549 0000 68.4124 92
12.0851 0000 68.3698 106
12.1184 0000 68.3619 118
12.1501 0000 68.3367 120
12.1818 0000 68.3114 132
12.2138 0000 68.2894 127
12.2439 0000 68.2468 121
12.2745 0000 68.2105 114
12.3012 0000 68.1318 115
12.3301 0000 68.0783 117
12.3593 0000 68.0264 123
12.3907 0000 67.9997 124
12.4230 0000 67.9824 103
12.4552 0000 67.9636 88
12.4866 0000 67.9369 72
12.5179 0000 67.9086 63
12.5490 0000 67.8788 61
12.5806 0000 67.8553 66
12.6146 0000 67.8553 67
12.6486 0000 67.8569 67
12.6822 0000 67.8538 75
12.7159 0000 67.8507 82
12.7483 0000 67.8350 84
12.7823 0000 67.8366 89
12.8161 0000 67.8350 89
12.8501 0000 67.8366 92
12.8860 0000 67.8569 103
12.9199 0000 67.8569 122
12.9497 0000 67.8146 151
12.9810 0000 67.7880 174
13.0135 0000 67.7739 193
13.0430 0000 67.7285 215
13.0745 0000 67.7050 243
13.1082 0000 67.7034 248
13.1421 0000 67.7034 235
13.1760 0000 67.7034 210
13.2099 0000 67.7034 190
13.2442 0000 67.7081 168
13.2808 0000 67.7347 154
13.3167 0000 67.7550 144
13.3502 0000 67.7519 150
13.3802 0000 67.7127 162
13.4133 0000 67.7049 176
13.4426 0000 67.6595 190
13.4753 0000 67.6486 200
13.5051 0000 67.6079 202
13.5384 0000 67.6032 198
13.5721 0000 67.6016 190
13.6060 0000 67.6016 181
13.6398 0000 67.6016 179
13.6738 0000 67.6032 188
13.7080 0000 67.6063 205
13.7420 0000 67.6078 231
13.7762 0000 67.6109 261
13.8100 0000 67.6109 284
13.8438 0000 67.6109 298
13.8772 0000 67.6062 309
13.9106 0000 67.6015 308
13.9442 0000 67.5999 289
13.9784 0000 67.6030 263
14.0122 0000 67.6030 244
14.0456 0000 67.5983 229
14.0774 0000 67.5795 226
14.1116 0000 67.5827 205
14.1479 0000 67.6061 185
14.1842 0000 67.6295 172
14.2184 0000 67.6326 178
14.2523 0000 67.6341 187
14.2857 0000 67.6294 209
14.3188 0000 67.6232 234
14.3487 0000 67.5857 249
14.3823 0000 67.5841 253
14.4163 0000 67.5856 243
14.4503 0000 67.5872 230
14.4841 0000 67.5872 236
14.5177 0000 67.5856 256
14.5510 0000 67.5809 272
14.5842 0000 67.5746 284
14.6141 0000 67.5387 282
14.6475 0000 67.5356 270
14.6813 0000 67.5356 249
14.7194 0000 67.5746 232
14.7540 0000 67.5824 202
14.7931 0000 67.6308 178
14.8299 0000 67.6574 166
14.8668 0000 67.6855 168
14.9033 0000 67.7105 175
14.9373 0000 67.7121 188
14.9710 0000 67.7105 202
15.0071 0000 67.7308 213
15.0384 0000 67.7089 230
15.0721 0000 67.7073 238
15.1082 0000 67.7277 239
15.1429 0000 67.7355 248
15.1789 0000 67.7558 267
15.2124 0000 67.7527 282
15.2438 0000 67.7308 289
15.2774 0000 67.7292 305
15.3112 0000 67.7292 305
15.3434 0000 67.7151 293
15.3793 0000 67.7339 244
15.4158 0000 67.7574 217
15.4503 0000 67.7636 189
15.4843 0000 67.7652 182
15.5205 0000 67.7855 192
15.5546 0000 67.7887 218
15.5906 0000 67.8075 248
15.6244 0000 67.8075 266
15.6582 0000 67.8075 289
15.6922 0000 67.8090 319
15.7260 0000 67.8091 332
15.7598 0000 67.8091 313
15.7940 0000 67.8122 278
15.8307 0000 67.8373 249
15.8673 0000 67.8608 248
15.9038 0000 67.8843 253
15.9404 0000 67.9078 294
15.9768 0000 67.9298 306
16.0112 0000 67.9345 313
16.0450 0000 67.9345 337
16.0807 0000 67.9503 380
16.1145 0000 67.9503 374
16.1489 0000 67.9550 355
16.1829 0000 67.9566 351
16.2165 0000 67.9550 364
16.2483 0000 67.9378 365
16.2813 0000 67.9316 382
16.3129 0000 67.9128 419
16.3463 0000 67.9097 421
16.3803 0000 67.9113 423
16.4164 0000 67.9301 398
16.4506 0000 67.9333 382
16.4849 0000 67.9380 366
16.5212 0000 67.9585 371
16.5548 0000 67.9569 382
16.5882 0000 67.9538 396
16.6215 0000 67.9492 379
16.6512 0000 67.9163 338
16.6846 0000 67.9132 312
16.7188 0000 67.9164 309
16.7568 0000 67.9509 312
16.7885 0000 67.9337 306
16.8196 0000 67.9118 342
16.8526 0000 67.9056 356
16.8861 0000 67.9041 343
16.9205 0000 67.9089 316
16.9545 0000 67.9105 294
16.9878 0000 67.9074 280
17.0210 0000 67.9028 270
17.0542 0000 67.8982 263
17.0882 0000 67.8998 252
17.1199 0000 67.8842 257
17.1531 0000 67.8796 259
17.1869 0000 67.8796 253
17.2234 0000 67.9017 225
17.2577 0000 67.9065 215
17.2915 0000 67.9065 213
17.3246 0000 67.9019 226
17.3540 0000 67.8675 259
17.3875 0000 67.8660 287
17.4207 0000 67.8614 300
17.4536 0000 67.8552 308
17.4843 0000 67.8318 302
17.5152 0000 67.8100 333
17.5487 0000 67.8085 334
17.5822 0000 67.8071 304
17.6159 0000 67.8072 270
17.6498 0000 67.8088 249
17.6833 0000 67.8074 233
17.7164 0000 67.8028 218
17.7503 0000 67.8045 212
17.7791 0000 67.7670 223
17.8120 0000 67.7608 242
17.8424 0000 67.7359 255
17.8730 0000 67.7126 304
17.9038 0000 67.6908 346
17.9372 0000 67.6894 378
17.9707 0000 67.6879 392
18.0043 0000 67.6880 390
18.0382 0000 67.6897 376
18.0720 0000 67.6914 359
18.1055 0000 67.6900 325
18.1389 0000 67.6885 280
18.1719 0000 67.6840 243
18.2028 0000 67.6638 236
18.2363 0000 67.6624 230
18.2701 0000 67.6641 208
18.3039 0000 67.6658 183
18.3376 0000 67.6659 173
18.3767 0000 67.7067 169
18.4111 0000 67.7131 163
18.4480 0000 67.7367 173
18.4818 0000 67.7384 187
18.5156 0000 67.7402 199
18.5491 0000 67.7388 205
18.5852 0000 67.7577 210
18.6193 0000 67.7610 223
18.6531 0000 67.7627 218
18.6872 0000 67.7660 208
18.7212 0000 67.7693 207
18.7546 0000 67.7679 209
18.7915 0000 67.7916 210
18.8284 0000 67.8152 229
18.8624 0000 67.8185 236
18.8965 0000 67.8219 234
18.9301 0000 67.8220 233
18.9692 0000 67.8614 241
19.0034 0000 67.8663 249
19.0408 0000 67.8931 247
19.0777 0000 67.9168 216
19.1118 0000 67.9201 198
19.1518 0000 67.9658 193
19.1857 0000 67.9676 189
19.2226 0000 67.9913 177
19.2634 0000 68.0418 163
19.3051 0000 68.0986 150
19.3562 0000 68.2215 145
19.3966 0000 68.2689 144
19.4341 0000 68.2959 146
19.4681 0000 68.2977 148
19.5015 0000 68.2963 139
19.5357 0000 68.2996 125
19.5730 0000 68.3251 114
19.6099 0000 68.3473 99
19.6468 0000 68.3696 80
19.6844 0000 68.3966 67
0.0000 0000 0.0000 0
19.8180 0000 68.8529 62
19.8555 0000 68.8785 63
19.8895 0000 68.8803 65
19.9273 0000 68.9074 65
19.9688 0000 68.9601 67
20.0092 0000 69.0048 70
20.0437 0000 69.0098 68
20.0846 0000 69.0577 65
20.1224 0000 69.0850 65
20.1596 0000 69.1075 72
20.1970 0000 69.1315 76
20.2351 0000 69.1604 81
20.2770 0000 69.2148 85
20.3137 0000 69.2342 95
20.3464 0000 69.2264 107
20.3798 0000 69.2234 111
20.4149 0000 69.2315 113
20.4529 0000 69.2589 112
20.4910 0000 69.2878 117
20.5261 0000 69.2960 111
20.5660 0000 69.3361 110
20.6002 0000 69.3379 118
20.6338 0000 69.3365 129
20.6653 0000 69.3207 141
20.6985 0000 69.3161 130
20.7288 0000 69.2923 108
20.7615 0000 69.2845 93
20.7925 0000 69.2656 86
20.8260 0000 69.2626 85
20.8567 0000 69.2420 91
20.8838 0000 69.1975 103
20.9162 0000 69.1881 120
20.9462 0000 69.1628 133
20.9767 0000 69.1407 157
21.0081 0000 69.1250 179
21.0415 0000 69.1220 204
21.0746 0000 69.1174 211
21.1082 0000 69.1160 205
21.1415 0000 69.1130 200
21.1727 0000 69.0957 202
21.2068 0000 69.0975 193
21.2438 0000 69.1184 178
21.2819 0000 69.1457 176
21.3234 0000 69.1953 170
21.3646 0000 69.2434 167
21.4025 0000 69.2691 167
21.4401 0000 69.2932 181
21.4749 0000 69.2998 194
21.5155 0000 69.3432 206
21.5502 0000 69.3482 218
21.5876 0000 69.3708 221
21.6225 0000 69.3774 222
21.6599 0000 69.4000 233
