wt=150462392, DLLFiFo=0
-25.9271 0000 94.3649 124
-25.8904 0000 94.3864 114
-25.8523 0000 94.3990 124
-25.8158 0000 94.4226 122
-25.7771 0000 94.4309 119
-25.7374 0000 94.4326 102
-25.6987 0000 94.4409 98
-25.6622 0000 94.4645 121
-25.6216 0000 94.4596 126
-25.5841 0000 94.4767 114
-25.5438 0000 94.4740 125
-25.5025 0000 94.4647 135
-25.4590 0000 94.4400 131
-25.4196 0000 94.4439 112
-25.3837 0000 94.4720 100
-25.3447 0000 94.4781 102
-25.3119 0000 94.5281 102
-25.2725 0000 94.5320 93
-25.2274 0000 94.4964 90
-25.1830 0000 94.4651 89
-25.1424 0000 94.4602 98
-25.1021 0000 94.4575 103
-25.0627 0000 94.4614 123
-25.0242 0000 94.4719 168
-24.9851 0000 94.4780 213
-24.9451 0000 94.4775 233
-24.9051 0000 94.4770 215
-24.8651 0000 94.4765 193
-24.8257 0000 94.4804 176
-24.7865 0000 94.4865 152
-24.7527 0000 94.5300 128
-24.7138 0000 94.5384 111
-24.6732 0000 94.5335 116
-24.6301 0000 94.5110 164
-24.5876 0000 94.4929 169
-24.5473 0000 94.4902 175
-24.5076 0000 94.4919 175
-24.4700 0000 94.5091 172
-24.4308 0000 94.5152 157
-24.3947 0000 94.5433 146
-24.3556 0000 94.5494 145
-24.3158 0000 94.5512 137
-24.2758 0000 94.5507 129
-24.2363 0000 94.5546 123
-24.1998 0000 94.5806 127
-24.1601 0000 94.5823 123
-24.1200 0000 94.5818 142
-24.0799 0000 94.5814 158
-24.0402 0000 94.5831 151
-23.9995 0000 94.5782 138
-23.9583 0000 94.5690 123
-23.9182 0000 94.5685 112
-23.8781 0000 94.5680 119
-23.8375 0000 94.5632 139
-23.7956 0000 94.5495 147
-23.7556 0000 94.5490 152
-23.7146 0000 94.5420 129
-23.6737 0000 94.5349 103
-23.6336 0000 94.5344 95
-23.5912 0000 94.5164 111
-23.5511 0000 94.5159 112
-23.5140 0000 94.5375 94
-23.4777 0000 94.5657 91
-23.4388 0000 94.5741 80
-23.3995 0000 94.5802 97
-23.3615 0000 94.5952 118
-23.3214 0000 94.5948 115
-23.2816 0000 94.5966 94
-23.2415 0000 94.5961 95
-23.2014 0000 94.5957 102
-23.1616 0000 94.5975 91
-23.1217 0000 94.5992 75
-23.0819 0000 94.6010 86
-23.0421 0000 94.6028 87
-23.0017 0000 94.6001 78
-22.9616 0000 94.5997 67
-22.9218 0000 94.6015 62
-22.8814 0000 94.5989 66
-22.8421 0000 94.6051 89
-22.8031 0000 94.6135 121
-22.7613 0000 94.5998 115
-22.7198 0000 94.5884 104
-22.6783 0000 94.5769 95
-22.6368 0000 94.5655 95
-22.5942 0000 94.5452 109
-22.5538 0000 94.5426 111
-22.5134 0000 94.5400 105
-22.4730 0000 94.5374 85
-22.4354 0000 94.5568 79
-22.3956 0000 94.5586 72
-22.3549 0000 94.5538 59
-22.3068 0000 94.4895 54
-22.2659 0000 94.4825 67
-22.2263 0000 94.4865 83
-22.1849 0000 94.4751 84
-22.1472 0000 94.4945 93
-22.1068 0000 94.4919 112
-22.0673 0000 94.4959 114
-22.0307 0000 94.5241 92
-21.9935 0000 94.5480 94
-21.9540 0000 94.5520 95
-21.9155 0000 94.5648 87
-21.8794 0000 94.5975 86
-21.8425 0000 94.6236 84
-21.8029 0000 94.6276 91
-21.7630 0000 94.6294 97
-21.7231 0000 94.6313 105
-21.6832 0000 94.6331 107
-21.6409 0000 94.6150 106
-21.5931 0000 94.5507 131
-21.5516 0000 94.5393 191
-21.5101 0000 94.5279 220
-21.4697 0000 94.5253 233
-21.4296 0000 94.5249 218
-21.3895 0000 94.5245 194
-21.3483 0000 94.5153 170
-21.3058 0000 94.4951 157
-21.2657 0000 94.4947 148
-21.2274 0000 94.5097 155
-21.1875 0000 94.5116 186
-21.1479 0000 94.5156 218
-21.1085 0000 94.5218 195
-21.0707 0000 94.5413 149
-21.0316 0000 94.5497 116
-20.9951 0000 94.5802 127
-20.9578 0000 94.6041 115
-20.9176 0000 94.6037 110
-20.8723 0000 94.5592 114
-20.8306 0000 94.5456 125
-20.7895 0000 94.5364 132
-20.7498 0000 94.5404 139
-20.7107 0000 94.5489 132
-20.6711 0000 94.5529 116
-20.6312 0000 94.5547 115
-20.5920 0000 94.5631 126
-20.5524 0000 94.5672 130
-20.5125 0000 94.5690 119
-20.4713 0000 94.5598 106
-20.4299 0000 94.5484 98
-20.3892 0000 94.5436 97
-20.3498 0000 94.5498 106
-20.3099 0000 94.5517 109
-20.2698 0000 94.5513 101
-20.2294 0000 94.5487 90
-20.1890 0000 94.5461 77
-20.1485 0000 94.5435 81
-20.1081 0000 94.5409 89
-20.0650 0000 94.5141 79
-20.0236 0000 94.5027 79
-19.9803 0000 94.4737 77
-19.9372 0000 94.4469 76
-19.8963 0000 94.4399 65
-19.8569 0000 94.4461 63
-19.8197 0000 94.4722 66
-19.7793 0000 94.4696 74
-19.7387 0000 94.4648 80
-19.6990 0000 94.4688 86
-19.6610 0000 94.4883 97
-19.6216 0000 94.4945 96
-19.5812 0000 94.4919 104
-19.5384 0000 94.4673 98
-19.4978 0000 94.4625 95
-19.4581 0000 94.4665 94
-19.4182 0000 94.4683 97
-19.3778 0000 94.4658 103
-19.3374 0000 94.4632 124
-19.2965 0000 94.4562 149
-19.2556 0000 94.4492 149
-19.2152 0000 94.4466 125
-19.1753 0000 94.4484 107
-19.1354 0000 94.4502 110
-19.0957 0000 94.4543 122
-19.0565 0000 94.4627 129
-19.0168 0000 94.4667 138
-18.9768 0000 94.4686 140
-18.9364 0000 94.4660 131
-18.8962 0000 94.4656 123
-18.8561 0000 94.4652 118
-18.8150 0000 94.4560 112
-18.7741 0000 94.4490 101
-18.7346 0000 94.4553 89
-18.6993 0000 94.5012 84
-18.6588 0000 94.4986 88
-18.6184 0000 94.4960 97
-18.5785 0000 94.4978 98
-18.5364 0000 94.4798 95
-18.4937 0000 94.4552 124
-18.4524 0000 94.4438 203
-18.4118 0000 94.4390 309
-18.3702 0000 94.4254 271
-18.3271 0000 94.3964 228
-18.2860 0000 94.3872 177
-18.2490 0000 94.4177 133
-18.2122 0000 94.4504 130
-18.1729 0000 94.4588 121
-18.1326 0000 94.4584 117
-18.0927 0000 94.4603 123
-18.0545 0000 94.4797 125
-18.0140 0000 94.4772 135
-17.9729 0000 94.4680 137
-17.9320 0000 94.4610 131
-17.8881 0000 94.4231 147
-17.8455 0000 94.3985 146
-17.8053 0000 94.3981 133
-17.7657 0000 94.4043 107
-17.7259 0000 94.4084 96
-17.6888 0000 94.4389 71
-17.6518 0000 94.4716 79
-17.6113 0000 94.4690 102
-17.5711 0000 94.4686 111
-17.5317 0000 94.4771 137
-17.4913 0000 94.4745 165
-17.4506 0000 94.4697 182
-17.4108 0000 94.4738 162
-17.3727 0000 94.4955 127
-17.3346 0000 94.5172 125
-17.2954 0000 94.5279 114
-17.2559 0000 94.5363 122
-17.2157 0000 94.5360 148
-17.1752 0000 94.5334 153
-17.1307 0000 94.4889 139
-17.0900 0000 94.4841 142
-17.0506 0000 94.4925 167
-17.0110 0000 94.4988 199
-16.9730 0000 94.5227 249
-16.9346 0000 94.5422 232
-16.8947 0000 94.5463 215
-16.8542 0000 94.5437 196
-16.8135 0000 94.5389 170
-16.7733 0000 94.5386 140
-16.7338 0000 94.5470 134
-16.6937 0000 94.5489 146
-16.6530 0000 94.5441 154
-16.6121 0000 94.5371 148
-16.5718 0000 94.5367 137
-16.5323 0000 94.5452 138
-16.4934 0000 94.5603 199
-16.4539 0000 94.5688 308
-16.4140 0000 94.5728 343
-16.3735 0000 94.5703 273
-16.3330 0000 94.5677 180
-16.2943 0000 94.5850 127
-16.2546 0000 94.5913 91
-16.2143 0000 94.5909 77
-16.1733 0000 94.5839 79
-16.1330 0000 94.5835 86
-16.0925 0000 94.5810 92
-16.0520 0000 94.5784 94
-16.0115 0000 94.5758 92
-15.9711 0000 94.5755 90
-15.9308 0000 94.5751 81
-15.8905 0000 94.5747 69
-15.8482 0000 94.5523 63
-15.8071 0000 94.5431 51
-15.7689 0000 94.5670 46
-15.7294 0000 94.5755 58
-15.6911 0000 94.5994 72
-15.6510 0000 94.6013 80
-15.6114 0000 94.6098 78
-15.5747 0000 94.6514 74
-15.5395 0000 94.7108 83
-15.4997 0000 94.7171 92
-15.4593 0000 94.7167 104
-15.4201 0000 94.7297 135
-15.3808 0000 94.7426 182
-15.3420 0000 94.7599 192
-15.3018 0000 94.7618 185
-15.2612 0000 94.7592 146
-15.2219 0000 94.7721 109
-15.1795 0000 94.7474 84
-15.1393 0000 94.7493 75
-15.0989 0000 94.7489 79
-15.0563 0000 94.7219 76
-15.0154 0000 94.7149 69
-14.9770 0000 94.7389 67
-14.9372 0000 94.7452 78
-14.8975 0000 94.7537 102
-14.8584 0000 94.7689 118
-14.8165 0000 94.7508 119
-14.7756 0000 94.7437 117
-14.7359 0000 94.7522 137
-14.6952 0000 94.7474 151
-14.6535 0000 94.7316 144
-14.6131 0000 94.7312 167
-14.5731 0000 94.7352 211
-14.5329 0000 94.7371 221
-14.4923 0000 94.7345 167
-14.4514 0000 94.7275 126
-14.4099 0000 94.7138 149
-14.3681 0000 94.6957 251
-14.3270 0000 94.6865 289
-14.2874 0000 94.6950 329
-14.2470 0000 94.6946 269
-14.2066 0000 94.6943 185
-14.1665 0000 94.6983 132
-14.1273 0000 94.7134 121
-14.0887 0000 94.7352 119
-14.0472 0000 94.7216 135
-14.0067 0000 94.7190 110
-13.9688 0000 94.7518 107
-13.9291 0000 94.7603 141
-13.8887 0000 94.7599 160
-13.8479 0000 94.7551 141
-13.8072 0000 94.7503 108
-13.7674 0000 94.7588 90
-13.7275 0000 94.7651 92
-13.6873 0000 94.7669 98
-13.6468 0000 94.7665 98
-13.6063 0000 94.7639 86
-13.5653 0000 94.7569 67
-13.5229 0000 94.7299 60
-13.4830 0000 94.7362 62
-13.4429 0000 94.7403 72
-13.4027 0000 94.7421 86
-13.3639 0000 94.7639 92
-13.3235 0000 94.7635 98
-13.2827 0000 94.7587 102
-13.2424 0000 94.7605 104
-13.2020 0000 94.7601 95
-13.1611 0000 94.7531 83
-13.1189 0000 94.7283 87
-13.0799 0000 94.7479 85
-13.0400 0000 94.7541 90
-13.0003 0000 94.7648 89
-12.9605 0000 94.7733 82
-12.9234 0000 94.8195 81
-12.8831 0000 94.8213 85
-12.8411 0000 94.7988 86
-12.8004 0000 94.7939 72
-12.7621 0000 94.8246 59
-12.7243 0000 94.8619 67
-12.6843 0000 94.8682 78
-12.6435 0000 94.8634 76
-12.6007 0000 94.8297 60
-12.5584 0000 94.8027 63
-12.5180 0000 94.8023 61
-12.4771 0000 94.7952 61
-12.4337 0000 94.7527 72
-12.3922 0000 94.7368 95
-12.3503 0000 94.7142 106
-12.3094 0000 94.7072 130
-12.2676 0000 94.6868 167
-12.2258 0000 94.6665 142
-12.1866 0000 94.6838 123
-12.1469 0000 94.6945 100
-12.1065 0000 94.6941 113
-12.0660 0000 94.6937 144
-12.0255 0000 94.6911 147
-11.9847 0000 94.6862 116
-11.9443 0000 94.6858 87
-11.9053 0000 94.7076 92
-11.8647 0000 94.7050 104
-11.8243 0000 94.7046 110
-11.7837 0000 94.7020 107
-11.7420 0000 94.6816 88
-11.7014 0000 94.6790 86
-11.6616 0000 94.6897 152
-11.6219 0000 94.7003 225
-11.5813 0000 94.6977 243
-11.5403 0000 94.6884 220
-11.4989 0000 94.6725 245
-11.4586 0000 94.6743 246
-11.4180 0000 94.6717 213
-11.3759 0000 94.6447 146
-11.3350 0000 94.6377 116
-11.2958 0000 94.6572 110
-11.2555 0000 94.6590 96
-11.2133 0000 94.6298 97
-11.1715 0000 94.6072 141
-11.1308 0000 94.6024 153
-11.0900 0000 94.5954 135
-11.0494 0000 94.5927 136
-11.0092 0000 94.5968 168
-10.9693 0000 94.6052 188
-10.9299 0000 94.6225 172
-10.8898 0000 94.6265 191
-10.8493 0000 94.6261 222
-10.8086 0000 94.6213 247
-10.7690 0000 94.6342 289
-10.7294 0000 94.6493 357
-10.6898 0000 94.6622 466
-10.6494 0000 94.6640 450
-10.6085 0000 94.6547 333
-10.5694 0000 94.6787 260
-10.5293 0000 94.6849 187
-10.4891 0000 94.6890 134
-10.4490 0000 94.6952 110
-10.4087 0000 94.6970 90
-10.3680 0000 94.6922 85
-10.3264 0000 94.6718 105
-10.2857 0000 94.6670 133
-10.2451 0000 94.6644 146
-10.2047 0000 94.6662 107
-10.1644 0000 94.6680 69
-10.1256 0000 94.6986 63
-10.0872 0000 94.7359 70
-10.0466 0000 94.7333 78
-10.0057 0000 94.7241 94
-9.9649 0000 94.7192 119
-9.9246 0000 94.7211 143
-9.8832 0000 94.7051 147
-9.8426 0000 94.7025 178
-9.8020 0000 94.6999 196
-9.7611 0000 94.6907 187
-9.7201 0000 94.6814 176
-9.6794 0000 94.6766 160
-9.6392 0000 94.6806 138
-9.5993 0000 94.6913 137
-9.5589 0000 94.6932 152
-9.5184 0000 94.6928 151
-9.4777 0000 94.6880 133
-9.4368 0000 94.6787 130
-9.3961 0000 94.6739 141
-9.3557 0000 94.6757 144
-9.3154 0000 94.6798 151
-9.2751 0000 94.6816 157
-9.2335 0000 94.6591 161
-9.1908 0000 94.6144 141
-9.1481 0000 94.5697 153
-9.1063 0000 94.5405 120
-9.0661 0000 94.5468 101
-9.0272 0000 94.5774 112
-8.9870 0000 94.5815 107
-8.9463 0000 94.5767 102
-8.9057 0000 94.5741 116
-8.8653 0000 94.5759 126
-8.8251 0000 94.5800 144
-8.7849 0000 94.5863 150
-8.7454 0000 94.6058 116
-8.7056 0000 94.6187 105
-8.6661 0000 94.6405 129
-8.6255 0000 94.6380 142
-8.5834 0000 94.6021 125
-8.5408 0000 94.5553 130
-8.4987 0000 94.5195 106
-8.4571 0000 94.4926 86
-8.4154 0000 94.4634 62
-8.3767 0000 94.5029 61
-8.3377 0000 94.5357 64
-8.2972 0000 94.5332 60
-8.2569 0000 94.5372 55
-8.2166 0000 94.5413 57
-8.1761 0000 94.5387 56
-8.1359 0000 94.5450 63
-8.0966 0000 94.5712 72
-8.0560 0000 94.5686 79
-8.0135 0000 94.5196 82
-7.9720 0000 94.4949 83
-7.9295 0000 94.4458 83
-7.8906 0000 94.4831 89
-7.8505 0000 94.4894 108
-7.8093 0000 94.4713 153
-7.7695 0000 94.4864 278
-7.7291 0000 94.4883 299
-7.6887 0000 94.4879 317
-7.6476 0000 94.4721 328
-7.6067 0000 94.4607 283
-7.5658 0000 94.4493 211
-7.5250 0000 94.4379 154
-7.4838 0000 94.4198 148
-7.4435 0000 94.4217 128
-7.4033 0000 94.4280 99
-7.3630 0000 94.4298 87
-7.3226 0000 94.4317 93
-7.2823 0000 94.4358 106
-7.2416 0000 94.4266 106
-7.2010 0000 94.4218 96
-7.1606 0000 94.4237 90
-7.1205 0000 94.4322 102
-7.0810 0000 94.4561 117
-7.0406 0000 94.4580 126
-6.9994 0000 94.4378 135
-6.9587 0000 94.4286 118
-6.9183 0000 94.4282 102
-6.8779 0000 94.4301 100
-6.8372 0000 94.4231 98
-6.7965 0000 94.4139 98
-6.7558 0000 94.4047 99
-6.7152 0000 94.4000 99
-6.6747 0000 94.3974 101
-6.6336 0000 94.3772 93
-6.5931 0000 94.3768 98
-6.5529 0000 94.3809 108
-6.5133 0000 94.4049 126
-6.4731 0000 94.4112 143
-6.4328 0000 94.4152 155
-6.3923 0000 94.4149 135
-6.3511 0000 94.3902 103
-6.3113 0000 94.4098 108
-6.2711 0000 94.4161 116
-6.2306 0000 94.4135 129
-6.1899 0000 94.4043 145
-6.1488 0000 94.3819 138
-6.1083 0000 94.3794 129
-6.0680 0000 94.3812 120
-6.0275 0000 94.3809 132
-5.9874 0000 94.3894 170
-5.9472 0000 94.3979 224
-5.9066 0000 94.3909 236
-5.8658 0000 94.3773 186
-5.8249 0000 94.3593 143
-5.7835 0000 94.3280 136
-5.7422 0000 94.2946 106
-5.7009 0000 94.2633 96
-5.6603 0000 94.2564 80
-5.6198 0000 94.2538 73
-5.5788 0000 94.2314 79
-5.5376 0000 94.2002 75
-5.4965 0000 94.1756 86
-5.4548 0000 94.1268 107
-5.4143 0000 94.1198 130
-5.3734 0000 94.0997 123
-5.3333 0000 94.1104 115
-5.2930 0000 94.1100 104
-5.2527 0000 94.1141 112
-5.2124 0000 94.1138 117
-5.1719 0000 94.1090 117
-5.1314 0000 94.1021 147
-5.0907 0000 94.0885 176
-5.0504 0000 94.0904 193
-5.0099 0000 94.0857 201
-4.9693 0000 94.0765 206
-4.9280 0000 94.0344 198
-4.8871 0000 94.0120 200
-4.8464 0000 93.9963 218
-4.8059 0000 93.9915 219
-4.7658 0000 94.0000 192
-4.7257 0000 94.0085 158
-4.6852 0000 94.0038 138
-4.6447 0000 93.9924 137
-4.6041 0000 93.9811 138
-4.5633 0000 93.9632 130
-4.5236 0000 93.9892 100
-4.4834 0000 93.9933 98
-4.4431 0000 93.9952 95
-4.4028 0000 93.9993 107
-4.3626 0000 94.0055 158
-4.3222 0000 94.0008 213
-4.2814 0000 93.9785 259
-4.2405 0000 93.9517 218
-4.1999 0000 93.9360 195
-4.1593 0000 93.9225 186
-4.1185 0000 93.8980 195
-4.0777 0000 93.8735 151
-4.0377 0000 93.8863 142
-3.9975 0000 93.8948 139
-3.9573 0000 93.9011 138
-3.9170 0000 93.8986 121
-3.8766 0000 93.8960 105
-3.8362 0000 93.8913 100
-3.7953 0000 93.8602 106
-3.7549 0000 93.8511 140
-3.7145 0000 93.8486 166
-3.6741 0000 93.8439 162
-3.6339 0000 93.8457 146
-3.5936 0000 93.8498 134
-3.5534 0000 93.8539 121
-3.5130 0000 93.8492 115
-3.4728 0000 93.8532 118
-3.4328 0000 93.8749 132
-3.3922 0000 93.8526 135
-3.3518 0000 93.8457 161
-3.3115 0000 93.8475 197
-3.2713 0000 93.8560 221
-3.2310 0000 93.8579 218
-3.1906 0000 93.8510 191
-3.1500 0000 93.8265 177
-3.1093 0000 93.7976 164
-3.0688 0000 93.7885 200
-3.0285 0000 93.7838 229
-2.9881 0000 93.7790 276
-2.9478 0000 93.7787 401
-2.9076 0000 93.7784 550
-2.8673 0000 93.7825 616
-2.8271 0000 93.7887 569
-2.7869 0000 93.7928 447
-2.7465 0000 93.7859 315
-2.7060 0000 93.7702 212
-2.6657 0000 93.7677 165
-2.6256 0000 93.7805 183
-2.5853 0000 93.7846 227
-2.5450 0000 93.7843 256
-2.5047 0000 93.7817 256
-2.4642 0000 93.7573 222
-2.4238 0000 93.7481 204
-2.3833 0000 93.7237 217
-2.3429 0000 93.7146 233
-2.3026 0000 93.7121 253
-2.2623 0000 93.7139 264
-2.2221 0000 93.7202 291
-2.1818 0000 93.7177 326
-2.1413 0000 93.6954 323
-2.1012 0000 93.7126 366
-2.0609 0000 93.7123 377
-2.0207 0000 93.7120 335
-1.9804 0000 93.7138 264
-1.9401 0000 93.7069 221
-1.8996 0000 93.6737 232
-1.8593 0000 93.6734 246
-1.8191 0000 93.6796 278
-1.7789 0000 93.6881 294
-1.7385 0000 93.6702 342
-1.6983 0000 93.6852 281
-1.6580 0000 93.6871 234
-1.6176 0000 93.6626 212
-1.5774 0000 93.6579 200
-1.5371 0000 93.6576 213
-1.4969 0000 93.6792 241
-1.4566 0000 93.6635 294
-1.4162 0000 93.6391 361
-1.3759 0000 93.6256 349
-1.3356 0000 93.6231 350
-1.2954 0000 93.6359 342
-1.2553 0000 93.6641 264
-1.2151 0000 93.6922 230
-1.1748 0000 93.6941 200
-1.1346 0000 93.6894 182
-1.0942 0000 93.6627 166
-1.0539 0000 93.6558 165
-1.0136 0000 93.6314 180
-0.9734 0000 93.6354 206
-0.9331 0000 93.6395 261
-0.8929 0000 93.6392 316
-0.8526 0000 93.6520 309
-0.8124 0000 93.6582 282
-0.7721 0000 93.6623 234
-0.7319 0000 93.6663 211
-0.6916 0000 93.6660 201
-0.6513 0000 93.6657 183
-0.6111 0000 93.6632 164
-0.5708 0000 93.6606 142
-0.5306 0000 93.6340 134
-0.4903 0000 93.6358 149
-0.4501 0000 93.6355 188
-0.4098 0000 93.6330 215
-0.3696 0000 93.6348 217
-0.3293 0000 93.6411 224
-0.2890 0000 93.6649 245
-0.2487 0000 93.6865 197
-0.2084 0000 93.6971 169
-0.1680 0000 93.7209 153
-0.1278 0000 93.7228 124
-0.0875 0000 93.7202 124
-0.0473 0000 93.6980 133
-0.0071 0000 93.6932 133
0.0331 0000 93.6666 124
0.0734 0000 93.6882 120
0.1137 0000 93.6922 128
0.1541 0000 93.7138 138
0.1944 0000 93.7201 152
0.2348 0000 93.7570 153
0.2753 0000 93.7874 172
0.3156 0000 93.7915 158
0.3559 0000 93.7978 124
0.3964 0000 93.8282 97
0.4369 0000 93.8586 94
0.4772 0000 93.8604 93
0.5175 0000 93.8601 92
0.5578 0000 93.8620 96
0.5982 0000 93.8704 110
0.6387 0000 93.9008 129
0.6792 0000 93.9291 123
0.7197 0000 93.9507 119
0.7600 0000 93.9526 115
0.8008 0000 94.0073 112
0.8412 0000 94.0201 112
0.8818 0000 94.0484 118
0.9216 0000 93.9865 145
0.9618 0000 93.9729 187
1.0016 0000 93.9220 231
1.0419 0000 93.9129 261
1.0822 0000 93.9191 283
1.1223 0000 93.8924 248
1.1625 0000 93.8855 200
1.2028 0000 93.8851 150
1.2432 0000 93.9002 117
1.2842 0000 93.9592 109
1.3246 0000 93.9677 113
1.3650 0000 93.9695 131
1.4053 0000 93.9758 171
1.4458 0000 93.9843 203
1.4865 0000 94.0191 230
1.5266 0000 94.0034 275
1.5667 0000 93.9832 247
1.6069 0000 93.9763 235
1.6471 0000 93.9650 211
1.6872 0000 93.9514 195
1.7276 0000 93.9533 192
1.7680 0000 93.9639 188
1.8086 0000 93.9856 169
1.8492 0000 94.0051 175
1.8895 0000 94.0047 175
1.9298 0000 94.0022 178
1.9701 0000 93.9997 173
2.0101 0000 93.9795 172
2.0501 0000 93.9594 143
2.0902 0000 93.9459 161
2.1305 0000 93.9455 214
2.1710 0000 93.9562 260
2.2116 0000 93.9778 249
2.2521 0000 93.9863 215
2.2928 0000 94.0080 170
2.3332 0000 94.0143 128
2.3737 0000 94.0227 100
2.4139 0000 94.0202 83
2.4539 0000 93.9978 86
2.4951 0000 94.0503 94
2.5355 0000 94.0544 107
2.5759 0000 94.0541 122
2.6161 0000 94.0515 121
2.6565 0000 94.0512 104
2.6969 0000 94.0575 91
2.7379 0000 94.0924 85
2.7789 0000 94.1251 95
2.8193 0000 94.1270 99
2.8597 0000 94.1311 105
2.9002 0000 94.1374 119
2.9410 0000 94.1613 131
2.9814 0000 94.1632 147
3.0218 0000 94.1628 146
3.0622 0000 94.1669 139
3.1031 0000 94.1908 137
3.1437 0000 94.2015 132
3.1847 0000 94.2299 133
3.2251 0000 94.2340 126
3.2660 0000 94.2557 121
3.3069 0000 94.2797 112
3.3474 0000 94.2860 107
3.3877 0000 94.2834 99
3.4273 0000 94.2478 101
3.4676 0000 94.2452 96
3.5081 0000 94.2493 95
3.5486 0000 94.2534 95
3.5891 0000 94.2619 89
3.6302 0000 94.2903 81
3.6713 0000 94.3187 99
3.7119 0000 94.3250 129
3.7524 0000 94.3291 158
3.7927 0000 94.3266 163
3.8335 0000 94.3417 136
3.8738 0000 94.3392 131
3.9142 0000 94.3366 126
3.9534 0000 94.2943 129
3.9936 0000 94.2874 141
4.0339 0000 94.2826 127
4.0737 0000 94.2624 128
4.1141 0000 94.2599 151
4.1546 0000 94.2640 173
4.1950 0000 94.2658 183
4.2351 0000 94.2567 185
4.2754 0000 94.2519 173
4.3159 0000 94.2560 160
4.3569 0000 94.2778 146
4.3975 0000 94.2841 141
4.4378 0000 94.2838 124
4.4780 0000 94.2768 107
4.5175 0000 94.2478 97
4.5570 0000 94.2188 86
4.5975 0000 94.2206 77
4.6387 0000 94.2490 88
4.6799 0000 94.2752 94
4.7197 0000 94.2572 97
4.7601 0000 94.2569 110
4.8013 0000 94.2831 112
4.8431 0000 94.3270 135
4.8847 0000 94.3642 156
4.9255 0000 94.3749 183
4.9663 0000 94.3879 199
5.0067 0000 94.3876 170
5.0471 0000 94.3850 129
5.0872 0000 94.3759 91
5.1256 0000 94.3159 80
5.1660 0000 94.3178 91
5.2066 0000 94.3241 102
5.2473 0000 94.3304 107
5.2877 0000 94.3323 114
5.3281 0000 94.3320 120
5.3683 0000 94.3272 123
5.4083 0000 94.3136 121
5.4484 0000 94.3067 116
5.4897 0000 94.3307 107
5.5303 0000 94.3370 104
5.5708 0000 94.3411 99
5.6114 0000 94.3452 106
5.6518 0000 94.3449 112
5.6921 0000 94.3424 99
5.7326 0000 94.3465 81
5.7730 0000 94.3462 66
5.8108 0000 94.2773 53
5.8497 0000 94.2373 47
5.8875 0000 94.1707 45
5.9291 0000 94.2035 46
5.9698 0000 94.2098 52
6.0102 0000 94.2117 63
6.0512 0000 94.2291 72
6.0906 0000 94.2045 91
6.1310 0000 94.2042 128
6.1713 0000 94.2039 148
6.2115 0000 94.1992 129
6.2520 0000 94.2033 98
6.2936 0000 94.2339 84
6.3343 0000 94.2424 76
6.3749 0000 94.2465 79
6.4152 0000 94.2462 82
6.4574 0000 94.2901 78
6.4995 0000 94.3318 75
6.5420 0000 94.3823 87
6.5836 0000 94.4108 86
6.6239 0000 94.4082 90
6.6642 0000 94.4057 101
6.7035 0000 94.3811 119
6.7427 0000 94.3520 113
6.7831 0000 94.3517 122
6.8233 0000 94.3492 141
6.8634 0000 94.3423 147
6.9036 0000 94.3376 124
6.9428 0000 94.3130 118
6.9826 0000 94.2994 135
7.0228 0000 94.2947 160
7.0633 0000 94.2988 169
7.1039 0000 94.3029 166
7.1433 0000 94.2827 136
7.1831 0000 94.2714 115
7.2239 0000 94.2799 121
7.2645 0000 94.2863 120
7.3055 0000 94.2992 106
7.3460 0000 94.3034 90
7.3875 0000 94.3274 79
7.4295 0000 94.3602 90
7.4702 0000 94.3688 102
7.5116 0000 94.3906 106
7.5521 0000 94.3925 118
7.5925 0000 94.3922 127
7.6329 0000 94.3942 141
7.6734 0000 94.3961 172
7.7137 0000 94.3936 198
7.7541 0000 94.3955 182
7.7946 0000 94.3974 149
7.8347 0000 94.3927 140
7.8741 0000 94.3725 158
7.9142 0000 94.3678 149
7.9535 0000 94.3454 132
7.9934 0000 94.3363 140
8.0337 0000 94.3360 146
8.0742 0000 94.3379 140
8.1139 0000 94.3266 135
8.1529 0000 94.2998 156
8.1934 0000 94.3017 144
8.2350 0000 94.3257 108
8.2757 0000 94.3343 96
8.3163 0000 94.3384 98
8.3567 0000 94.3381 110
8.3970 0000 94.3379 110
8.4371 0000 94.3332 104
8.4771 0000 94.3263 104
8.5171 0000 94.3193 101
8.5560 0000 94.2926 99
8.5957 0000 94.2812 99
8.6357 0000 94.2743 108
8.6761 0000 94.2763 113
8.7154 0000 94.2583 115
8.7556 0000 94.2558 145
8.7953 0000 94.2445 202
8.8349 0000 94.2310 283
8.8736 0000 94.2020 366
8.9139 0000 94.2018 393
8.9564 0000 94.2390 330
8.9989 0000 94.2785 220
9.0430 0000 94.3445 173
9.0852 0000 94.3774 162
9.1253 0000 94.3727 154
9.1639 0000 94.3414 146
9.2039 0000 94.3368 132
9.2429 0000 94.3122 109
9.2814 0000 94.2810 85
9.3200 0000 94.2520 67
9.3601 0000 94.2473 59
9.4000 0000 94.2404 61
9.4388 0000 94.2137 62
9.4774 0000 94.1847 71
9.5174 0000 94.1801 74
9.5562 0000 94.1555 75
9.5968 0000 94.1597 97
9.6370 0000 94.1572 118
9.6778 0000 94.1658 113
9.7183 0000 94.1699 113
9.7582 0000 94.1630 121
9.7980 0000 94.1539 127
9.8383 0000 94.1537 123
9.8787 0000 94.1556 120
9.9191 0000 94.1576 119
9.9595 0000 94.1595 107
9.9997 0000 94.1570 90
10.0383 0000 94.1303 73
10.0745 0000 94.0640 55
10.1060 0000 93.9250 52
10.1441 0000 93.8918 55
10.1792 0000 93.8102 68
10.2148 0000 93.7375 85
10.2546 0000 93.7307 98
10.2970 0000 93.7656 92
10.3427 0000 93.8509 80
10.3930 0000 94.0068 79
10.4347 0000 94.0286 86
10.4748 0000 94.0261 94
10.5183 0000 94.0765 93
10.5589 0000 94.0807 98
10.5981 0000 94.0650 117
10.6381 0000 94.0603 120
10.6768 0000 94.0358 112
10.7167 0000 94.0312 120
10.7568 0000 94.0287 126
10.7969 0000 94.0263 119
10.8367 0000 94.0194 107
10.8752 0000 93.9927 103
10.9132 0000 93.9595 86
10.9510 0000 93.9240 91
10.9908 0000 93.9172 95
11.0307 0000 93.9125 90
11.0692 0000 93.8881 78
11.1082 0000 93.8702 81
11.1483 0000 93.8678 82
11.1882 0000 93.8631 92
11.2279 0000 93.8563 105
11.2663 0000 93.8297 101
11.3058 0000 93.8206 97
11.3457 0000 93.8160 93
11.3871 0000 93.8333 97
11.4269 0000 93.8265 98
11.4655 0000 93.8042 94
11.5055 0000 93.8018 93
11.5443 0000 93.7818 102
11.5838 0000 93.7727 114
11.6224 0000 93.7505 121
11.6616 0000 93.7371 131
11.6983 0000 93.6886 145
11.7379 0000 93.6818 180
11.7781 0000 93.6815 199
11.8184 0000 93.6835 178
11.8587 0000 93.6854 139
11.8998 0000 93.6983 113
11.9394 0000 93.6915 99
11.9781 0000 93.6715 102
12.0177 0000 93.6647 118
12.0566 0000 93.6469 130
12.0960 0000 93.6379 101
12.1355 0000 93.6289 81
12.1758 0000 93.6308 90
12.2161 0000 93.6328 106
12.2558 0000 93.6281 119
12.2934 0000 93.5950 127
12.3327 0000 93.5838 143
12.3726 0000 93.5814 144
12.4129 0000 93.5833 144
12.4533 0000 93.5875 139
12.4938 0000 93.5916 129
12.5339 0000 93.5914 130
12.5738 0000 93.5889 132
12.6137 0000 93.5865 130
12.6511 0000 93.5512 138
12.6886 0000 93.5181 178
12.7280 0000 93.5092 182
12.7651 0000 93.4717 168
12.8046 0000 93.4649 148
12.8442 0000 93.4581 113
12.8821 0000 93.4316 90
12.9220 0000 93.4292 88
12.9617 0000 93.4246 101
13.0010 0000 93.4156 102
13.0411 0000 93.4154 93
13.0814 0000 93.4195 87
13.1218 0000 93.4236 93
13.1619 0000 93.4234 104
13.2014 0000 93.4166 103
13.2410 0000 93.4120 99
13.2811 0000 93.4118 103
13.3214 0000 93.4159 116
13.3620 0000 93.4222 124
13.4015 0000 93.4154 116
13.4379 0000 93.3715 109
13.4775 0000 93.3669 105
13.5190 0000 93.3841 94
13.5610 0000 93.4079 105
13.6009 0000 93.4055 109
13.6407 0000 93.4030 108
13.6790 0000 93.3831 100
13.7198 0000 93.3916 108
13.7581 0000 93.3717 100
13.7983 0000 93.3737 102
13.8383 0000 93.3734 107
13.8781 0000 93.3710 114
13.9177 0000 93.3664 119
13.9541 0000 93.3247 117
13.9932 0000 93.3135 117
14.0279 0000 93.2522 134
14.0665 0000 93.2367 163
14.1063 0000 93.2343 190
14.1460 0000 93.2319 206
14.1856 0000 93.2273 200
14.2256 0000 93.2271 183
14.2659 0000 93.2312 169
14.3058 0000 93.2309 165
14.3454 0000 93.2263 154
14.3836 0000 93.2065 143
14.4226 0000 93.1953 127
14.4625 0000 93.1951 121
14.5009 0000 93.1774 105
14.5396 0000 93.1641 102
14.5785 0000 93.1530 108
14.6167 0000 93.1332 129
14.6545 0000 93.1090 138
14.6940 0000 93.1044 164
14.7337 0000 93.1020 190
14.7734 0000 93.0995 209
14.8134 0000 93.1015 206
14.8533 0000 93.1012 184
14.8926 0000 93.0944 151
14.9303 0000 93.0703 121
14.9696 0000 93.0635 90
15.0075 0000 93.0415 83
15.0471 0000 93.0391 78
15.0894 0000 93.0649 78
15.1297 0000 93.0690 88
15.1695 0000 93.0688 87
15.2090 0000 93.0642 82
15.2478 0000 93.0531 80
15.2875 0000 93.0506 88
15.3278 0000 93.0547 112
15.3684 0000 93.0632 143
15.4089 0000 93.0694 155
15.4488 0000 93.0692 141
15.4882 0000 93.0646 124
15.5283 0000 93.0665 112
15.5681 0000 93.0663 96
15.6071 0000 93.0573 76
15.6436 0000 93.0223 64
15.6820 0000 93.0068 63
15.7191 0000 92.9783 70
15.7590 0000 92.9780 74
15.7967 0000 92.9561 82
15.8365 0000 92.9558 90
15.8759 0000 92.9512 103
15.9136 0000 92.9292 105
15.9536 0000 92.9312 111
15.9974 0000 92.9722 113
16.0355 0000 92.9545 101
16.0745 0000 92.9456 102
16.1119 0000 92.9214 116
16.1509 0000 92.9125 124
16.1881 0000 92.8862 126
16.2274 0000 92.8816 134
16.2664 0000 92.8727 142
16.3053 0000 92.8637 136
16.3427 0000 92.8396 128
16.3829 0000 92.8437 117
16.4272 0000 92.8890 112
16.4672 0000 92.8909 114
16.5071 0000 92.8928 121
16.5502 0000 92.9251 117
16.5902 0000 92.9270 117
16.6271 0000 92.8985 122
16.6638 0000 92.8679 116
16.7031 0000 92.8633 117
16.7433 0000 92.8673 112
16.7855 0000 92.8909 114
16.8255 0000 92.8928 105
16.8654 0000 92.8947 104
16.9025 0000 92.8684 105
16.9416 0000 92.8616 116
16.9804 0000 92.8527 139
17.0166 0000 92.8178 159
17.0579 0000 92.8327 166
17.0956 0000 92.8129 187
17.1347 0000 92.8061 157
17.1737 0000 92.7993 130
17.2136 0000 92.8012 129
17.2540 0000 92.8075 128
17.2960 0000 92.8289 130
17.3355 0000 92.8264 120
17.3755 0000 92.8283 111
17.4159 0000 92.8346 107
17.4558 0000 92.8365 110
17.4960 0000 92.8405 109
17.5389 0000 92.8706 95
17.5826 0000 92.9072 104
17.6230 0000 92.9134 120
17.6625 0000 92.9110 139
17.7020 0000 92.9085 153
17.7438 0000 92.9278 140
17.7835 0000 92.9275 136
17.8211 0000 92.9077 150
17.8606 0000 92.9053 146
17.8999 0000 92.9007 126
17.9360 0000 92.8679 106
17.9724 0000 92.8372 124
18.0119 0000 92.8348 132
18.0547 0000 92.8627 117
18.0970 0000 92.8863 128
18.1362 0000 92.8817 127
18.1759 0000 92.8814 115
18.2137 0000 92.8638 111
18.2527 0000 92.8570 108
18.2895 0000 92.8307 107
18.3294 0000 92.8326 108
18.3691 0000 92.8323 103
18.4082 0000 92.8277 109
18.4477 0000 92.8253 109
18.4878 0000 92.8294 104
18.5285 0000 92.8377 112
18.5706 0000 92.8591 106
18.6122 0000 92.8762 103
18.6516 0000 92.8738 92
18.6918 0000 92.8778 87
18.7290 0000 92.8559 86
18.7684 0000 92.8534 91
18.8054 0000 92.8293 93
18.8448 0000 92.8269 78
18.8847 0000 92.8288 71
18.9246 0000 92.8307 71
18.9603 0000 92.7958 67
18.9987 0000 92.7847 63
19.0356 0000 92.7606 71
19.0782 0000 92.7863 76
19.1178 0000 92.7860 56
19.1610 0000 92.8161 47
19.2039 0000 92.8439 56
19.2400 0000 92.8134 82
19.2789 0000 92.8066 127
19.3160 0000 92.7847 165
19.3556 0000 92.7844 204
19.3955 0000 92.7863 255
19.4353 0000 92.7882 312
19.4755 0000 92.7923 314
19.5156 0000 92.7963 264
19.5557 0000 92.8004 228
19.5994 0000 92.8348 234
19.6398 0000 92.8410 253
19.6807 0000 92.8516 263
19.7219 0000 92.8643 268
19.7654 0000 92.8965 252
19.8084 0000 92.9245 196
19.8566 0000 92.9958 162
19.9018 0000 93.0411 170
19.9420 0000 93.0452 181
19.9819 0000 93.0471 192
20.0213 0000 93.0446 181
20.0562 0000 93.0053 155
20.0951 0000 92.9985 150
20.1344 0000 92.9961 158
20.1735 0000 92.9915 171
20.2126 0000 92.9869 190
20.2515 0000 92.9801 194
20.2911 0000 92.9799 181
20.3318 0000 92.9883 164
20.3784 0000 93.0445 137
20.4229 0000 93.0833 125
20.4633 0000 93.0896 145
20.5038 0000 93.0959 159
20.5464 0000 93.1195 173
20.5890 0000 93.1432 170
20.6284 0000 93.1408 180
20.6648 0000 93.1144 203
20.7034 0000 93.1055 211
20.7427 0000 93.1031 199
20.7835 0000 93.1115 166
20.8242 0000 93.1200 133
20.8644 0000 93.1241 113
20.9109 0000 93.1782 105
20.9519 0000 93.1888 107
20.9952 0000 93.2169 111
21.0390 0000 93.2493 100
21.0817 0000 93.2730 111
21.1222 0000 93.2793 121
21.1627 0000 93.2856 124
21.2060 0000 93.3137 116
21.2471 0000 93.3244 121
21.2876 0000 93.3307 127
21.3306 0000 93.3566 132
21.3737 0000 93.3826 153
21.4142 0000 93.3889 165
21.4576 0000 93.4170 161
21.4942 0000 93.3928 176
21.5327 0000 93.3839 186
21.5724 0000 93.3836 183
21.6120 0000 93.3834 171
21.6520 0000 93.3854 151
21.6925 0000 93.3917 129
21.7362 0000 93.4220 124
21.7799 0000 93.4524 103
21.8207 0000 93.4609 94
21.8613 0000 93.4672 107
21.9041 0000 93.4910 93
21.9438 0000 93.4908 101
21.9844 0000 93.4972 114
22.0264 0000 93.5144 119
22.0722 0000 93.5601 116
22.1130 0000 93.5686 96
22.1556 0000 93.5903 81
22.1991 0000 93.6185 69
22.2400 0000 93.6271 61
22.2891 0000 93.6968 59
22.3285 0000 93.6945 61
22.3676 0000 93.6899 67
22.4038 0000 93.6634 75
22.4435 0000 93.6632 82
22.4802 0000 93.6412 98
22.5205 0000 93.6454 107
22.5607 0000 93.6495 100
22.6037 0000 93.6734 99
22.6464 0000 93.6951 93
22.6863 0000 93.6971 99
22.7236 0000 93.6794 95
22.7612 0000 93.6639 109
22.8006 0000 93.6615 103
22.8450 0000 93.6963 91
22.8853 0000 93.7005 87
22.9256 0000 93.7047 89
22.9652 0000 93.7045 88
23.0058 0000 93.7109 81
23.0461 0000 93.7151 78
23.0854 0000 93.7127 83
23.1245 0000 93.7082 90
23.1632 0000 93.7014 102
23.2029 0000 93.7013 122
23.2431 0000 93.7054 137
23.2849 0000 93.7206 133
23.3251 0000 93.7248 136
23.3657 0000 93.7312 132
23.4066 0000 93.7397 131
23.4481 0000 93.7527 144
23.4908 0000 93.7744 183
23.5338 0000 93.7983 183
23.5750 0000 93.8090 180
23.6159 0000 93.8176 167
23.6556 0000 93.8174 171
23.6946 0000 93.8129 166
23.7345 0000 93.8149 122
23.7742 0000 93.8147 91
23.8125 0000 93.8058 77
23.8487 0000 93.7816 77
23.8887 0000 93.7836 78
23.9289 0000 93.7878 73
23.9707 0000 93.8029 67
24.0097 0000 93.7984 60
24.0500 0000 93.8026 67
24.0899 0000 93.8046 67
24.1286 0000 93.7979 62
24.1672 0000 93.7911 60
24.2065 0000 93.7888 63
24.2474 0000 93.7974 72
24.2880 0000 93.8038 77
24.3314 0000 93.8298 69
24.3716 0000 93.8340 70
24.4116 0000 93.8360 77
24.4509 0000 93.8337 78
24.4908 0000 93.8357 75
24.5310 0000 93.8399 76
24.5710 0000 93.8419 75
24.6093 0000 93.8330 75
24.6447 0000 93.8045 74
24.6846 0000 93.8065 78
24.7281 0000 93.8325 85
24.7677 0000 93.8324 83
24.8070 0000 93.8300 74
24.8469 0000 93.8320 64
24.8865 0000 93.8319 60
24.9267 0000 93.8361 59
24.9702 0000 93.8621 63
25.0101 0000 93.8641 66
25.0488 0000 93.8574 70
25.0854 0000 93.8376 67
25.1250 0000 93.8375 69
25.1653 0000 93.8417 71
25.2062 0000 93.8502 73
25.2458 0000 93.8501 74
25.2886 0000 93.8717 78
25.3286 0000 93.8738 65
25.3724 0000 93.9020 58
25.4120 0000 93.9018 57
25.4473 0000 93.8733 57
