wt=151392243, DLLFiFo=0
-24.1841 0000 82.5712 81
-24.1473 0000 82.5725 69
-24.1073 0000 82.5527 53
-24.0739 0000 82.5768 43
-24.0370 0000 82.5780 41
-24.0041 0000 82.6059 45
-23.9681 0000 82.6128 54
-23.9341 0000 82.6331 65
-23.8941 0000 82.6134 59
-23.8570 0000 82.6127 71
-23.8198 0000 82.6120 85
-23.7799 0000 82.5922 72
-23.7458 0000 82.6125 96
-23.7109 0000 82.6271 109
-23.6727 0000 82.6187 100
-23.6347 0000 82.6123 82
-23.6014 0000 82.6383 74
-23.5729 0000 82.6968 85
-23.5393 0000 82.7210 102
-23.4955 0000 82.6745 111
-23.4545 0000 82.6470 136
-23.4145 0000 82.6273 144
-23.3765 0000 82.6209 132
-23.3372 0000 82.6049 111
-23.2992 0000 82.5985 100
-23.2623 0000 82.5998 107
-23.2257 0000 82.6029 116
-23.1885 0000 82.6022 127
-23.1536 0000 82.6168 125
-23.1172 0000 82.6218 127
-23.0814 0000 82.6307 123
-23.0502 0000 82.6720 118
-23.0163 0000 82.6942 117
-22.9823 0000 82.7165 131
-22.9449 0000 82.7139 132
-22.9071 0000 82.7094 119
-22.8691 0000 82.7030 120
-22.8319 0000 82.7024 133
-22.7987 0000 82.7304 116
-22.7663 0000 82.7641 110
-22.7294 0000 82.7653 95
-22.6900 0000 82.7494 82
-22.6469 0000 82.7067 86
-22.6121 0000 82.7232 92
-22.5807 0000 82.7646 110
-22.5435 0000 82.7640 126
-22.5052 0000 82.7557 121
-22.4650 0000 82.7340 98
-22.4201 0000 82.6780 125
-22.3794 0000 82.6525 174
-22.3419 0000 82.6500 181
-22.3047 0000 82.6493 142
-22.2669 0000 82.6449 125
-22.2292 0000 82.6404 143
-22.1898 0000 82.6245 157
-22.1552 0000 82.6430 174
-22.1229 0000 82.6786 205
-22.0864 0000 82.6837 228
-22.0500 0000 82.6888 248
-22.0135 0000 82.6939 260
-21.9796 0000 82.7182 239
-21.9469 0000 82.7519 247
-21.9125 0000 82.7724 245
-21.8811 0000 82.8157 237
-21.8446 0000 82.8209 212
-21.8075 0000 82.8222 179
-21.7679 0000 82.8044 158
-21.7295 0000 82.7961 123
-21.6914 0000 82.7898 104
-21.6543 0000 82.7911 100
-21.6213 0000 82.8230 108
-21.5845 0000 82.8263 142
-21.5477 0000 82.8295 182
-21.5106 0000 82.8308 184
-21.4737 0000 82.8341 165
-21.4371 0000 82.8393 159
-21.4022 0000 82.8578 198
-21.3669 0000 82.8726 211
-21.3305 0000 82.8797 230
-21.2926 0000 82.8753 267
-21.2534 0000 82.8613 350
-21.2161 0000 82.8608 355
-21.1772 0000 82.8487 326
-21.1390 0000 82.8424 334
-21.1014 0000 82.8399 275
-21.0687 0000 82.8758 211
-21.0340 0000 82.8963 195
-20.9975 0000 82.9034 172
-20.9599 0000 82.9009 144
-20.9217 0000 82.8947 135
-20.8843 0000 82.8941 118
-20.8495 0000 82.9147 106
-20.8136 0000 82.9256 99
-20.7776 0000 82.9366 111
-20.7428 0000 82.9572 118
-20.7075 0000 82.9739 126
-20.6705 0000 82.9772 111
-20.6333 0000 82.9786 110
-20.5978 0000 82.9934 106
-20.5605 0000 82.9948 110
-20.5230 0000 82.9943 114
-20.4858 0000 82.9957 132
-20.4466 0000 82.9818 167
-20.4072 0000 82.9659 171
-20.3702 0000 82.9692 217
-20.3327 0000 82.9687 245
-20.2962 0000 82.9759 238
-20.2613 0000 82.9965 198
-20.2254 0000 83.0094 210
-20.1886 0000 83.0147 186
-20.1511 0000 83.0142 145
-20.1186 0000 83.0540 118
-20.0810 0000 83.0535 100
-20.0400 0000 83.0242 101
-20.0008 0000 83.0102 115
-19.9605 0000 82.9867 126
-19.9230 0000 82.9862 144
-19.8861 0000 82.9915 161
-19.8484 0000 82.9891 165
-19.8081 0000 82.9656 137
-19.7664 0000 82.9305 125
-19.7231 0000 82.8821 109
-19.6805 0000 82.8395 96
-19.6345 0000 82.7682 126
-19.5942 0000 82.7447 170
-19.5554 0000 82.7327 206
-19.5181 0000 82.7342 211
-19.4806 0000 82.7337 208
-19.4436 0000 82.7370 141
-19.4059 0000 82.7346 91
-19.3693 0000 82.7418 62
-19.3364 0000 82.7796 50
-19.3093 0000 82.8672 51
-19.2686 0000 82.8399 58
-19.2331 0000 82.8567 85
-19.1976 0000 82.8734 100
-19.1568 0000 82.8442 91
-19.1148 0000 82.8054 80
-19.0712 0000 82.7532 121
-19.0313 0000 82.7317 144
-18.9938 0000 82.7312 150
-18.9574 0000 82.7403 163
-18.9212 0000 82.7513 165
-18.8860 0000 82.7700 136
-18.8540 0000 82.8174 99
-18.8228 0000 82.8725 101
-18.7904 0000 82.9161 129
-18.7522 0000 82.9099 159
-18.7170 0000 82.9305 153
-18.6817 0000 82.9492 134
-18.6485 0000 82.9872 113
-18.6092 0000 82.9713 109
-18.5664 0000 82.9248 122
-18.5263 0000 82.9013 135
-18.4894 0000 82.9066 113
-18.4527 0000 82.9138 86
-18.4151 0000 82.9133 77
-18.3800 0000 82.9339 87
-18.3424 0000 82.9335 93
-18.3012 0000 82.9004 98
-18.2626 0000 82.8903 107
-18.2233 0000 82.8745 118
-18.1835 0000 82.8529 115
-18.1457 0000 82.8506 108
-18.1086 0000 82.8539 100
-18.0717 0000 82.8592 100
-18.0344 0000 82.8606 91
-17.9960 0000 82.8525 81
-17.9504 0000 82.7792 91
-17.9054 0000 82.7098 140
-17.8660 0000 82.6921 233
-17.8287 0000 82.6936 253
-17.7899 0000 82.6816 181
-17.7547 0000 82.7022 138
-17.7228 0000 82.7534 178
-17.6886 0000 82.7836 241
-17.6504 0000 82.7773 214
-17.6063 0000 82.7156 168
-17.5597 0000 82.6309 198
-17.5171 0000 82.5827 237
-17.4778 0000 82.5650 277
-17.4401 0000 82.5626 252
-17.4059 0000 82.5927 193
-17.3753 0000 82.6572 179
-17.3396 0000 82.6740 183
-17.3068 0000 82.7175 193
-17.2719 0000 82.7419 210
-17.2374 0000 82.7702 193
-17.1996 0000 82.7678 153
-17.1603 0000 82.7501 144
-17.1201 0000 82.7247 126
-17.0818 0000 82.7166 117
-17.0443 0000 82.7161 111
-17.0070 0000 82.7175 110
-16.9692 0000 82.7151 118
-16.9307 0000 82.7051 128
-16.8902 0000 82.6759 128
-16.8496 0000 82.6448 135
-16.8087 0000 82.6118 131
-16.7685 0000 82.5846 101
-16.7272 0000 82.5478 87
-16.6802 0000 82.4537 100
-16.6383 0000 82.4094 105
-16.6004 0000 82.4051 90
-16.5573 0000 82.3493 90
-16.5156 0000 82.3069 141
-16.4774 0000 82.2988 229
-16.4400 0000 82.2983 280
-16.4016 0000 82.2883 274
-16.3636 0000 82.2821 279
-16.3258 0000 82.2778 254
-16.2878 0000 82.2716 221
-16.2502 0000 82.2692 198
-16.2129 0000 82.2706 176
-16.1757 0000 82.2720 143
-16.1403 0000 82.2925 110
-16.1042 0000 82.3053 77
-16.0754 0000 82.3925 66
-16.0441 0000 82.4550 74
-16.0074 0000 82.4621 84
-15.9701 0000 82.4635 86
-15.9328 0000 82.4649 77
-15.8968 0000 82.4797 69
-15.8588 0000 82.4735 70
-15.8178 0000 82.4367 120
-15.7796 0000 82.4286 210
-15.7415 0000 82.4224 230
-15.7033 0000 82.4143 175
-15.6640 0000 82.3947 132
-15.6260 0000 82.3885 126
-15.5867 0000 82.3689 126
-15.5462 0000 82.3360 98
-15.5049 0000 82.2955 83
-15.4630 0000 82.2474 61
-15.4189 0000 82.1766 53
-15.3782 0000 82.1418 49
-15.3360 0000 82.0900 47
-15.2980 0000 82.0839 50
-15.2606 0000 82.0834 53
-15.2232 0000 82.0829 57
-15.1832 0000 82.0539 59
-15.1447 0000 82.0420 66
-15.1073 0000 82.0415 70
-15.0701 0000 82.0429 75
-15.0329 0000 82.0443 88
-14.9959 0000 82.0476 108
-14.9590 0000 82.0528 117
-14.9237 0000 82.0751 100
-14.8879 0000 82.0917 101
-14.8525 0000 82.1140 109
-14.8146 0000 82.1079 96
-14.7743 0000 82.0751 83
-14.7307 0000 82.0062 96
-14.6921 0000 81.9925 114
-14.6554 0000 81.9996 113
-14.6187 0000 82.0067 114
-14.5817 0000 82.0100 139
-14.5450 0000 82.0171 167
-14.5081 0000 82.0223 188
-14.4710 0000 82.0256 202
-14.4333 0000 82.0213 196
-14.3929 0000 81.9867 170
-14.3543 0000 81.9729 153
-14.3146 0000 81.9459 137
-14.2778 0000 81.9511 187
-14.2419 0000 81.9676 315
-14.2042 0000 81.9634 365
-14.1643 0000 81.9344 319
-14.1263 0000 81.9264 262
-14.0871 0000 81.9050 204
-14.0450 0000 81.8496 177
-14.0078 0000 81.8510 170
-13.9708 0000 81.8543 150
-13.9335 0000 81.8538 136
-13.8961 0000 81.8533 136
-13.8580 0000 81.8434 135
-13.8177 0000 81.8088 144
-13.7794 0000 81.7970 135
-13.7389 0000 81.7587 109
-13.7013 0000 81.7544 82
-13.6655 0000 81.7728 72
-13.6264 0000 81.7516 68
-13.5847 0000 81.6981 87
-13.5455 0000 81.6750 127
-13.5043 0000 81.6273 194
-13.4646 0000 81.5985 239
-13.4246 0000 81.5640 313
-13.3859 0000 81.5465 381
-13.3466 0000 81.5215 435
-13.3104 0000 81.5343 385
-13.2753 0000 81.5602 364
-13.2392 0000 81.5748 272
-13.2045 0000 81.6064 187
-13.1720 0000 81.6645 165
-13.1389 0000 81.7170 164
-13.1018 0000 81.7184 158
-13.0640 0000 81.7122 143
-13.0267 0000 81.7118 135
-12.9881 0000 81.6962 149
-12.9507 0000 81.6938 155
-12.9132 0000 81.6915 153
-12.8753 0000 81.6834 155
-12.8350 0000 81.6452 147
-12.7881 0000 81.5220 176
-12.7457 0000 81.4555 220
-12.7062 0000 81.4268 258
-12.6684 0000 81.4188 235
-12.6310 0000 81.4164 201
-12.5946 0000 81.4272 160
-12.5598 0000 81.4588 124
-12.5247 0000 81.4866 131
-12.4879 0000 81.4918 141
-12.4506 0000 81.4913 166
-12.4135 0000 81.4928 216
-12.3765 0000 81.4961 262
-12.3393 0000 81.4975 267
-12.3018 0000 81.4932 253
-12.2641 0000 81.4871 249
-12.2254 0000 81.4678 220
-12.1864 0000 81.4447 220
-12.1468 0000 81.4122 202
-12.1090 0000 81.4042 194
-12.0698 0000 81.3774 159
-12.0302 0000 81.3449 138
-11.9910 0000 81.3181 120
-11.9536 0000 81.3158 100
-11.9168 0000 81.3209 115
-11.8815 0000 81.3468 202
-11.8453 0000 81.3614 260
-11.8080 0000 81.3610 324
-11.7709 0000 81.3624 375
-11.7357 0000 81.3902 350
-11.7000 0000 81.4124 323
-11.6661 0000 81.4590 307
-11.6308 0000 81.4869 299
-11.5939 0000 81.4921 257
-11.5576 0000 81.5067 220
-11.5192 0000 81.4893 226
-11.4816 0000 81.4851 215
-11.4429 0000 81.4639 190
-11.4040 0000 81.4408 203
-11.3663 0000 81.4347 217
-11.3289 0000 81.4324 223
-11.2917 0000 81.4338 228
-11.2528 0000 81.4088 225
-11.2145 0000 81.3933 229
-11.1768 0000 81.3872 230
-11.1395 0000 81.3868 238
-11.0994 0000 81.3449 244
-11.0600 0000 81.3124 268
-11.0207 0000 81.2819 247
-10.9816 0000 81.2532 254
-10.9438 0000 81.2452 230
-10.9062 0000 81.2391 188
-10.8676 0000 81.2180 153
-10.8288 0000 81.1950 101
-10.7909 0000 81.1833 78
-10.7519 0000 81.1565 77
-10.7146 0000 81.1561 81
-10.6786 0000 81.1745 81
-10.6411 0000 81.1703 93
-10.6036 0000 81.1661 132
-10.5664 0000 81.1656 186
-10.5294 0000 81.1689 232
-10.4924 0000 81.1723 285
-10.4556 0000 81.1794 333
-10.4187 0000 81.1846 324
-10.3812 0000 81.1804 290
-10.3437 0000 81.1762 280
-10.3076 0000 81.1945 227
-10.2729 0000 81.2355 206
-10.2369 0000 81.2557 182
-10.2016 0000 81.2873 141
-10.1649 0000 81.2963 102
-10.1299 0000 81.3335 92
-10.0942 0000 81.3595 90
-10.0563 0000 81.3477 102
-10.0166 0000 81.3077 142
-9.9779 0000 81.2847 170
-9.9407 0000 81.2862 197
-9.9036 0000 81.2876 190
-9.8663 0000 81.2872 155
-9.8340 0000 81.3716 123
-9.8045 0000 81.5032 130
-9.7691 0000 81.5367 172
-9.7317 0000 81.5344 216
-9.6940 0000 81.5283 250
-9.6574 0000 81.5411 227
-9.6194 0000 81.5294 190
-9.5820 0000 81.5290 190
-9.5447 0000 81.5285 212
-9.5081 0000 81.5413 242
-9.4688 0000 81.5069 250
-9.4315 0000 81.5065 275
-9.3952 0000 81.5250 361
-9.3579 0000 81.5264 409
-9.3207 0000 81.5279 385
-9.2837 0000 81.5350 342
-9.2465 0000 81.5365 287
-9.2084 0000 81.5228 224
-9.1681 0000 81.4696 204
-9.1268 0000 81.3956 283
-9.0888 0000 81.3838 317
-9.0507 0000 81.3683 268
-9.0136 0000 81.3717 264
-8.9764 0000 81.3750 305
-8.9394 0000 81.3802 340
-8.9032 0000 81.4006 363
-8.8668 0000 81.4171 306
-8.8289 0000 81.4054 288
-8.7913 0000 81.4012 250
-8.7530 0000 81.3819 228
-8.7169 0000 81.4041 265
-8.6807 0000 81.4264 257
-8.6461 0000 81.4788 258
-8.6094 0000 81.4916 242
-8.5724 0000 81.4968 198
-8.5368 0000 81.5304 182
-8.5024 0000 81.5886 194
-8.4667 0000 81.6222 209
-8.4304 0000 81.6426 255
-8.3930 0000 81.6422 272
-8.3565 0000 81.6607 251
-8.3182 0000 81.6414 226
-8.2808 0000 81.6409 212
-8.2446 0000 81.6632 188
-8.2072 0000 81.6628 167
-8.1685 0000 81.6359 123
-8.1295 0000 81.6033 95
-8.0906 0000 81.5708 79
-8.0531 0000 81.5685 78
-8.0157 0000 81.5662 98
-7.9781 0000 81.5620 117
-7.9407 0000 81.5616 114
-7.9050 0000 81.5952 95
-7.8698 0000 81.6421 107
-7.8342 0000 81.6814 138
-7.7970 0000 81.6848 179
-7.7597 0000 81.6863 193
-7.7217 0000 81.6726 174
-7.6832 0000 81.6495 118
-7.6453 0000 81.6377 96
-7.6071 0000 81.6184 92
-7.5687 0000 81.5953 125
-7.5313 0000 81.5949 146
-7.4939 0000 81.5945 153
-7.4567 0000 81.5979 157
-7.4194 0000 81.5993 138
-7.3827 0000 81.6160 98
-7.3448 0000 81.6023 91
-7.3077 0000 81.6095 86
-7.2722 0000 81.6545 90
-7.2382 0000 81.7336 87
-7.2060 0000 81.8565 90
-7.1707 0000 81.9073 94
-7.1363 0000 81.9791 86
-7.1008 0000 82.0263 90
-7.0632 0000 82.0240 83
-7.0254 0000 82.0160 82
-6.9879 0000 82.0156 102
-6.9514 0000 82.0399 123
-6.9147 0000 82.0585 150
-6.8789 0000 82.1019 167
-6.8423 0000 82.1225 168
-6.8063 0000 82.1621 157
-6.7689 0000 82.1655 158
-6.7319 0000 82.1765 195
-6.6952 0000 82.1990 239
-6.6579 0000 82.2044 206
-6.6202 0000 82.2002 159
-6.5825 0000 82.1960 113
-6.5462 0000 82.2280 85
-6.5129 0000 82.3402 107
-6.4757 0000 82.3513 161
-6.4377 0000 82.3394 196
-6.3982 0000 82.2856 209
-6.3595 0000 82.2547 236
-6.3217 0000 82.2486 296
-6.2841 0000 82.2463 330
-6.2467 0000 82.2497 324
-6.2093 0000 82.2550 282
-6.1723 0000 82.2699 243
-6.1349 0000 82.2753 175
-6.0978 0000 82.2863 110
-6.0622 0000 82.3452 92
-6.0260 0000 82.3849 139
-5.9881 0000 82.3750 234
-5.9505 0000 82.3727 329
-5.9131 0000 82.3780 391
-5.8755 0000 82.3796 451
-5.8377 0000 82.3716 469
-5.8007 0000 82.3903 482
-5.7637 0000 82.4090 363
-5.7263 0000 82.4144 297
-5.6895 0000 82.4389 259
-5.6531 0000 82.4768 207
-5.6173 0000 82.5320 199
-5.5809 0000 82.5718 178
-5.5441 0000 82.5983 170
-5.5064 0000 82.5960 153
-5.4676 0000 82.5592 159
-5.4293 0000 82.5359 168
-5.3923 0000 82.5585 201
-5.3550 0000 82.5677 231
-5.3172 0000 82.5635 267
-5.2794 0000 82.5555 276
-5.2413 0000 82.5398 246
-5.2032 0000 82.5241 253
-5.1652 0000 82.5122 215
-5.1268 0000 82.4831 177
-5.0883 0000 82.4541 196
-5.0496 0000 82.4154 186
-5.0109 0000 82.3749 202
-4.9728 0000 82.3554 180
-4.9357 0000 82.3742 182
-4.8985 0000 82.3891 198
-4.8612 0000 82.3983 209
-4.8237 0000 82.4018 160
-4.7861 0000 82.4014 107
-4.7488 0000 82.4145 107
-4.7111 0000 82.4103 118
-4.6730 0000 82.3889 92
-4.6347 0000 82.3618 63
-4.5976 0000 82.3805 46
-4.5647 0000 82.5716 46
-4.5277 0000 82.5962 51
-4.4894 0000 82.5709 63
-4.4518 0000 82.5725 83
-4.4143 0000 82.5779 89
-4.3773 0000 82.6024 86
-4.3402 0000 82.6289 102
-4.3029 0000 82.6420 136
-4.2653 0000 82.6436 151
-4.2276 0000 82.6413 146
-4.1899 0000 82.6390 137
-4.1522 0000 82.6387 120
-4.1153 0000 82.6748 106
-4.0778 0000 82.6802 96
-4.0401 0000 82.6798 90
-4.0024 0000 82.6757 92
-3.9647 0000 82.6772 104
-3.9271 0000 82.6807 122
-3.8896 0000 82.6861 137
-3.8519 0000 82.6858 151
-3.8143 0000 82.6874 153
-3.7767 0000 82.6947 143
-3.7398 0000 82.7308 133
-3.7022 0000 82.7343 125
-3.6646 0000 82.7398 124
-3.6270 0000 82.7452 132
-3.5893 0000 82.7448 131
-3.5513 0000 82.7272 116
-3.5135 0000 82.7173 90
-3.4756 0000 82.7092 74
-3.4375 0000 82.6839 68
-3.4003 0000 82.7086 69
-3.3627 0000 82.7159 91
-3.3252 0000 82.7232 129
-3.2875 0000 82.7248 179
-3.2501 0000 82.7379 189
-3.2124 0000 82.7395 194
-3.1746 0000 82.7334 189
-3.1369 0000 82.7273 182
-3.0993 0000 82.7346 163
-3.0621 0000 82.7670 137
-3.0245 0000 82.7743 141
-2.9870 0000 82.7874 145
-2.9494 0000 82.7890 121
-2.9117 0000 82.7906 111
-2.8741 0000 82.7960 116
-2.8364 0000 82.7995 125
-2.7987 0000 82.7934 131
-2.7606 0000 82.7681 151
-2.7225 0000 82.7390 167
-2.6847 0000 82.7271 233
-2.6468 0000 82.7114 296
-2.6092 0000 82.7130 344
-2.5716 0000 82.7185 332
-2.5341 0000 82.7373 321
-2.4966 0000 82.7485 321
-2.4592 0000 82.7732 337
-2.4216 0000 82.7863 393
-2.3839 0000 82.7840 360
-2.3461 0000 82.7722 270
-2.3083 0000 82.7642 207
-2.2706 0000 82.7581 166
-2.2330 0000 82.7654 140
-2.1955 0000 82.7920 114
-2.1578 0000 82.7898 98
-2.1195 0000 82.7241 83
-2.0799 0000 82.5148 89
-2.0421 0000 82.4953 110
-2.0045 0000 82.4950 118
-1.9669 0000 82.5023 100
-1.9294 0000 82.5116 80
-1.8918 0000 82.5151 65
-1.8542 0000 82.5167 52
-1.8167 0000 82.5413 47
-1.7787 0000 82.4892 48
-1.7408 0000 82.4506 55
-1.7027 0000 82.3815 74
-1.6648 0000 82.3353 85
-1.6273 0000 82.3483 75
-1.5909 0000 82.5413 49
-1.5545 0000 82.7539 77
-1.5168 0000 82.7344 106
-1.4791 0000 82.7302 129
-1.4413 0000 82.7241 127
-1.4036 0000 82.6988 104
-1.3659 0000 82.6928 86
-1.3280 0000 82.6618 72
-1.2902 0000 82.6269 59
-1.2524 0000 82.5710 51
-1.2147 0000 82.5688 47
-1.1769 0000 82.5072 47
-1.1391 0000 82.4781 55
-1.1016 0000 82.5104 74
-1.0640 0000 82.5177 93
-1.0264 0000 82.5155 97
-0.9888 0000 82.5133 91
-0.9511 0000 82.5110 81
-0.9135 0000 82.5031 63
-0.8757 0000 82.4128 48
-0.8380 0000 82.2902 49
-0.8004 0000 82.2841 65
-0.7628 0000 82.2686 76
-0.7252 0000 82.2702 75
-0.6877 0000 82.2889 66
-0.6501 0000 82.3135 52
-0.6125 0000 82.4107 48
-0.5749 0000 82.5099 59
-0.5373 0000 82.5345 76
-0.4997 0000 82.5093 100
-0.4621 0000 82.4994 130
-0.4245 0000 82.4914 169
-0.3869 0000 82.4452 208
-0.3494 0000 82.3951 221
-0.3119 0000 82.3623 218
-0.2743 0000 82.3601 225
-0.2367 0000 82.3656 230
-0.1990 0000 82.3939 234
-0.1613 0000 82.4415 220
-0.1236 0000 82.4718 233
-0.0859 0000 82.4925 221
-0.0482 0000 82.5133 203
-0.0106 0000 82.5188 173
0.0270 0000 82.5185 172
0.0646 0000 82.5124 188
0.1021 0000 82.4891 194
0.1396 0000 82.4678 217
0.1772 0000 82.4694 206
0.2149 0000 82.4710 192
0.2525 0000 82.4726 183
0.2903 0000 82.5183 170
0.3281 0000 82.5353 170
0.3660 0000 82.5829 190
0.4036 0000 82.5845 217
0.4411 0000 82.5631 222
0.4787 0000 82.5571 240
0.5163 0000 82.5530 278
0.5539 0000 82.5508 330
0.5915 0000 82.5505 363
0.6290 0000 82.5349 353
0.6668 0000 82.5576 374
0.7045 0000 82.5649 373
0.7424 0000 82.5896 338
0.7802 0000 82.6123 326
0.8179 0000 82.6197 277
0.8560 0000 82.6635 235
0.8938 0000 82.6786 217
0.9318 0000 82.7225 206
0.9695 0000 82.7260 192
1.0072 0000 82.7277 172
1.0449 0000 82.7274 151
1.0826 0000 82.7309 138
1.1202 0000 82.7287 137
1.1576 0000 82.6996 156
1.1952 0000 82.6974 171
1.2332 0000 82.7279 171
1.2713 0000 82.7583 183
1.3092 0000 82.7811 170
1.3472 0000 82.8078 162
1.3854 0000 82.8440 167
1.4234 0000 82.8745 187
1.4613 0000 82.8858 199
1.4996 0000 82.9336 209
1.5375 0000 82.9410 202
1.5753 0000 82.9504 182
1.6134 0000 82.9771 171
1.6515 0000 83.0038 151
1.6896 0000 83.0266 148
1.7273 0000 83.0244 148
1.7650 0000 83.0261 154
1.8029 0000 83.0316 181
1.8408 0000 83.0429 229
1.8787 0000 83.0522 262
1.9167 0000 83.0693 278
1.9541 0000 83.0459 231
1.9916 0000 83.0321 198
2.0284 0000 82.9817 171
2.0661 0000 82.9757 156
2.1039 0000 82.9793 145
2.1416 0000 82.9809 134
2.1796 0000 82.9980 161
2.2174 0000 82.9977 191
2.2551 0000 82.9975 200
2.2925 0000 82.9837 194
2.3303 0000 82.9854 201
2.3689 0000 83.0333 200
2.4083 0000 83.1178 192
2.4480 0000 83.2160 198
2.4870 0000 83.2795 201
2.5254 0000 83.3102 201
2.5644 0000 83.3660 199
2.6035 0000 83.4316 211
2.6421 0000 83.4682 256
2.6802 0000 83.4776 318
2.7189 0000 83.5180 367
2.7569 0000 83.5255 366
2.7949 0000 83.5330 329
2.8339 0000 83.5871 315
2.8725 0000 83.6198 299
2.9111 0000 83.6506 300
2.9496 0000 83.6814 272
2.9882 0000 83.7103 292
3.0262 0000 83.7159 314
3.0642 0000 83.7214 342
3.1027 0000 83.7445 337
3.1412 0000 83.7695 341
3.1793 0000 83.7771 313
3.2172 0000 83.7807 289
3.2550 0000 83.7726 287
3.2927 0000 83.7665 317
3.3308 0000 83.7760 340
3.3693 0000 83.7991 366
3.4073 0000 83.8008 343
3.4453 0000 83.8064 291
3.4838 0000 83.8295 223
3.5224 0000 83.8545 198
3.5611 0000 83.8854 172
3.5997 0000 83.9105 177
3.6377 0000 83.9122 188
3.6751 0000 83.8925 199
3.7131 0000 83.8961 226
3.7506 0000 83.8803 243
3.7883 0000 83.8703 226
3.8253 0000 83.8389 209
3.8623 0000 83.8075 235
3.8988 0000 83.7586 243
3.9362 0000 83.7428 279
3.9737 0000 83.7290 340
4.0110 0000 83.7093 340
4.0486 0000 83.6993 355
4.0866 0000 83.7069 278
4.1245 0000 83.7066 258
4.1624 0000 83.7083 169
4.2002 0000 83.7061 105
4.2380 0000 83.7020 84
4.2757 0000 83.6979 103
4.3131 0000 83.6821 123
4.3508 0000 83.6780 165
4.3886 0000 83.6758 209
4.4267 0000 83.6834 226
4.4655 0000 83.7123 201
4.5041 0000 83.7354 181
4.5422 0000 83.7410 118
4.5817 0000 83.7913 70
4.6209 0000 83.8300 64
4.6597 0000 83.8570 80
4.6976 0000 83.8587 107
4.7356 0000 83.8605 124
4.7735 0000 83.8602 136
4.8116 0000 83.8678 152
4.8497 0000 83.8734 157
4.8885 0000 83.8966 138
4.9283 0000 83.9509 133
4.9682 0000 84.0072 131
5.0074 0000 84.0421 137
5.0456 0000 84.0497 123
5.0833 0000 84.0417 112
5.1198 0000 84.0024 122
5.1567 0000 83.9749 155
5.1936 0000 83.9493 174
5.2307 0000 83.9277 162
5.2686 0000 83.9255 158
5.3068 0000 83.9350 136
5.3456 0000 83.9562 134
5.3834 0000 83.9540 124
5.4221 0000 83.9753 103
5.4619 0000 84.0238 100
5.5026 0000 84.0939 115
5.5444 0000 84.1913 131
5.5841 0000 84.2342 171
5.6221 0000 84.2359 202
5.6600 0000 84.2337 217
5.6982 0000 84.2394 229
5.7370 0000 84.2587 271
5.7756 0000 84.2741 244
5.8135 0000 84.2720 228
5.8516 0000 84.2737 206
5.8901 0000 84.2872 183
5.9289 0000 84.3065 168
5.9685 0000 84.3435 166
6.0064 0000 84.3413 166
6.0435 0000 84.3215 167
6.0811 0000 84.3115 145
6.1180 0000 84.2858 125
6.1556 0000 84.2778 120
6.1935 0000 84.2756 111
6.2317 0000 84.2793 105
6.2699 0000 84.2849 117
6.3086 0000 84.3004 151
6.3485 0000 84.3432 174
6.3869 0000 84.3528 154
6.4259 0000 84.3742 139
6.4642 0000 84.3798 133
6.5030 0000 84.3972 121
6.5401 0000 84.3774 124
6.5781 0000 84.3772 117
6.6163 0000 84.3828 102
6.6543 0000 84.3826 87
6.6905 0000 84.3432 78
6.7245 0000 84.2568 66
6.7607 0000 84.2195 67
6.7984 0000 84.2134 60
6.8353 0000 84.1916 65
6.8730 0000 84.1855 67
6.9111 0000 84.1873 82
6.9491 0000 84.1890 96
6.9869 0000 84.1849 98
7.0244 0000 84.1768 96
7.0613 0000 84.1532 88
7.0983 0000 84.1354 92
7.1370 0000 84.1508 91
7.1753 0000 84.1564 97
7.2143 0000 84.1777 94
7.2524 0000 84.1814 86
7.2892 0000 84.1577 84
7.3269 0000 84.1516 89
7.3645 0000 84.1455 94
7.4024 0000 84.1453 96
7.4437 0000 84.2096 101
7.4856 0000 84.2876 113
7.5246 0000 84.3070 121
7.5635 0000 84.3244 117
7.5989 0000 84.2752 125
7.6357 0000 84.2515 121
7.6696 0000 84.1750 101
7.7050 0000 84.1259 90
7.7418 0000 84.1042 93
7.7802 0000 84.1118 97
7.8183 0000 84.1155 105
7.8559 0000 84.1094 104
7.8942 0000 84.1151 109
7.9324 0000 84.1207 119
7.9705 0000 84.1244 116
8.0095 0000 84.1437 114
8.0479 0000 84.1513 138
8.0870 0000 84.1726 182
8.1263 0000 84.1978 204
8.1649 0000 84.2093 244
8.2032 0000 84.2149 258
8.2411 0000 84.2147 243
8.2793 0000 84.2184 213
8.3178 0000 84.2280 174
8.3567 0000 84.2453 140
8.3926 0000 84.2079 98
8.4289 0000 84.1784 93
8.4655 0000 84.1547 85
8.5049 0000 84.1819 80
8.5450 0000 84.2188 87
8.5849 0000 84.2518 103
8.6229 0000 84.2536 116
8.6618 0000 84.2690 118
8.7000 0000 84.2727 129
8.7377 0000 84.2686 132
8.7753 0000 84.2625 130
8.8121 0000 84.2427 140
8.8499 0000 84.2405 140
8.8878 0000 84.2403 148
8.9247 0000 84.2224 148
8.9628 0000 84.2242 157
9.0007 0000 84.2239 167
9.0387 0000 84.2237 166
9.0765 0000 84.2215 158
9.1139 0000 84.2135 153
9.1509 0000 84.1976 151
9.1875 0000 84.1759 155
9.2258 0000 84.1816 167
9.2637 0000 84.1813 165
9.3014 0000 84.1772 159
9.3392 0000 84.1750 154
9.3759 0000 84.1553 199
9.4139 0000 84.1570 255
9.4526 0000 84.1685 270
9.4909 0000 84.1741 213
9.5296 0000 84.1876 168
9.5676 0000 84.1874 168
9.6053 0000 84.1852 177
9.6435 0000 84.1889 188
9.6817 0000 84.1926 197
9.7196 0000 84.1924 194
9.7576 0000 84.1941 193
9.7954 0000 84.1920 213
9.8336 0000 84.1956 235
9.8717 0000 84.1993 229
9.9098 0000 84.2011 200
9.9479 0000 84.2048 169
9.9859 0000 84.2046 146
10.0236 0000 84.2024 128
10.0596 0000 84.1729 103
10.0947 0000 84.1316 103
10.1290 0000 84.0767 102
10.1659 0000 84.0629 104
10.2009 0000 84.0197 122
10.2381 0000 84.0098 169
10.2757 0000 84.0057 216
10.3138 0000 84.0094 226
10.3523 0000 84.0189 213
10.3908 0000 84.0285 189
10.4286 0000 84.0263 166
10.4660 0000 84.0203 168
10.5033 0000 84.0123 173
10.5405 0000 84.0023 164
10.5780 0000 83.9982 162
10.6162 0000 84.0019 149
10.6543 0000 84.0056 123
10.6920 0000 84.0035 115
10.7295 0000 83.9994 121
10.7676 0000 84.0031 127
10.8062 0000 84.0126 132
10.8442 0000 84.0144 133
10.8817 0000 84.0103 134
10.9193 0000 84.0062 125
10.9565 0000 83.9982 115
10.9944 0000 83.9980 120
11.0343 0000 84.0271 121
11.0749 0000 84.0640 141
11.1151 0000 84.0969 146
11.1539 0000 84.1085 159
11.1929 0000 84.1239 173
11.2304 0000 84.1198 160
11.2667 0000 84.0982 125
11.3047 0000 84.0999 103
11.3428 0000 84.1037 66
11.3805 0000 84.1015 54
11.4157 0000 84.0662 46
11.4495 0000 84.0134 53
11.4915 0000 84.0678 65
11.5303 0000 84.0813 87
11.5701 0000 84.1065 102
11.6096 0000 84.1278 132
11.6471 0000 84.1237 154
11.6821 0000 84.0865 164
11.7190 0000 84.0746 170
11.7562 0000 84.0666 184
11.7939 0000 84.0645 201
11.8332 0000 84.0839 210
11.8721 0000 84.0974 238
11.9139 0000 84.1479 266
11.9541 0000 84.1770 275
11.9925 0000 84.1847 292
12.0308 0000 84.1904 298
12.0688 0000 84.1922 295
12.1066 0000 84.1920 276
12.1440 0000 84.1860 237
12.1814 0000 84.1800 190
12.2172 0000 84.1544 152
12.2507 0000 84.1016 115
12.2789 0000 83.9826 110
12.3097 0000 83.8968 124
12.3425 0000 83.8363 162
12.3792 0000 83.8226 234
12.4169 0000 83.8224 257
12.4564 0000 83.8437 270
12.4962 0000 83.8688 220
12.5341 0000 83.8706 189
12.5746 0000 83.9035 140
12.6203 0000 83.9987 130
12.6636 0000 84.0648 128
12.7053 0000 84.1115 133
12.7441 0000 84.1230 149
12.7829 0000 84.1346 168
12.8214 0000 84.1423 198
12.8606 0000 84.1597 259
12.8986 0000 84.1615 275
12.9353 0000 84.1477 239
12.9731 0000 84.1475 221
13.0105 0000 84.1435 197
13.0456 0000 84.1121 163
13.0821 0000 84.0964 149
13.1190 0000 84.0865 149
13.1549 0000 84.0649 151
13.1952 0000 84.0940 120
13.2361 0000 84.1290 109
13.2761 0000 84.1542 102
13.3139 0000 84.1540 83
13.3493 0000 84.1266 72
13.3869 0000 84.1245 78
13.4248 0000 84.1263 84
13.4623 0000 84.1223 90
13.4976 0000 84.0948 100
13.5345 0000 84.0849 90
13.5606 0000 83.9543 65
13.5935 0000 83.8997 56
13.6513 0000 84.1235 51
13.6928 0000 84.1644 66
13.7329 0000 84.1896 88
13.7714 0000 84.1972 111
13.8111 0000 84.2186 136
13.8509 0000 84.2399 130
13.8894 0000 84.2476 135
13.9279 0000 84.2553 132
13.9659 0000 84.2571 112
14.0053 0000 84.2745 102
14.0435 0000 84.2783 93
14.0818 0000 84.2840 87
14.1196 0000 84.2839 75
14.1567 0000 84.2759 59
14.1916 0000 84.2445 50
14.2208 0000 84.1526 41
14.2524 0000 84.0862 42
14.2929 0000 84.1153 44
14.3312 0000 84.1210 55
14.3695 0000 84.1267 70
14.4096 0000 84.1520 93
14.4474 0000 84.1518 122
14.4846 0000 84.1458 141
14.5185 0000 84.1047 151
14.5558 0000 84.1007 146
14.5940 0000 84.1045 134
14.6360 0000 84.1492 124
14.6747 0000 84.1588 129
14.7144 0000 84.1782 159
14.7524 0000 84.1800 170
14.7899 0000 84.1779 167
14.8266 0000 84.1661 168
14.8611 0000 84.1328 170
14.8988 0000 84.1326 176
14.9362 0000 84.1286 196
14.9734 0000 84.1226 226
15.0107 0000 84.1186 244
15.0493 0000 84.1262 263
15.0880 0000 84.1358 291
15.1257 0000 84.1357 298
15.1648 0000 84.1492 270
15.2051 0000 84.1745 268
15.2444 0000 84.1900 234
15.2828 0000 84.1957 226
15.3239 0000 84.2288 212
15.3630 0000 84.2423 186
15.4051 0000 84.2852 174
15.4433 0000 84.2890 174
15.4813 0000 84.2908 166
15.5195 0000 84.2946 154
15.5577 0000 84.2983 139
15.5960 0000 84.3041 119
15.6340 0000 84.3059 107
15.6714 0000 84.3019 103
15.7062 0000 84.2724 114
15.7403 0000 84.2371 133
15.7766 0000 84.2233 175
15.8144 0000 84.2232 192
15.8528 0000 84.2289 184
15.8897 0000 84.2210 177
15.9273 0000 84.2189 125
15.9673 0000 84.2403 103
16.0081 0000 84.2695 101
16.0537 0000 84.3437 106
16.1012 0000 84.4356 122
16.1429 0000 84.4727 155
16.1803 0000 84.4686 190
16.2181 0000 84.4685 204
16.2565 0000 84.4743 199
16.2950 0000 84.4800 189
16.3332 0000 84.4838 171
16.3708 0000 84.4817 140
16.4053 0000 84.4503 112
16.4372 0000 84.3953 97
16.4716 0000 84.3639 98
16.5083 0000 84.3540 99
16.5434 0000 84.3284 117
16.5788 0000 84.3068 121
16.6181 0000 84.3203 154
16.6558 0000 84.3202 168
16.6951 0000 84.3338 140
16.7380 0000 84.3807 124
16.7760 0000 84.3825 142
16.8146 0000 84.3902 154
16.8528 0000 84.3940 142
16.8926 0000 84.4115 120
16.9304 0000 84.4114 115
16.9686 0000 84.4152 109
17.0064 0000 84.4151 104
17.0442 0000 84.4150 106
17.0819 0000 84.4149 121
17.1197 0000 84.4147 142
17.1577 0000 84.4166 157
17.1959 0000 84.4204 166
17.2337 0000 84.4203 169
17.2713 0000 84.4182 157
17.3086 0000 84.4142 137
17.3453 0000 84.4043 144
17.3789 0000 84.3670 176
17.4162 0000 84.3629 192
17.4535 0000 84.3589 192
17.4908 0000 84.3549 177
17.5286 0000 84.3548 142
17.5636 0000 84.3312 106
17.5949 0000 84.2744 102
17.6272 0000 84.2273 115
17.6571 0000 84.1589 122
17.6916 0000 84.1315 144
17.7277 0000 84.1177 147
17.7654 0000 84.1176 159
17.8054 0000 84.1370 197
17.8435 0000 84.1408 226
17.8815 0000 84.1426 210
17.9196 0000 84.1464 152
17.9546 0000 84.1229 112
17.9909 0000 84.1111 117
18.0263 0000 84.0915 127
18.0598 0000 84.0563 110
18.0947 0000 84.0328 110
18.1277 0000 83.9937 115
18.1652 0000 83.9917 107
18.2051 0000 84.0110 94
18.2481 0000 84.0557 81
18.2906 0000 84.0965 71
18.3334 0000 84.1393 74
18.3722 0000 84.1490 81
18.4092 0000 84.1430 93
18.4459 0000 84.1351 104
18.4838 0000 84.1369 115
18.5194 0000 84.1192 116
18.5554 0000 84.1055 122
18.5923 0000 84.0995 117
18.6283 0000 84.0858 131
18.6659 0000 84.0856 139
18.7033 0000 84.0836 121
18.7412 0000 84.0854 102
18.7834 0000 84.1223 109
18.8239 0000 84.1456 123
18.8685 0000 84.2020 138
18.9066 0000 84.2058 173
18.9421 0000 84.1881 192
18.9792 0000 84.1841 189
19.0135 0000 84.1567 198
19.0528 0000 84.1702 215
19.0900 0000 84.1662 205
19.1252 0000 84.1466 212
19.1633 0000 84.1503 212
19.1990 0000 84.1346 215
19.2356 0000 84.1267 238
19.2715 0000 84.1129 262
19.3094 0000 84.1147 269
19.3487 0000 84.1283 237
19.3863 0000 84.1281 206
19.4214 0000 84.1085 205
19.4580 0000 84.1006 194
19.4949 0000 84.0946 173
19.5295 0000 84.0711 152
19.5638 0000 84.0457 160
19.6002 0000 84.0358 161
19.6340 0000 84.0065 151
19.6678 0000 83.9772 154
19.7049 0000 83.9732 166
19.7427 0000 83.9750 199
19.7802 0000 83.9749 225
19.8175 0000 83.9729 233
19.8548 0000 83.9708 256
19.8923 0000 83.9707 299
19.9301 0000 83.9725 303
19.9651 0000 83.9529 229
19.9983 0000 83.9198 195
20.0312 0000 83.8847 172
20.0654 0000 83.8593 198
20.1021 0000 83.8534 207
20.1394 0000 83.8513 202
20.1768 0000 83.8512 186
20.2135 0000 83.8453 185
20.2500 0000 83.8374 185
20.2849 0000 83.8179 177
20.3198 0000 83.7984 143
20.3598 0000 83.8177 155
20.3980 0000 83.8234 145
20.4349 0000 83.8194 117
20.4677 0000 83.7844 94
20.5013 0000 83.7552 94
20.5379 0000 83.7493 88
20.5717 0000 83.7221 89
20.6083 0000 83.7161 108
20.6421 0000 83.6889 123
20.6795 0000 83.6888 132
20.7205 0000 83.7158 135
20.7579 0000 83.7157 166
20.7953 0000 83.7156 208
20.8337 0000 83.7233 190
20.8729 0000 83.7367 146
20.9132 0000 83.7579 122
20.9476 0000 83.7365 131
20.9842 0000 83.7306 137
21.0173 0000 83.6995 146
21.0528 0000 83.6859 170
21.0827 0000 83.6316 186
21.1150 0000 83.5948 207
21.1465 0000 83.5522 210
21.1814 0000 83.5347 217
21.2173 0000 83.5250 232
21.2549 0000 83.5268 230
21.2927 0000 83.5306 222
21.3278 0000 83.5151 201
21.3619 0000 83.4918 211
21.3975 0000 83.4802 207
21.4340 0000 83.4743 203
21.4742 0000 83.4955 202
21.5122 0000 83.5012 227
21.5506 0000 83.5088 231
21.5886 0000 83.5145 232
21.6288 0000 83.5357 276
21.6672 0000 83.5433 305
21.7055 0000 83.5510 304
21.7425 0000 83.5490 256
21.7747 0000 83.5142 188
21.8035 0000 83.4543 181
21.8363 0000 83.4234 203
21.8723 0000 83.4156 197
21.9057 0000 83.3885 183
21.9392 0000 83.3634 214
21.9750 0000 83.3537 230
22.0116 0000 83.3498 236
22.0488 0000 83.3498 223
22.0856 0000 83.3478 203
22.1231 0000 83.3496 182
22.1663 0000 83.3920 152
22.2094 0000 83.4324 122
22.2510 0000 83.4632 128
22.2887 0000 83.4670 142
22.3295 0000 83.4920 147
22.3667 0000 83.4919 149
22.4036 0000 83.4899 145
22.4402 0000 83.4860 139
22.4739 0000 83.4628 145
22.5077 0000 83.4396 142
22.5442 0000 83.4357 140
22.5785 0000 83.4164 152
22.6153 0000 83.4144 165
22.6513 0000 83.4066 160
22.6839 0000 83.3758 131
22.7127 0000 83.3199 114
22.7455 0000 83.2909 112
22.7779 0000 83.2601 104
22.8093 0000 83.2216 111
22.8388 0000 83.1716 118
22.8762 0000 83.1735 117
22.9126 0000 83.1696 99
22.9477 0000 83.1561 83
22.9803 0000 83.1272 76
23.0098 0000 83.0773 66
23.0338 0000 82.9909 58
23.0551 0000 82.8874 62
23.0860 0000 82.8472 75
23.1171 0000 82.8089 88
23.1532 0000 82.8031 115
23.1878 0000 82.7878 149
23.2200 0000 82.7571 176
23.2593 0000 82.7724 182
23.2962 0000 82.7723 215
23.3355 0000 82.7876 254
23.3739 0000 82.7971 225
23.4108 0000 82.7970 189
23.4477 0000 82.7970 175
23.4855 0000 82.8027 168
23.5248 0000 82.8179 167
23.5623 0000 82.8217 148
23.5978 0000 82.8121 130
23.6341 0000 82.8082 122
23.6716 0000 82.8120 120
23.7112 0000 82.8292 131
23.7514 0000 82.8502 101
