wt=153552564, DLLFiFo=0
0.0000 0000 0.0000 0
0.0000 0000 0.0000 0
0.0000 0000 0.0000 0
0.0000 0000 0.0000 0
0.0000 0000 0.0000 0
0.0000 0000 0.0000 0
0.0000 0000 0.0000 0
0.0000 0000 0.0000 0
0.0000 0000 0.0000 0
0.0000 0000 0.0000 0
0.0000 0000 0.0000 0
0.0000 0000 0.0000 0
0.0000 0000 0.0000 0
0.0000 0000 0.0000 0
0.0000 0000 0.0000 0
0.0000 0000 0.0000 0
0.0000 0000 0.0000 0
0.0000 0000 0.0000 0
0.0000 0000 0.0000 0
0.0000 0000 0.0000 0
0.0000 0000 0.0000 0
0.0000 0000 0.0000 0
0.0000 0000 0.0000 0
0.0000 0000 0.0000 0
0.0000 0000 0.0000 0
-22.8970 0000 80.0650 44
-22.8638 0000 80.0884 59
-22.8203 0000 80.0397 62
-22.7785 0000 80.0022 66
-22.7334 0000 79.9425 64
-22.6884 0000 79.8829 84
-22.6471 0000 79.8492 120
-22.6071 0000 79.8246 176
-22.5685 0000 79.8093 184
-22.5320 0000 79.8087 199
-22.4978 0000 79.8247 232
-22.4638 0000 79.8425 202
-22.4283 0000 79.8493 166
-22.3928 0000 79.8561 126
-22.3596 0000 79.8794 110
-22.3239 0000 79.8843 98
-22.2907 0000 79.9077 94
-22.2585 0000 79.9385 82
-22.2343 0000 80.0264 84
-22.2018 0000 80.0553 81
-22.1402 0000 79.8759 72
-22.0795 0000 79.7023 94
-22.0468 0000 79.7293 92
-22.0218 0000 79.8115 111
-21.9816 0000 79.7851 127
-21.9443 0000 79.7790 137
-21.9011 0000 79.7306 145
-21.8635 0000 79.7227 154
-21.8265 0000 79.7184 171
-21.7899 0000 79.7179 184
-21.7528 0000 79.7136 174
-21.7135 0000 79.6928 153
-21.6737 0000 79.6683 131
-21.6366 0000 79.6641 120
-21.5998 0000 79.6617 116
-21.5552 0000 79.6024 122
-21.5067 0000 79.5138 161
-21.4664 0000 79.4857 216
-21.4262 0000 79.4577 250
-21.3857 0000 79.4278 293
-21.3467 0000 79.4089 297
-21.3126 0000 79.4266 296
-21.2796 0000 79.4517 311
-21.2460 0000 79.4731 311
-21.2198 0000 79.5495 333
-21.1849 0000 79.5617 353
-21.1518 0000 79.5868 366
-21.1138 0000 79.5752 372
-21.0767 0000 79.5710 302
-21.0372 0000 79.5484 221
-20.9991 0000 79.5368 192
-20.9618 0000 79.5308 184
-20.9262 0000 79.5375 184
-20.8940 0000 79.5700 172
-20.8615 0000 79.6006 179
-20.8278 0000 79.6220 167
-20.7917 0000 79.6251 158
-20.7544 0000 79.6190 156
-20.7144 0000 79.5928 169
-20.6737 0000 79.5610 159
-20.6342 0000 79.5384 163
-20.5971 0000 79.5342 149
-20.5603 0000 79.5318 131
-20.5235 0000 79.5294 115
-20.4864 0000 79.5251 104
-20.4462 0000 79.4971 109
-20.4051 0000 79.4617 107
-20.3614 0000 79.4062 126
-20.3213 0000 79.3782 181
-20.2817 0000 79.3538 213
-20.2420 0000 79.3295 272
-20.2029 0000 79.3088 248
-20.1647 0000 79.2954 231
-20.1267 0000 79.2839 211
-20.0878 0000 79.2650 203
-20.0480 0000 79.2389 166
-20.0095 0000 79.2237 179
-19.9697 0000 79.1975 214
-19.9327 0000 79.1933 266
-19.8962 0000 79.1928 301
-19.8596 0000 79.1922 309
-19.8228 0000 79.1898 280
-19.7858 0000 79.1856 229
-19.7471 0000 79.1686 199
-19.7101 0000 79.1644 176
-19.6738 0000 79.1656 168
-19.6374 0000 79.1669 166
-19.5999 0000 79.1590 177
-19.5588 0000 79.1219 239
-19.5191 0000 79.0958 290
-19.4814 0000 79.0861 356
-19.4446 0000 79.0838 405
-19.4069 0000 79.0741 377
-19.3701 0000 79.0717 323
-19.3318 0000 79.0565 279
-19.2999 0000 79.0943 240
-19.2646 0000 79.1047 219
-19.2287 0000 79.1096 205
-19.1910 0000 79.0999 198
-19.1536 0000 79.0920 193
-19.1170 0000 79.0915 173
-19.0799 0000 79.0873 162
-19.0431 0000 79.0849 165
-19.0066 0000 79.0843 157
-18.9675 0000 79.0637 154
-18.9312 0000 79.0650 149
-18.8946 0000 79.0644 153
-18.8580 0000 79.0639 161
-18.8220 0000 79.0688 167
-18.7883 0000 79.0920 186
-18.7514 0000 79.0896 189
-18.7127 0000 79.0708 178
-18.6761 0000 79.0703 189
-18.6390 0000 79.0661 200
-18.5994 0000 79.0400 186
-18.5618 0000 79.0304 173
-18.5198 0000 78.9842 153
-18.4819 0000 78.9728 136
-18.4417 0000 78.9413 136
-18.4024 0000 78.9170 149
-18.3686 0000 78.9402 157
-18.3324 0000 78.9433 181
-18.2962 0000 78.9464 193
-18.2617 0000 78.9641 189
-18.2249 0000 78.9617 219
-18.1885 0000 78.9630 270
-18.1526 0000 78.9680 301
-18.1166 0000 78.9729 282
-18.0812 0000 78.9833 262
-18.0490 0000 79.0211 262
-18.0130 0000 79.0260 250
-17.9768 0000 79.0292 239
-17.9403 0000 79.0305 233
-17.9097 0000 79.0829 223
-17.8790 0000 79.1353 231
-17.8426 0000 79.1366 295
-17.8059 0000 79.1361 415
-17.7694 0000 79.1374 495
-17.7330 0000 79.1387 444
-17.6963 0000 79.1382 335
-17.6597 0000 79.1377 282
-17.6252 0000 79.1573 270
-17.5898 0000 79.1678 291
-17.5585 0000 79.2166 328
-17.5227 0000 79.2234 335
-17.4912 0000 79.2705 293
-17.4555 0000 79.2791 236
-17.4196 0000 79.2860 194
-17.3975 0000 79.4192 187
-17.3640 0000 79.4481 218
-17.3276 0000 79.4513 279
-17.2906 0000 79.4489 329
-17.2537 0000 79.4466 359
-17.2173 0000 79.4498 367
-17.1831 0000 79.4731 354
-17.1472 0000 79.4800 268
-17.1256 0000 79.6210 191
-17.1112 0000 79.8305 187
-17.0799 0000 79.8817 198
-17.0487 0000 79.9347 231
-17.0152 0000 79.9656 264
-16.9793 0000 79.9744 262
-16.9477 0000 80.0238 235
-16.9127 0000 80.0418 213
-16.8820 0000 80.1005 210
-16.8506 0000 80.1519 233
-16.8146 0000 80.1607 252
-16.7777 0000 80.1602 272
-16.7409 0000 80.1616 310
-16.7061 0000 80.1815 323
-16.6726 0000 80.2143 238
-16.6430 0000 80.2843 202
-16.6119 0000 80.3414 203
-16.5782 0000 80.3725 195
-16.5458 0000 80.4166 170
-16.5122 0000 80.4496 177
-16.4785 0000 80.4808 178
-16.4437 0000 80.5026 204
-16.4069 0000 80.5040 190
-16.3676 0000 80.4812 159
-16.3304 0000 80.4788 152
-16.2962 0000 80.5063 165
-16.2618 0000 80.5318 165
-16.2304 0000 80.5872 178
-16.1984 0000 80.6371 208
-16.1625 0000 80.6478 235
-16.1265 0000 80.6585 250
-16.0928 0000 80.6916 247
-16.0559 0000 80.6930 210
-16.0190 0000 80.6944 171
-15.9819 0000 80.6939 151
-15.9447 0000 80.6915 146
-15.9078 0000 80.6929 148
-15.8711 0000 80.6962 144
-15.8342 0000 80.6975 137
-15.7973 0000 80.6989 128
-15.7610 0000 80.7059 124
-15.7241 0000 80.7073 125
-15.6852 0000 80.6882 121
-15.6474 0000 80.6802 113
-15.6101 0000 80.6779 116
-15.5767 0000 80.7147 109
-15.5401 0000 80.7198 99
-15.5030 0000 80.7193 98
-15.4609 0000 80.6666 106
-15.4180 0000 80.6046 137
-15.3756 0000 80.5482 153
-15.3356 0000 80.5161 159
-15.2978 0000 80.5082 150
-15.2583 0000 80.4816 147
-15.2209 0000 80.4774 130
-15.1836 0000 80.4732 110
-15.1444 0000 80.4504 107
-15.1076 0000 80.4518 105
-15.0707 0000 80.4532 108
-15.0332 0000 80.4471 130
-14.9903 0000 80.3834 163
-14.9480 0000 80.3254 233
-14.9089 0000 80.3026 291
-14.8702 0000 80.2836 338
-14.8310 0000 80.2590 320
-14.7915 0000 80.2307 312
-14.7538 0000 80.2228 317
-14.7169 0000 80.2223 307
-14.6819 0000 80.2441 298
-14.6475 0000 80.2714 241
-14.6134 0000 80.3025 210
-14.5787 0000 80.3280 201
-14.5421 0000 80.3312 190
-14.5053 0000 80.3326 181
-14.4684 0000 80.3340 164
-14.4354 0000 80.3781 146
-14.3993 0000 80.3869 136
-14.3626 0000 80.3902 144
-14.3254 0000 80.3878 166
-14.2883 0000 80.3855 176
-14.2514 0000 80.3869 176
-14.2169 0000 80.4143 176
-14.1805 0000 80.4212 193
-14.1435 0000 80.4207 189
-14.1062 0000 80.4165 170
-14.0708 0000 80.4347 166
-14.0343 0000 80.4398 156
-14.0016 0000 80.4895 149
-13.9648 0000 80.4909 153
-13.9256 0000 80.4662 156
-13.8862 0000 80.4378 165
-13.8489 0000 80.4336 195
-13.8117 0000 80.4313 294
-13.7733 0000 80.4141 359
-13.7346 0000 80.3932 392
-13.6965 0000 80.3797 330
-13.6590 0000 80.3736 247
-13.6222 0000 80.3750 182
-13.5917 0000 80.4526 152
-13.5524 0000 80.4242 148
-13.5130 0000 80.3958 145
-13.4781 0000 80.4195 148
-13.4407 0000 80.4153 149
-13.3950 0000 80.3089 152
-13.3580 0000 80.3085 142
-13.3216 0000 80.3154 131
-13.2891 0000 80.3688 120
-13.2530 0000 80.3795 102
-13.2180 0000 80.4031 86
-13.1811 0000 80.4045 77
-13.1462 0000 80.4301 87
-13.1092 0000 80.4296 121
-13.0682 0000 80.3789 149
-13.0274 0000 80.3320 171
-12.9879 0000 80.2999 234
-12.9506 0000 80.2957 263
-12.9125 0000 80.2804 218
-12.8748 0000 80.2706 158
-12.8357 0000 80.2442 125
-12.7963 0000 80.2122 152
-12.7578 0000 80.1931 174
-12.7206 0000 80.1890 203
-12.6839 0000 80.1922 234
-12.6491 0000 80.2195 245
-12.6142 0000 80.2450 266
-12.5791 0000 80.2687 224
-12.5426 0000 80.2738 230
-12.5052 0000 80.2677 275
-12.4675 0000 80.2580 299
-12.4281 0000 80.2259 377
-12.3888 0000 80.1958 483
-12.3499 0000 80.1693 627
-12.3117 0000 80.1522 506
-12.2747 0000 80.1517 385
-12.2388 0000 80.1642 303
-12.2033 0000 80.1841 235
-12.1682 0000 80.2078 141
-12.1354 0000 80.2630 108
-12.0994 0000 80.2755 99
-12.0645 0000 80.3029 97
-12.0269 0000 80.2950 104
-11.9848 0000 80.2258 144
-11.9461 0000 80.2012 182
-11.9094 0000 80.2044 191
-11.8818 0000 80.3321 241
-11.8498 0000 80.4004 359
-11.8144 0000 80.4223 448
-11.7768 0000 80.4143 421
-11.7393 0000 80.4064 356
-11.7037 0000 80.4264 270
-11.6692 0000 80.4613 218
-11.6344 0000 80.4925 211
-11.5991 0000 80.5163 208
-11.5599 0000 80.4860 231
-11.5191 0000 80.4316 258
-11.4801 0000 80.4032 286
-11.4411 0000 80.3748 336
-11.4035 0000 80.3669 353
-11.3637 0000 80.3274 359
-11.3283 0000 80.3493 365
-11.2933 0000 80.3786 423
-11.2565 0000 80.3818 457
-11.2194 0000 80.3795 475
-11.1839 0000 80.4014 474
-11.1472 0000 80.4065 477
-11.1122 0000 80.4358 438
-11.0773 0000 80.4670 421
-11.0404 0000 80.4703 392
-11.0029 0000 80.4624 351
-10.9641 0000 80.4359 324
-10.9270 0000 80.4354 318
-10.8884 0000 80.4126 301
-10.8513 0000 80.4103 271
-10.8159 0000 80.4359 240
-10.7811 0000 80.4690 217
-10.7462 0000 80.5021 179
-10.7124 0000 80.5519 142
-10.6765 0000 80.5701 163
-10.6392 0000 80.5660 206
-10.6006 0000 80.5431 240
-10.5634 0000 80.5408 273
-10.5253 0000 80.5255 258
-10.4880 0000 80.5213 253
-10.4504 0000 80.5134 254
-10.4120 0000 80.4925 254
-10.3765 0000 80.5163 217
-10.3447 0000 80.5997 192
-10.3209 0000 80.8123 202
-10.2855 0000 80.8400 200
-10.2484 0000 80.8414 177
-10.2113 0000 80.8410 137
-10.1743 0000 80.8443 118
-10.1385 0000 80.8663 101
-10.1045 0000 80.9183 113
-10.0697 0000 80.9572 149
-10.0333 0000 80.9699 199
-9.9971 0000 80.9864 233
-9.9600 0000 80.9878 214
-9.9230 0000 80.9911 187
-9.8857 0000 80.9888 174
-9.8482 0000 80.9847 173
-9.8110 0000 80.9842 174
-9.7752 0000 81.0082 167
-9.7395 0000 81.0321 169
-9.7061 0000 81.0974 176
-9.6732 0000 81.1722 214
-9.6363 0000 81.1774 254
-9.5998 0000 81.1901 255
-9.5628 0000 81.1953 251
-9.5271 0000 81.2213 251
-9.4913 0000 81.2472 206
-9.4546 0000 81.2580 175
-9.4184 0000 81.2764 164
-9.3811 0000 81.2760 147
-9.3469 0000 81.3302 145
-9.3119 0000 81.3713 151
-9.2781 0000 81.4331 145
-9.2429 0000 81.4723 135
-9.2103 0000 81.5568 134
-9.1777 0000 81.6434 137
-9.1419 0000 81.6714 152
-9.1155 0000 81.8718 138
-9.0835 0000 81.9720 142
-9.0499 0000 82.0438 141
-9.0234 0000 82.2471 152
-8.9892 0000 82.3077 166
-8.9533 0000 82.3397 194
-8.9170 0000 82.3622 235
-8.8796 0000 82.3637 283
-8.8422 0000 82.3671 294
-8.8047 0000 82.3667 280
-8.7681 0000 82.3854 277
-8.7310 0000 82.3945 245
-8.6943 0000 82.4094 197
-8.6590 0000 82.4548 148
-8.6229 0000 82.4831 113
-8.5935 0000 82.6435 91
-8.5665 0000 82.8522 113
-8.5330 0000 82.9345 139
-8.4959 0000 82.9456 170
-8.4596 0000 82.9740 209
-8.4240 0000 83.0160 213
-8.3893 0000 83.0772 214
-8.3521 0000 83.0864 188
-8.3150 0000 83.0995 145
-8.2759 0000 83.0702 101
-8.2635 0000 83.5956 108
-8.2284 0000 83.6515 132
-8.1931 0000 83.7055 149
-8.1570 0000 83.7420 144
-8.1206 0000 83.7747 151
-8.0828 0000 83.7762 142
-8.0427 0000 83.7292 132
-8.0042 0000 83.7152 132
-7.9654 0000 83.6954 133
-7.9299 0000 83.7474 152
-7.8938 0000 83.7859 187
-7.8569 0000 83.8069 190
-7.8189 0000 83.8046 197
-7.7809 0000 83.8042 210
-7.7422 0000 83.7844 255
-7.7047 0000 83.7937 269
-7.6666 0000 83.7894 293
-7.6285 0000 83.7851 300
-7.5906 0000 83.7848 271
-7.5512 0000 83.7513 234
-7.5140 0000 83.7665 240
-7.4764 0000 83.7739 231
-7.4390 0000 83.7852 198
-7.4022 0000 83.8120 152
-7.3668 0000 83.8700 134
-7.3342 0000 83.9963 136
-7.2983 0000 84.0466 126
-7.2633 0000 84.1185 90
-7.2277 0000 84.1748 71
-7.1936 0000 84.2703 60
-7.1569 0000 84.3032 56
-7.1187 0000 84.2989 49
-7.0805 0000 84.2946 42
0.0000 0000 0.0000 0
0.0000 0000 0.0000 0
0.0000 0000 0.0000 0
0.0000 0000 0.0000 0
0.0000 0000 0.0000 0
0.0000 0000 0.0000 0
0.0000 0000 0.0000 0
0.0000 0000 0.0000 0
0.0000 0000 0.0000 0
0.0000 0000 0.0000 0
0.0000 0000 0.0000 0
0.0000 0000 0.0000 0
0.0000 0000 0.0000 0
0.0000 0000 0.0000 0
0.0000 0000 0.0000 0
0.0000 0000 0.0000 0
-6.3191 0000 81.1577 39
-6.2806 0000 81.1235 50
-6.2424 0000 81.0968 57
-6.2032 0000 81.0457 60
-6.1646 0000 81.0077 57
-6.1254 0000 80.9510 53
-6.0869 0000 80.9150 49
-6.0467 0000 80.8303 42
-6.0040 0000 80.6746 36
0.0000 0000 0.0000 0
0.0000 0000 0.0000 0
0.0000 0000 0.0000 0
0.0000 0000 0.0000 0
0.0000 0000 0.0000 0
0.0000 0000 0.0000 0
0.0000 0000 0.0000 0
-5.6781 0000 79.8110 37
-5.6401 0000 79.7792 40
-5.6002 0000 79.6883 49
-5.5575 0000 79.5110 62
-5.5184 0000 79.4407 84
-5.4798 0000 79.3888 105
-5.4413 0000 79.3351 104
-5.4028 0000 79.2815 89
-5.3655 0000 79.2683 79
-5.3271 0000 79.2183 75
-5.2894 0000 79.1868 69
-5.2506 0000 79.1241 64
-5.2095 0000 78.9791 68
-5.1709 0000 78.9203 81
-5.1338 0000 78.9071 103
-5.0954 0000 78.8519 128
-5.0584 0000 78.8406 136
-5.0224 0000 78.8658 116
-4.9862 0000 78.8837 100
-4.9492 0000 78.8742 99
-4.9099 0000 78.7862 95
-4.8711 0000 78.7111 101
-4.8336 0000 78.6815 89
-4.7965 0000 78.6684 93
-4.7584 0000 78.6171 105
-4.7208 0000 78.5821 115
-4.6830 0000 78.5399 109
-4.6460 0000 78.5268 101
-4.6084 0000 78.4919 91
-4.5715 0000 78.4807 87
-4.5347 0000 78.4749 87
-4.4975 0000 78.4545 77
-4.4606 0000 78.4451 80
-4.4226 0000 78.3903 93
-4.3850 0000 78.3500 113
-4.3471 0000 78.2971 139
-4.3098 0000 78.2695 166
-4.2726 0000 78.2438 176
-4.2354 0000 78.2181 216
-4.1983 0000 78.1960 225
-4.1615 0000 78.1866 241
-4.1247 0000 78.1772 256
-4.0880 0000 78.1714 261
-4.0506 0000 78.1367 252
-4.0138 0000 78.1255 230
-3.9766 0000 78.0962 191
-3.9393 0000 78.0615 172
-3.9021 0000 78.0305 148
-3.8656 0000 78.0319 152
-3.8296 0000 78.0605 191
-3.7932 0000 78.0637 226
-3.7566 0000 78.0616 246
-3.7200 0000 78.0594 257
-3.6828 0000 78.0284 245
-3.6461 0000 78.0208 204
-3.6093 0000 78.0060 168
-3.5721 0000 77.9732 158
-3.5351 0000 77.9458 139
-3.4984 0000 77.9382 139
-3.4614 0000 77.9108 131
-3.4243 0000 77.8781 134
-3.3876 0000 77.8687 132
-3.3502 0000 77.8179 127
-3.3132 0000 77.7852 128
-3.2759 0000 77.7381 125
-3.2393 0000 77.7341 134
-3.2026 0000 77.7194 148
-3.1661 0000 77.7173 168
-3.1295 0000 77.7080 176
-3.0926 0000 77.6771 165
-3.0557 0000 77.6480 164
-3.0189 0000 77.6243 150
-2.9820 0000 77.5971 157
-2.9448 0000 77.5483 166
-2.9078 0000 77.5085 176
-2.8708 0000 77.4687 206
-2.8337 0000 77.4200 219
-2.7970 0000 77.3946 239
-2.7603 0000 77.3693 231
-2.7237 0000 77.3564 242
-2.6871 0000 77.3328 242
-2.6504 0000 77.3093 193
-2.6136 0000 77.2750 167
-2.5763 0000 77.1960 173
-2.5393 0000 77.1422 183
-2.5028 0000 77.1276 211
-2.4660 0000 77.0845 253
-2.4296 0000 77.0824 280
-2.3933 0000 77.0749 280
-2.3565 0000 77.0336 274
-2.3201 0000 77.0226 272
-2.2838 0000 77.0187 263
-2.2476 0000 77.0238 251
-2.2116 0000 77.0537 237
-2.1756 0000 77.0766 260
-2.1390 0000 77.0513 284
-2.1024 0000 77.0189 316
-2.0657 0000 76.9652 334
-2.0293 0000 76.9560 332
-1.9928 0000 76.9254 323
-1.9564 0000 76.9144 339
-1.9197 0000 76.8590 375
-1.8835 0000 76.8587 397
-1.8473 0000 76.8602 404
-1.8109 0000 76.8385 422
-1.7746 0000 76.8382 411
-1.7386 0000 76.8646 373
-1.7025 0000 76.8945 345
-1.6663 0000 76.8960 332
-1.6301 0000 76.8974 315
-1.5939 0000 76.9042 293
-1.5578 0000 76.9395 281
-1.5220 0000 77.0176 287
-1.4858 0000 77.0422 313
-1.4496 0000 77.0455 301
-1.4133 0000 77.0487 275
-1.3770 0000 77.0484 257
-1.3407 0000 77.0446 236
-1.3044 0000 77.0389 219
-1.2680 0000 77.0154 190
-1.2315 0000 76.9582 176
-1.1950 0000 76.8742 177
-1.1586 0000 76.8384 204
-1.1223 0000 76.7990 206
-1.0859 0000 76.7614 228
-1.0497 0000 76.7451 228
-1.0135 0000 76.7661 254
-0.9772 0000 76.7552 246
-0.9411 0000 76.7780 251
-0.9048 0000 76.7795 244
-0.8686 0000 76.7774 237
-0.8324 0000 76.7682 235
-0.7961 0000 76.7289 236
-0.7599 0000 76.7304 234
-0.7237 0000 76.7478 244
-0.6874 0000 76.7493 234
-0.6512 0000 76.7721 203
-0.6150 0000 76.7843 183
-0.5787 0000 76.8088 161
-0.5425 0000 76.8050 149
-0.5063 0000 76.7763 134
-0.4701 0000 76.7423 110
-0.4339 0000 76.7082 100
-0.3978 0000 76.6636 95
-0.3616 0000 76.6598 102
-0.3254 0000 76.6453 117
-0.2892 0000 76.6432 121
-0.2530 0000 76.6394 130
-0.2168 0000 76.6356 145
-0.1806 0000 76.6300 174
-0.1444 0000 76.6297 202
-0.1082 0000 76.6276 205
-0.0720 0000 76.6238 195
-0.0358 0000 76.6253 183
0.0005 0000 76.6463 156
0.0367 0000 76.6460 144
0.0730 0000 76.6652 132
0.1090 0000 76.6171 128
0.1451 0000 76.6132 135
0.1812 0000 76.5935 136
0.2175 0000 76.6038 115
0.2537 0000 76.6106 107
0.2899 0000 76.6086 122
0.3261 0000 76.6012 141
0.3622 0000 76.5903 154
0.3983 0000 76.5670 173
0.4346 0000 76.5862 163
0.4708 0000 76.5930 158
0.5071 0000 76.5981 153
0.5433 0000 76.5960 150
0.5794 0000 76.5887 149
0.6153 0000 76.5458 151
0.6514 0000 76.5438 151
0.6876 0000 76.5400 146
0.7233 0000 76.4884 150
0.7591 0000 76.4456 160
0.7947 0000 76.3870 171
0.8303 0000 76.3301 178
0.8656 0000 76.2469 209
0.9013 0000 76.1989 230
0.9372 0000 76.1846 234
0.9728 0000 76.1385 229
1.0089 0000 76.1311 207
1.0448 0000 76.1132 185
1.0808 0000 76.1095 156
1.1166 0000 76.0880 131
1.1527 0000 76.0860 130
1.1888 0000 76.0875 130
1.2249 0000 76.0855 128
1.2608 0000 76.0746 131
1.2966 0000 76.0515 155
1.3327 0000 76.0512 171
1.3688 0000 76.0545 178
1.4049 0000 76.0524 181
1.4409 0000 76.0469 186
1.4769 0000 76.0466 183
1.5131 0000 76.0534 152
1.5492 0000 76.0549 120
1.5852 0000 76.0494 104
1.6206 0000 76.0051 93
1.6565 0000 75.9943 85
1.6918 0000 75.9413 85
1.7269 0000 75.8813 96
1.7620 0000 75.8266 118
1.7979 0000 75.8158 139
1.8335 0000 75.7927 140
1.8690 0000 75.7627 158
1.9047 0000 75.7396 162
1.9403 0000 75.7201 161
1.9762 0000 75.7128 132
2.0120 0000 75.7020 126
2.0473 0000 75.6632 142
2.0827 0000 75.6332 147
2.1185 0000 75.6225 157
2.1544 0000 75.6170 172
2.1904 0000 75.6185 186
2.2266 0000 75.6305 192
2.2627 0000 75.6390 202
2.2985 0000 75.6300 220
2.3343 0000 75.6210 237
2.3698 0000 75.5963 225
2.4052 0000 75.5680 240
2.4406 0000 75.5416 232
2.4759 0000 75.5134 244
2.5117 0000 75.5044 246
2.5475 0000 75.4989 236
2.5830 0000 75.4777 224
2.6189 0000 75.4775 183
2.6551 0000 75.4860 140
2.6921 0000 75.5364 113
2.7293 0000 75.5904 108
2.7661 0000 75.6269 118
2.8031 0000 75.6687 142
2.8390 0000 75.6685 172
2.8741 0000 75.6297 196
2.9099 0000 75.6225 199
2.9456 0000 75.6135 186
2.9815 0000 75.6098 184
3.0174 0000 75.6078 193
3.0534 0000 75.6076 211
3.0894 0000 75.6091 224
3.1253 0000 75.6089 228
3.1608 0000 75.5877 218
3.1962 0000 75.5700 225
3.2322 0000 75.5698 210
3.2682 0000 75.5730 192
3.3047 0000 75.5938 196
3.3412 0000 75.6111 180
3.3772 0000 75.6144 175
3.4133 0000 75.6177 177
3.4492 0000 75.6157 180
3.4852 0000 75.6173 166
3.5211 0000 75.6171 163
3.5570 0000 75.6151 180
3.5929 0000 75.6131 187
3.6289 0000 75.6129 180
3.6648 0000 75.6110 168
3.6997 0000 75.5758 159
3.7352 0000 75.5616 155
3.7702 0000 75.5317 159
3.8055 0000 75.5105 147
3.8415 0000 75.5138 142
3.8781 0000 75.5328 132
3.9139 0000 75.5309 113
3.9496 0000 75.5237 108
3.9849 0000 75.5043 105
4.0200 0000 75.4779 129
4.0557 0000 75.4707 150
4.0909 0000 75.4496 152
4.1266 0000 75.4424 151
4.1624 0000 75.4405 136
4.1978 0000 75.4229 123
4.2334 0000 75.4140 103
4.2676 0000 75.3649 92
4.3016 0000 75.3107 94
4.3369 0000 75.2931 116
4.3726 0000 75.2877 134
4.4087 0000 75.2962 124
4.4448 0000 75.3013 115
4.4800 0000 75.2837 104
4.5151 0000 75.2609 102
4.5507 0000 75.2537 99
4.5856 0000 75.2275 91
4.6203 0000 75.1977 91
4.6552 0000 75.1715 88
4.6907 0000 75.1626 99
4.7250 0000 75.1207 107
4.7608 0000 75.1188 108
4.7971 0000 75.1325 120
4.8320 0000 75.1098 127
4.8676 0000 75.1027 141
4.9027 0000 75.0851 155
4.9384 0000 75.0815 157
4.9733 0000 75.0570 156
5.0080 0000 75.0308 181
5.0429 0000 75.0081 180
5.0784 0000 74.9992 191
5.1138 0000 74.9904 202
5.1489 0000 74.9729 216
5.1846 0000 74.9710 193
5.2203 0000 74.9691 163
5.2560 0000 74.9672 134
5.2908 0000 74.9445 109
5.3255 0000 74.9184 115
5.3611 0000 74.9130 120
5.3967 0000 74.9094 128
5.4318 0000 74.8936 124
5.4674 0000 74.8900 120
5.5029 0000 74.8846 112
5.5388 0000 74.8862 105
5.5748 0000 74.8930 105
5.6116 0000 74.9171 123
5.6482 0000 74.9360 127
5.6843 0000 74.9445 133
5.7211 0000 74.9686 140
5.7572 0000 74.9754 134
5.7930 0000 74.9769 128
5.8288 0000 74.9768 120
5.8644 0000 74.9732 110
5.8999 0000 74.9661 106
5.9352 0000 74.9572 119
5.9692 0000 74.9172 146
6.0046 0000 74.9084 168
6.0400 0000 74.9013 173
6.0750 0000 74.8856 163
6.1107 0000 74.8837 158
6.1465 0000 74.8835 141
6.1831 0000 74.9024 130
6.2201 0000 74.9300 112
6.2570 0000 74.9541 110
6.2938 0000 74.9765 97
6.3300 0000 74.9850 89
6.3660 0000 74.9883 86
6.4014 0000 74.9812 94
6.4357 0000 74.9498 118
6.4704 0000 74.9289 126
6.5049 0000 74.9027 142
6.5405 0000 74.8991 146
6.5762 0000 74.8972 142
6.6097 0000 74.8520 141
6.6450 0000 74.8432 152
6.6806 0000 74.8396 168
6.7144 0000 74.8014 180
6.7497 0000 74.7926 186
6.7842 0000 74.7682 179
6.8195 0000 74.7594 186
6.8540 0000 74.7351 203
6.8896 0000 74.7332 200
6.9246 0000 74.7192 185
6.9604 0000 74.7208 184
6.9970 0000 74.7379 215
7.0325 0000 74.7343 271
7.0681 0000 74.7324 278
7.1040 0000 74.7357 206
7.1409 0000 74.7598 139
7.1775 0000 74.7769 138
7.2113 0000 74.7405 179
7.2467 0000 74.7334 252
7.2821 0000 74.7281 304
7.3170 0000 74.7141 308
7.3526 0000 74.7122 311
7.3880 0000 74.7052 286
7.4216 0000 74.6670 260
7.4571 0000 74.6634 229
7.4928 0000 74.6650 191
7.5295 0000 74.6821 172
7.5651 0000 74.6820 151
7.6006 0000 74.6784 142
7.6350 0000 74.6540 140
7.6702 0000 74.6470 148
7.7057 0000 74.6434 149
7.7390 0000 74.6001 143
7.7745 0000 74.5982 134
7.8099 0000 74.5929 126
7.8441 0000 74.5686 130
7.8786 0000 74.5478 126
7.9154 0000 74.5684 131
7.9514 0000 74.5751 140
7.9872 0000 74.5767 156
8.0228 0000 74.5766 167
8.0584 0000 74.5747 175
8.0947 0000 74.5866 164
8.1304 0000 74.5882 156
8.1663 0000 74.5915 151
8.2019 0000 74.5914 156
8.2354 0000 74.5550 158
8.2704 0000 74.5446 142
8.3039 0000 74.5100 130
8.3364 0000 74.4582 120
8.3691 0000 74.4098 114
8.4040 0000 74.3977 115
8.4393 0000 74.3941 124
8.4750 0000 74.3957 135
8.5107 0000 74.3973 149
8.5462 0000 74.3971 160
8.5806 0000 74.3781 156
8.6148 0000 74.3556 176
8.6498 0000 74.3469 176
8.6851 0000 74.3416 169
8.7206 0000 74.3415 156
8.7565 0000 74.3465 138
8.7934 0000 74.3688 123
8.8291 0000 74.3704 122
8.8646 0000 74.3702 121
8.8999 0000 74.3650 117
8.9343 0000 74.3477 110
8.9683 0000 74.3235 87
9.0018 0000 74.2925 77
9.0338 0000 74.2374 66
9.0640 0000 74.1567 62
9.0989 0000 74.1480 63
9.1327 0000 74.1222 66
9.1666 0000 74.0981 74
9.2002 0000 74.0706 91
9.2338 0000 74.0414 102
9.2674 0000 74.0140 129
9.3013 0000 73.9916 144
9.3362 0000 73.9830 165
9.3700 0000 73.9590 195
9.4036 0000 73.9315 192
9.4357 0000 73.8836 197
9.4674 0000 73.8290 206
9.5001 0000 73.7896 208
9.5305 0000 73.7180 217
9.5638 0000 73.6890 233
9.5973 0000 73.6617 221
9.6319 0000 73.6514 224
9.6640 0000 73.6054 239
9.6960 0000 73.5577 265
9.7277 0000 73.5067 296
9.7607 0000 73.4744 322
9.7941 0000 73.4472 381
9.8287 0000 73.4386 410
9.8624 0000 73.4165 411
9.8961 0000 73.3944 438
9.9309 0000 73.3876 416
9.9643 0000 73.3621 367
9.9976 0000 73.3349 361
10.0322 0000 73.3264 342
10.0643 0000 73.2841 329
10.0992 0000 73.2789 310
10.1343 0000 73.2772 277
10.1695 0000 73.2771 248
10.2048 0000 73.2787 230
10.2398 0000 73.2753 216
10.2733 0000 73.2516 212
10.3067 0000 73.2278 199
10.3418 0000 73.2261 199
10.3767 0000 73.2227 203
10.4100 0000 73.1973 214
10.4434 0000 73.1736 220
10.4783 0000 73.1701 257
10.5129 0000 73.1616 316
10.5451 0000 73.1228 379
10.5801 0000 73.1210 414
10.6149 0000 73.1159 420
10.6481 0000 73.0906 433
10.6812 0000 73.0635 389
10.7157 0000 73.0550 348
10.7490 0000 73.0314 301
10.7804 0000 72.9842 264
10.8133 0000 72.9555 245
10.8464 0000 72.9302 253
10.8793 0000 72.9016 246
10.9121 0000 72.8729 255
10.9471 0000 72.8712 258
10.9822 0000 72.8712 265
11.0154 0000 72.8476 272
11.0503 0000 72.8459 284
11.0837 0000 72.8240 281
11.1188 0000 72.8239 287
11.1556 0000 72.8457 306
11.1906 0000 72.8440 311
11.2253 0000 72.8389 302
11.2568 0000 72.7952 293
11.2915 0000 72.7901 299
11.3263 0000 72.7867 299
11.3613 0000 72.7867 291
11.3964 0000 72.7867 286
11.4316 0000 72.7883 274
11.4649 0000 72.7664 242
11.5019 0000 72.7899 225
11.5374 0000 72.7949 215
11.5725 0000 72.7949 213
11.6073 0000 72.7915 216
11.6404 0000 72.7679 229
11.6732 0000 72.7410 241
11.7060 0000 72.7141 272
11.7392 0000 72.6923 273
11.7739 0000 72.6889 276
11.8087 0000 72.6855 277
11.8420 0000 72.6653 288
11.8768 0000 72.6619 269
11.9118 0000 72.6619 232
11.9486 0000 72.6820 185
11.9863 0000 72.7121 164
12.0260 0000 72.7658 154
12.0659 0000 72.8212 150
12.1037 0000 72.8514 162
12.1408 0000 72.8749 173
12.1761 0000 72.8765 189
12.2109 0000 72.8731 190
12.2460 0000 72.8731 179
12.2813 0000 72.8764 169
12.3164 0000 72.8764 158
12.3490 0000 72.8478 153
12.3814 0000 72.8175 178
12.4139 0000 72.7889 198
12.4450 0000 72.7452 218
12.4798 0000 72.7418 224
12.5146 0000 72.7384 225
12.5493 0000 72.7350 229
12.5839 0000 72.7299 218
12.6146 0000 72.6812 194
12.6470 0000 72.6526 198
12.6801 0000 72.6308 208
12.7130 0000 72.6073 247
12.7461 0000 72.5871 251
12.7827 0000 72.6039 247
12.8179 0000 72.6055 284
12.8528 0000 72.6038 302
12.8877 0000 72.6020 298
12.9226 0000 72.6003 279
12.9573 0000 72.5969 252
12.9926 0000 72.6002 209
13.0300 0000 72.6253 181
13.0654 0000 72.6286 160
13.1004 0000 72.6286 145
13.1352 0000 72.6252 141
13.1680 0000 72.6017 132
13.2008 0000 72.5782 130
13.2333 0000 72.5513 124
13.2683 0000 72.5513 133
13.3011 0000 72.5278 151
13.3358 0000 72.5244 178
13.3707 0000 72.5227 203
13.4054 0000 72.5193 227
13.4384 0000 72.4992 265
13.4726 0000 72.4908 291
13.5051 0000 72.4639 290
13.5361 0000 72.4238 300
13.5698 0000 72.4104 304
13.6006 0000 72.3669 310
13.6342 0000 72.3535 319
13.6673 0000 72.3334 328
13.7006 0000 72.3166 281
13.7351 0000 72.3116 259
13.7692 0000 72.3032 249
13.7997 0000 72.2581 256
13.8335 0000 72.2464 276
13.8641 0000 72.2030 297
13.8984 0000 72.1963 307
13.9311 0000 72.1746 296
13.9659 0000 72.1729 291
13.9986 0000 72.1512 291
14.0327 0000 72.1428 274
14.0651 0000 72.1178 259
14.1000 0000 72.1178 228
14.1353 0000 72.1211 205
14.1702 0000 72.1210 192
14.2050 0000 72.1193 187
14.2399 0000 72.1193 194
14.2727 0000 72.0993 200
14.3073 0000 72.0959 216
14.3419 0000 72.0925 227
14.3762 0000 72.0875 234
14.4106 0000 72.0825 238
14.4448 0000 72.0758 245
14.4775 0000 72.0541 263
14.5127 0000 72.0574 258
14.5502 0000 72.0824 230
14.5858 0000 72.0890 209
14.6232 0000 72.1123 201
14.6561 0000 72.0939 191
14.6909 0000 72.0922 199
14.7256 0000 72.0905 203
14.7605 0000 72.0905 201
14.7950 0000 72.0872 200
14.8247 0000 72.0389 202
14.8585 0000 72.0289 209
14.8886 0000 71.9840 218
14.9206 0000 71.9574 239
14.9529 0000 71.9342 241
14.9876 0000 71.9325 248
15.0223 0000 71.9308 247
15.0567 0000 71.9275 242
15.0869 0000 71.8843 239
15.1212 0000 71.8793 239
15.1556 0000 71.8760 237
15.1861 0000 71.8362 236
15.2205 0000 71.8329 239
15.2550 0000 71.8296 243
15.2894 0000 71.8263 251
15.3240 0000 71.8246 259
15.3588 0000 71.8246 268
15.3935 0000 71.8229 263
15.4262 0000 71.8047 257
15.4614 0000 71.8080 243
15.4962 0000 71.8081 238
15.5310 0000 71.8081 232
15.5632 0000 71.7849 207
15.5972 0000 71.7783 187
15.6318 0000 71.7766 178
15.6666 0000 71.7766 185
15.6985 0000 71.7518 215
15.7318 0000 71.7386 242
15.7620 0000 71.6989 267
15.7964 0000 71.6956 291
15.8309 0000 71.6940 305
15.8653 0000 71.6907 300
15.9001 0000 71.6907 274
15.9377 0000 71.7156 230
15.9778 0000 71.7619 200
16.0162 0000 71.7934 187
16.0546 0000 71.8249 163
16.0950 0000 71.8730 144
16.1299 0000 71.8747 128
16.1649 0000 71.8764 116
16.2001 0000 71.8798 109
16.2347 0000 71.8781 106
16.2667 0000 71.8550 111
16.2984 0000 71.8285 116
16.3304 0000 71.8053 137
16.3646 0000 71.8004 156
16.3964 0000 71.7756 158
16.4286 0000 71.7541 169
16.4625 0000 71.7475 162
16.4943 0000 71.7228 144
16.5260 0000 71.6980 137
16.5602 0000 71.6931 119
16.5947 0000 71.6915 118
16.6296 0000 71.6932 134
16.6667 0000 71.7131 142
16.7014 0000 71.7131 164
16.7365 0000 71.7165 185
16.7716 0000 71.7199 190
16.8065 0000 71.7216 186
16.8412 0000 71.7216 182
16.8761 0000 71.7233 174
16.9135 0000 71.7449 156
16.9510 0000 71.7681 155
16.9855 0000 71.7665 154
17.0200 0000 71.7650 157
17.0498 0000 71.7253 162
17.0809 0000 71.6956 160
17.1125 0000 71.6709 168
17.1466 0000 71.6660 163
17.1784 0000 71.6429 150
17.2132 0000 71.6446 146
17.2512 0000 71.6711 152
17.2865 0000 71.6762 156
17.3210 0000 71.6746 156
17.3550 0000 71.6697 160
17.3866 0000 71.6450 180
17.4179 0000 71.6186 160
17.4501 0000 71.5989 137
17.4845 0000 71.5973 113
17.5187 0000 71.5941 99
17.5510 0000 71.5760 86
17.5884 0000 71.5975 75
17.6197 0000 71.5712 67
17.6539 0000 71.5680 65
17.6917 0000 71.5928 66
17.7193 0000 71.5385 69
17.7472 0000 71.4858 74
17.7807 0000 71.4776 86
17.8096 0000 71.4332 100
17.8442 0000 71.4333 110
17.8784 0000 71.4301 120
17.9106 0000 71.4120 123
17.9443 0000 71.4055 129
17.9781 0000 71.3990 137
18.0103 0000 71.3810 153
18.0448 0000 71.3811 155
18.0794 0000 71.3812 153
18.1112 0000 71.3599 144
18.1451 0000 71.3550 154
18.1764 0000 71.3304 177
18.2073 0000 71.3025 182
18.2407 0000 71.2944 191
18.2748 0000 71.2912 180
18.3093 0000 71.2913 157
18.3441 0000 71.2930 143
18.3740 0000 71.2586 139
18.4077 0000 71.2521 136
18.4415 0000 71.2473 129
18.4758 0000 71.2458 126
18.5108 0000 71.2491 122
18.5459 0000 71.2542 114
18.5868 0000 71.3020 108
18.6226 0000 71.3119 107
18.6628 0000 71.3548 108
18.7009 0000 71.3813 110
18.7361 0000 71.3863 99
18.7706 0000 71.3864 90
18.7998 0000 71.3470 89
18.8330 0000 71.3372 86
18.8632 0000 71.3061 80
18.8917 0000 71.2618 80
18.9255 0000 71.2569 77
18.9596 0000 71.2538 74
18.9907 0000 71.2292 75
19.0247 0000 71.2260 71
19.0529 0000 71.1802 66
19.0833 0000 71.1507 63
19.1068 0000 71.0704 61
19.1378 0000 71.0460 65
19.1729 0000 71.0510 70
19.2069 0000 71.0478 77
19.2370 0000 71.0168 79
19.2617 0000 70.9465 84
19.2920 0000 70.9172 104
19.3228 0000 70.8911 121
19.3510 0000 70.8471 149
19.3804 0000 70.8113 171
19.4075 0000 70.7591 201
19.4377 0000 70.7299 258
19.4663 0000 70.6892 295
19.4988 0000 70.6763 314
19.5278 0000 70.6390 347
19.5605 0000 70.6277 379
19.5895 0000 70.5904 371
19.6213 0000 70.5726 347
19.6496 0000 70.5304 324
19.6825 0000 70.5208 285
19.7112 0000 70.4819 247
19.7415 0000 70.4544 241
19.7718 0000 70.4270 219
19.7993 0000 70.3800 197
19.8282 0000 70.3429 178
19.8503 0000 70.2587 197
19.8773 0000 70.2087 226
19.9050 0000 70.1635 240
19.9380 0000 70.1556 234
19.9623 0000 70.0878 230
19.9957 0000 70.0832 222
20.0299 0000 70.0833 215
20.0642 0000 70.0851 204
20.1054 0000 70.1338 190
20.1397 0000 70.1355 174
20.1703 0000 70.1115 166
20.1974 0000 70.0632 167
20.2272 0000 70.0343 178
20.2507 0000 69.9618 195
20.2775 0000 69.9120 214
20.3075 0000 69.8848 239
20.3376 0000 69.8576 274
20.3674 0000 69.8288 293
20.3976 0000 69.8032 332
20.4314 0000 69.8018 346
20.4654 0000 69.8019 335
20.4961 0000 69.7796 309
20.5294 0000 69.7750 298
20.5601 0000 69.7526 301
20.5941 0000 69.7528 298
20.6279 0000 69.7514 287
20.6549 0000 69.7050 274
20.6880 0000 69.6987 261
20.7217 0000 69.6973 252
20.7557 0000 69.6975 260
20.7892 0000 69.6945 262
20.8235 0000 69.6963 249
20.8550 0000 69.6804 246
20.8888 0000 69.6790 237
20.9223 0000 69.6760 219
20.9529 0000 69.6537 220
20.9866 0000 69.6523 222
21.0203 0000 69.6508 220
21.0511 0000 69.6302 215
21.0878 0000 69.6480 223
21.1218 0000 69.6482 212
21.1594 0000 69.6725 194
21.1941 0000 69.6775 188
21.2357 0000 69.7275 189
21.2736 0000 69.7534 185
21.3081 0000 69.7569 188
21.3421 0000 69.7571 193
21.3759 0000 69.7556 200
21.4099 0000 69.7558 210
21.4471 0000 69.7769 214
21.4813 0000 69.7788 213
21.5153 0000 69.7790 206
21.5495 0000 69.7808 194
21.5868 0000 69.8019 179
21.6218 0000 69.8085 151
21.6598 0000 69.8345 135
21.6976 0000 69.8588 123
21.7396 0000 69.9105 115
