wt=151611244, DLLFiFo=0
-27.4815 0000 105.0716 135
-27.4359 0000 105.0491 166
-27.3929 0000 105.0440 148
-27.3505 0000 105.0438 108
-27.3132 0000 105.0783 89
-27.2818 0000 105.1551 97
-27.2338 0000 105.1152 105
-27.1897 0000 105.1026 95
-27.1427 0000 105.0702 82
-27.1067 0000 105.1146 73
-27.0757 0000 105.1939 78
-27.0368 0000 105.2185 85
-27.0032 0000 105.2804 94
-26.9566 0000 105.2504 108
-26.9146 0000 105.2527 131
-26.8736 0000 105.2625 163
-26.8389 0000 105.3170 193
-26.7989 0000 105.3342 196
-26.7603 0000 105.3613 141
-26.7246 0000 105.4084 108
-26.7023 0000 105.5527 91
-26.6665 0000 105.5998 104
-26.6275 0000 105.6246 130
-26.5843 0000 105.6194 141
-26.5411 0000 105.6142 138
-26.4969 0000 105.6015 131
-26.4558 0000 105.6113 143
-26.4137 0000 105.6136 159
-26.3743 0000 105.6359 178
-26.3314 0000 105.6332 203
-26.2882 0000 105.6280 205
-26.2423 0000 105.6028 203
-26.1998 0000 105.6026 183
-26.1591 0000 105.6149 162
-26.1247 0000 105.6746 161
-26.0839 0000 105.6868 166
-26.0418 0000 105.6891 157
-25.9992 0000 105.6889 152
-25.9567 0000 105.6887 157
-25.9112 0000 105.6660 175
-25.8666 0000 105.6509 175
-25.8214 0000 105.6307 167
-25.7701 0000 105.5657 160
-25.7256 0000 105.5505 171
-25.6841 0000 105.5578 192
-25.6460 0000 105.5900 196
-25.6035 0000 105.5897 201
-25.5576 0000 105.5646 209
-25.5148 0000 105.5619 186
-25.4759 0000 105.5891 159
-25.4357 0000 105.6063 164
-25.3978 0000 105.6410 189
-25.3563 0000 105.6483 197
-25.3161 0000 105.6655 172
-25.2729 0000 105.6603 139
-25.2316 0000 105.6700 109
-25.1980 0000 105.7372 104
-25.1616 0000 105.7844 110
-25.1230 0000 105.8142 121
-25.0762 0000 105.7815 114
-25.0283 0000 105.7413 111
-24.9854 0000 105.7385 99
-24.9389 0000 105.7084 101
-24.8993 0000 105.7306 106
-24.8622 0000 105.7728 95
-24.8485 0000 105.9951 105
-24.8094 0000 106.0224 128
-24.7600 0000 105.9696 139
-24.7122 0000 105.9293 146
-24.6689 0000 105.9240 159
-24.6230 0000 105.8988 180
-24.5800 0000 105.8960 201
-24.5336 0000 105.8658 223
-24.4912 0000 105.8680 231
-24.4502 0000 105.8803 222
-24.4120 0000 105.9151 191
-24.3735 0000 105.9473 193
-24.3350 0000 105.9796 183
-24.2942 0000 105.9944 186
-24.2521 0000 105.9991 181
-24.2095 0000 105.9989 169
-24.1668 0000 105.9986 158
-24.1234 0000 105.9933 161
-24.0798 0000 105.9856 169
-24.0318 0000 105.9428 170
-23.9878 0000 105.9325 176
-23.9461 0000 105.9397 174
-23.9046 0000 105.9495 169
-23.8579 0000 105.9167 175
-23.8186 0000 105.9440 176
-23.7846 0000 106.0138 187
-23.7484 0000 106.0661 191
-23.7113 0000 106.1110 195
-23.6645 0000 106.0781 184
-23.6162 0000 106.0328 177
-23.5679 0000 105.9874 155
-23.5157 0000 105.9096 137
-23.4742 0000 105.9193 126
-23.4373 0000 105.9666 148
-23.3982 0000 105.9963 153
-23.3558 0000 105.9986 142
-23.3122 0000 105.9908 128
-23.2642 0000 105.9480 135
-23.2167 0000 105.9076 163
-23.1754 0000 105.9199 189
-23.1364 0000 105.9496 218
-23.1018 0000 106.0170 237
-23.0660 0000 106.0743 219
-23.0298 0000 106.1292 200
-22.9886 0000 106.1415 193
-22.9497 0000 106.1738 202
-22.9030 0000 106.1409 201
-22.8551 0000 106.0980 208
-22.8078 0000 106.0602 212
-22.7657 0000 106.0649 199
-22.7318 0000 106.1398 174
-22.6947 0000 106.1872 167
-22.6525 0000 106.1920 159
-22.6132 0000 106.2218 140
-22.5701 0000 106.2191 126
-22.5255 0000 106.2037 116
-22.4783 0000 106.1658 124
-22.4381 0000 106.1881 128
-22.3920 0000 106.1602 132
-22.3504 0000 106.1700 144
-22.3114 0000 106.2024 152
-22.2691 0000 106.2071 144
-22.2269 0000 106.2118 136
-22.1803 0000 106.1789 123
-22.1282 0000 106.0984 100
-22.0808 0000 106.0580 95
-22.0351 0000 106.0326 96
-21.9960 0000 106.0649 87
-21.9544 0000 106.0747 89
-21.9121 0000 106.0794 100
-21.8702 0000 106.0867 130
-21.8296 0000 106.1065 143
-21.7865 0000 106.1037 126
-21.7429 0000 106.0959 88
-21.7003 0000 106.0981 80
-21.6615 0000 106.1330 125
-21.6167 0000 106.1151 147
-21.5733 0000 106.1098 136
-21.5352 0000 106.1522 106
-21.4963 0000 106.1871 95
-21.4614 0000 106.2572 97
-21.4134 0000 106.2117 109
-21.3658 0000 106.1687 112
-21.3202 0000 106.1434 139
-21.2796 0000 106.1632 141
-21.2340 0000 106.1378 151
-21.1936 0000 106.1601 127
-21.1643 0000 106.2829 120
-21.1275 0000 106.3380 134
-21.0846 0000 106.3377 141
-21.0415 0000 106.3350 151
-21.0019 0000 106.3649 167
-20.9603 0000 106.3772 190
-20.9183 0000 106.3845 183
-20.8786 0000 106.4144 159
-20.8365 0000 106.4217 131
-20.7996 0000 106.4769 132
-20.7572 0000 106.4816 149
-20.7151 0000 106.4889 158
-20.6757 0000 106.5214 154
-20.6373 0000 106.5640 172
-20.5976 0000 106.5940 174
-20.5541 0000 106.5887 186
-20.5082 0000 106.5607 204
-20.4630 0000 106.5403 234
-20.4196 0000 106.5350 251
-20.3787 0000 106.5549 232
-20.3387 0000 106.5824 207
-20.2917 0000 106.5443 202
-20.2390 0000 106.4508 240
-20.1950 0000 106.4404 281
-20.1520 0000 106.4402 312
-20.1093 0000 106.4424 327
-20.0693 0000 106.4699 321
-20.0263 0000 106.4696 324
-19.9841 0000 106.4769 312
-19.9454 0000 106.5170 296
-19.9037 0000 106.5293 251
-19.8615 0000 106.5366 222
-19.8240 0000 106.5894 205
-19.7787 0000 106.5664 205
-19.7321 0000 106.5308 181
-19.6868 0000 106.5079 166
-19.6397 0000 106.4673 158
-19.5931 0000 106.4318 121
-19.5466 0000 106.3963 95
-19.4998 0000 106.3582 78
-19.4668 0000 106.4562 70
-19.4281 0000 106.4988 79
-19.3874 0000 106.5212 102
-19.3472 0000 106.5487 120
-19.3093 0000 106.5989 145
-19.2645 0000 106.5810 151
-19.2195 0000 106.5606 140
-19.1732 0000 106.5275 131
-19.1305 0000 106.5298 142
-19.0895 0000 106.5497 149
-19.0468 0000 106.5520 139
-19.0052 0000 106.5669 135
-18.9652 0000 106.5969 127
-18.9158 0000 106.5311 124
-18.8642 0000 106.4426 115
-18.8148 0000 106.3768 126
-18.7655 0000 106.3111 138
-18.7211 0000 106.2958 147
-18.6762 0000 106.2754 182
-18.6347 0000 106.2903 168
-18.6058 0000 106.4360 144
-18.5734 0000 106.5467 148
-18.5357 0000 106.6020 159
-18.4941 0000 106.6169 194
-18.4506 0000 106.6116 205
-18.4030 0000 106.5634 180
-18.3588 0000 106.5505 155
-18.3201 0000 106.5957 140
-18.2880 0000 106.7117 137
-18.2488 0000 106.7519 148
-18.2057 0000 106.7516 163
-18.1593 0000 106.7160 187
-18.1153 0000 106.7056 212
-18.0722 0000 106.7054 242
-18.0299 0000 106.7127 253
-17.9889 0000 106.7352 254
-17.9456 0000 106.7325 226
-17.9025 0000 106.7322 200
-17.8595 0000 106.7320 200
-17.8168 0000 106.7368 205
-17.7684 0000 106.6784 175
-17.7150 0000 106.5645 158
-17.6564 0000 106.3928 153
-17.6097 0000 106.3523 140
-17.5665 0000 106.3495 124
-17.5201 0000 106.3115 106
-17.4792 0000 106.3339 114
-17.4373 0000 106.3463 111
-17.4011 0000 106.4216 98
-17.3659 0000 106.5096 102
-17.3238 0000 106.5195 102
-17.2760 0000 106.4663 108
-17.2265 0000 106.3929 128
-17.1829 0000 106.3851 141
-17.1374 0000 106.3572 144
-17.0915 0000 106.3242 125
-17.0501 0000 106.3416 125
-17.0104 0000 106.3791 115
-16.9689 0000 106.3965 156
-16.9261 0000 106.3988 201
-16.8824 0000 106.3910 199
-16.8368 0000 106.3605 176
-16.7940 0000 106.3628 188
-16.7518 0000 106.3726 189
-16.7107 0000 106.3950 157
-16.6699 0000 106.4200 138
-16.6245 0000 106.3920 126
-16.5808 0000 106.3842 109
-16.5316 0000 106.3109 106
-16.4811 0000 106.2226 113
-16.4370 0000 106.2098 115
-16.3981 0000 106.2573 104
-16.3650 0000 106.3754 130
-16.3249 0000 106.4105 155
-16.2793 0000 106.3800 181
-16.2332 0000 106.3420 171
-16.1901 0000 106.3417 183
-16.1498 0000 106.3742 204
-16.1068 0000 106.3740 191
-16.0656 0000 106.3964 165
-16.0273 0000 106.4541 172
-15.9882 0000 106.5018 188
-15.9428 0000 106.4738 204
-15.8994 0000 106.4685 214
-15.8508 0000 106.4002 207
-15.8036 0000 106.3496 182
-15.7573 0000 106.3090 158
-15.7163 0000 106.3339 152
-15.6733 0000 106.3337 152
-15.6312 0000 106.3460 168
-15.5918 0000 106.3911 189
-15.5536 0000 106.4514 249
-15.5127 0000 106.4789 282
-15.4682 0000 106.4610 293
-15.4253 0000 106.4633 284
-15.3801 0000 106.4353 247
-15.3332 0000 106.3871 201
-15.2890 0000 106.3717 174
-15.2463 0000 106.3765 158
-15.2068 0000 106.4217 146
-15.1672 0000 106.4668 132
-15.1271 0000 106.5044 132
-15.0871 0000 106.5446 144
-15.0447 0000 106.5544 151
-15.0022 0000 106.5617 149
-14.9632 0000 106.6145 133
-14.9231 0000 106.6547 114
-14.8821 0000 106.6823 121
-14.8326 0000 106.5986 126
-14.7880 0000 106.5781 154
-14.7406 0000 106.5223 165
-14.6913 0000 106.4388 153
-14.6423 0000 106.3603 154
-14.5962 0000 106.3197 172
-14.5520 0000 106.3043 164
-14.5160 0000 106.3999 131
-14.4784 0000 106.4728 147
-14.4375 0000 106.5028 149
-14.3934 0000 106.4899 145
-14.3475 0000 106.4518 134
-14.3055 0000 106.4667 123
-14.2654 0000 106.5068 122
-14.2221 0000 106.5040 131
-14.1809 0000 106.5315 153
-14.1395 0000 106.5540 197
-14.0961 0000 106.5512 201
-14.0533 0000 106.5560 175
-14.0140 0000 106.6088 149
-13.9779 0000 106.7071 153
-13.9372 0000 106.7423 176
-13.8914 0000 106.7041 173
-13.8448 0000 106.6557 180
-13.8003 0000 106.6377 182
-13.7529 0000 106.5768 173
-13.7090 0000 106.5664 158
-13.6611 0000 106.4979 154
-13.6153 0000 106.4597 162
-13.5736 0000 106.4797 197
-13.5313 0000 106.4920 219
-13.4923 0000 106.5523 232
-13.4502 0000 106.5672 243
-13.4096 0000 106.6049 230
-13.3696 0000 106.6501 238
-13.3291 0000 106.6903 223
-13.2866 0000 106.7001 222
-13.2431 0000 106.6948 222
-13.1992 0000 106.6844 219
-13.1584 0000 106.7195 186
-13.1162 0000 106.7344 145
-13.0718 0000 106.7164 119
-13.0124 0000 106.4733 122
-12.9661 0000 106.4251 124
-12.9229 0000 106.4248 118
-12.8811 0000 106.4447 107
-12.8402 0000 106.4797 84
-12.8071 0000 106.6336 85
-12.7677 0000 106.6915 80
-12.7271 0000 106.7317 74
-12.6857 0000 106.7592 80
-12.6410 0000 106.7361 105
-12.6003 0000 106.7763 139
-12.5592 0000 106.8090 145
-12.5182 0000 106.8441 156
-12.4773 0000 106.8819 144
-12.4379 0000 106.9424 145
-12.3960 0000 106.9650 146
-12.3537 0000 106.9799 158
-12.3119 0000 107.0050 183
-12.2689 0000 107.0097 184
-12.2275 0000 107.0399 171
-12.1850 0000 107.0523 176
-12.1438 0000 107.0875 177
-12.1006 0000 107.0897 176
-12.0551 0000 107.0538 165
-12.0140 0000 107.0891 171
-11.9709 0000 107.0939 181
-11.9302 0000 107.1368 192
-11.8913 0000 107.2102 191
-11.8503 0000 107.2506 201
-11.8090 0000 107.2859 186
-11.7655 0000 107.2831 179
-11.7218 0000 107.2777 169
-11.6785 0000 107.2799 168
-11.6353 0000 107.2821 179
-11.5922 0000 107.2869 180
-11.5507 0000 107.3196 190
-11.5094 0000 107.3550 202
-11.4683 0000 107.3955 215
-11.4271 0000 107.4334 225
-11.3860 0000 107.4739 203
-11.3413 0000 107.4531 183
-11.2975 0000 107.4452 149
-11.2516 0000 107.4015 121
-11.2058 0000 107.3603 96
-11.1601 0000 107.3192 82
-11.1124 0000 107.2424 76
-11.0646 0000 107.1632 91
-11.0208 0000 107.1552 109
-10.9776 0000 107.1575 149
-10.9350 0000 107.1724 169
-10.8926 0000 107.1899 154
-10.8511 0000 107.2252 158
-10.8092 0000 107.2528 156
-10.7662 0000 107.2601 165
-10.7252 0000 107.3031 169
-10.6876 0000 107.4124 159
-10.6519 0000 107.5576 144
-10.6130 0000 107.6442 144
-10.5702 0000 107.6566 135
-10.5277 0000 107.6768 163
-10.4830 0000 107.6534 186
-10.4412 0000 107.6863 232
-10.3993 0000 107.7167 225
-10.3544 0000 107.6908 223
-10.3104 0000 107.6802 246
-10.2669 0000 107.6799 251
-10.2240 0000 107.6924 222
-10.1807 0000 107.6971 194
-10.1365 0000 107.6840 180
-10.0907 0000 107.6376 172
-10.0451 0000 107.5964 166
-10.0001 0000 107.5654 135
-9.9552 0000 107.5369 138
-9.9114 0000 107.5289 129
-9.8695 0000 107.5618 114
-9.8301 0000 107.6459 128
-9.7904 0000 107.7249 150
-9.7490 0000 107.7681 168
-9.7087 0000 107.8344 196
-9.6673 0000 107.8802 233
-9.6257 0000 107.9209 233
-9.5826 0000 107.9308 235
-9.5420 0000 107.9947 238
-9.5003 0000 108.0354 241
-9.4572 0000 108.0454 260
-9.4149 0000 108.0733 285
-9.3711 0000 108.0704 277
-9.3275 0000 108.0701 263
-9.2841 0000 108.0749 254
-9.2410 0000 108.0848 245
-9.1992 0000 108.1256 232
-9.1568 0000 108.1536 243
-9.1131 0000 108.1507 241
-9.0683 0000 108.1246 231
-9.0260 0000 108.1551 240
-8.9827 0000 108.1625 231
-8.9394 0000 108.1699 206
-8.8958 0000 108.1721 187
-8.8519 0000 108.1666 202
-8.8072 0000 108.1406 247
-8.7643 0000 108.1582 245
-8.7206 0000 108.1579 253
-8.6768 0000 108.1524 269
-8.6329 0000 108.1469 280
-8.5891 0000 108.1440 271
-8.5459 0000 108.1540 242
-8.5028 0000 108.1665 211
-8.4588 0000 108.1584 193
-8.4129 0000 108.1041 193
-8.3661 0000 108.0241 190
-8.3221 0000 108.0160 176
-8.2788 0000 108.0234 138
-8.2347 0000 108.0102 126
-8.1912 0000 108.0150 119
-8.1486 0000 108.0403 100
-8.1053 0000 108.0477 103
-8.0614 0000 108.0396 112
-8.0172 0000 108.0264 111
-7.9735 0000 108.0235 98
-7.9304 0000 108.0360 90
-7.8882 0000 108.0742 100
-7.8448 0000 108.0790 100
-7.8002 0000 108.0529 105
-7.7564 0000 108.0500 140
-7.7128 0000 108.0497 162
-7.6692 0000 108.0493 158
-7.6253 0000 108.0412 148
-7.5816 0000 108.0409 148
-7.5382 0000 108.0457 146
-7.4956 0000 108.0762 122
-7.4537 0000 108.1221 119
-7.4103 0000 108.1294 123
-7.3673 0000 108.1471 126
-7.3237 0000 108.1493 130
-7.2795 0000 108.1335 129
-7.2344 0000 108.0920 145
-7.1903 0000 108.0788 177
-7.1468 0000 108.0810 229
-7.1037 0000 108.0986 245
-7.0604 0000 108.1085 213
-7.0169 0000 108.1107 172
-6.9734 0000 108.1155 139
-6.9300 0000 108.1229 126
-6.8867 0000 108.1328 138
-6.8447 0000 108.1839 164
-6.8022 0000 108.2195 188
-6.7603 0000 108.2758 227
-6.7189 0000 108.3450 270
-6.6756 0000 108.3575 289
-6.6322 0000 108.3674 308
-6.5897 0000 108.4057 356
-6.5464 0000 108.4183 362
-6.5037 0000 108.4514 365
-6.4605 0000 108.4691 311
-6.4170 0000 108.4765 286
-6.3746 0000 108.5200 258
-6.3318 0000 108.5532 248
-6.2880 0000 108.5503 227
-6.2442 0000 108.5499 250
-6.2006 0000 108.5547 303
-6.1578 0000 108.5853 333
-6.1148 0000 108.6134 380
-6.0715 0000 108.6285 346
-6.0282 0000 108.6437 278
-5.9860 0000 108.7002 233
-5.9425 0000 108.7102 235
-5.8988 0000 108.7124 239
-5.8558 0000 108.7431 211
-5.8132 0000 108.7841 188
-5.7705 0000 108.8252 185
-5.7268 0000 108.8300 176
-5.6821 0000 108.7959 167
-5.6371 0000 108.7515 166
-5.5925 0000 108.7201 174
-5.5480 0000 108.6913 139
-5.5049 0000 108.7168 122
-5.4638 0000 108.8226 113
-5.4210 0000 108.8636 128
-5.3774 0000 108.8710 148
-5.3337 0000 108.8784 161
-5.2912 0000 108.9299 158
-5.2474 0000 108.9322 139
-5.2027 0000 108.8955 124
-5.1573 0000 108.8303 141
-5.1137 0000 108.8377 152
-5.0715 0000 108.9073 169
-5.0285 0000 108.9458 196
-4.9849 0000 108.9532 249
-4.9412 0000 108.9581 286
-4.8974 0000 108.9629 283
-4.8543 0000 108.9936 250
-4.8110 0000 109.0218 246
-4.7672 0000 109.0214 241
-4.7234 0000 109.0237 241
-4.6796 0000 109.0285 237
-4.6357 0000 109.0281 232
-4.5908 0000 108.9758 231
-4.5482 0000 109.0351 235
-4.5050 0000 109.0711 251
-4.4613 0000 109.0759 285
-4.4174 0000 109.0756 320
-4.3734 0000 109.0674 361
-4.3288 0000 109.0332 411
-4.2848 0000 109.0251 396
-4.2410 0000 109.0247 331
-4.1973 0000 109.0347 274
-4.1535 0000 109.0395 258
-4.1096 0000 109.0391 263
-4.0657 0000 109.0362 270
-4.0217 0000 109.0280 271
-3.9773 0000 108.9965 249
-3.9339 0000 109.0246 253
-3.8903 0000 109.0372 244
-3.8457 0000 108.9953 230
-3.8009 0000 108.9327 213
-3.7561 0000 108.8778 178
-3.7114 0000 108.8204 161
-3.6676 0000 108.8252 154
-3.6238 0000 108.8223 152
-3.5800 0000 108.8271 158
-3.5363 0000 108.8345 154
-3.4929 0000 108.8626 138
-3.4491 0000 108.8622 142
-3.4051 0000 108.8463 144
-3.3602 0000 108.7734 135
-3.3158 0000 108.7290 137
-3.2719 0000 108.7183 132
-3.2281 0000 108.7153 131
-3.1844 0000 108.7253 128
-3.1411 0000 108.7663 116
-3.0977 0000 108.7944 120
-3.0541 0000 108.8096 114
-3.0114 0000 108.9025 113
-2.9687 0000 108.9955 144
-2.9258 0000 109.0704 198
-2.8816 0000 109.0441 206
-2.8374 0000 109.0126 204
-2.7934 0000 108.9992 193
-2.7493 0000 108.9781 185
-2.7054 0000 108.9673 172
-2.6610 0000 108.9176 164
-2.6171 0000 108.9147 164
-2.5733 0000 108.9117 169
-2.5295 0000 108.9113 158
-2.4854 0000 108.8824 133
-2.4415 0000 108.8717 119
-2.3970 0000 108.7962 113
-2.3531 0000 108.7906 115
-2.3096 0000 108.8187 128
-2.2658 0000 108.8158 137
-2.2219 0000 108.8076 136
-2.1781 0000 108.8072 125
-2.1341 0000 108.7810 127
-2.0902 0000 108.7677 127
-2.0465 0000 108.7699 141
-2.0035 0000 108.8783 146
-1.9605 0000 109.0050 161
-1.9170 0000 109.0539 174
-1.8733 0000 109.0873 180
-1.8295 0000 109.0869 176
-1.7855 0000 109.0554 179
-1.7415 0000 109.0238 217
-1.6976 0000 109.0157 236
-1.6537 0000 109.0101 219
-1.6099 0000 109.0071 179
-1.5655 0000 108.8927 140
-1.5211 0000 108.7473 118
-1.4769 0000 108.6357 119
-1.4332 0000 108.6405 116
-1.3895 0000 108.6401 112
-1.3458 0000 108.6527 109
-1.3024 0000 108.7609 119
-1.2586 0000 108.7657 123
-1.2148 0000 108.7369 108
-1.1710 0000 108.7236 101
-1.1272 0000 108.6767 103
-1.0834 0000 108.6660 126
-1.0397 0000 108.6656 150
-0.9960 0000 108.6962 159
-0.9524 0000 108.7838 144
-0.9087 0000 108.8326 169
-0.8649 0000 108.8271 174
-0.8211 0000 108.7749 170
-0.7774 0000 108.7642 178
-0.7336 0000 108.7561 189
-0.6899 0000 108.7143 183
-0.6462 0000 108.6648 201
-0.6024 0000 108.6619 209
-0.5587 0000 108.6718 206
-0.5150 0000 108.6818 190
-0.4712 0000 108.7228 173
-0.4274 0000 108.7612 127
-0.3837 0000 108.7660 98
-0.3400 0000 108.7605 95
-0.2962 0000 108.7498 98
-0.2525 0000 108.7494 104
-0.2087 0000 108.7620 125
-0.1650 0000 108.7745 159
-0.1211 0000 108.8259 191
-0.0773 0000 108.8281 212
-0.0335 0000 108.8407 219
0.0103 0000 108.8740 226
0.0541 0000 108.8762 194
0.0977 0000 108.8473 144
0.1415 0000 108.8444 120
0.1852 0000 108.8492 103
0.2292 0000 108.8850 94
0.2729 0000 108.8873 94
0.3166 0000 108.8791 104
0.3602 0000 108.8477 109
0.4041 0000 108.8706 119
0.4479 0000 108.8780 114
0.4917 0000 108.8905 110
0.5355 0000 108.8979 117
0.5796 0000 108.9494 126
0.6234 0000 108.9542 129
0.6678 0000 109.0394 133
0.7123 0000 109.1402 162
0.7564 0000 109.1788 186
0.8001 0000 109.1654 190
0.8434 0000 109.0923 201
0.8870 0000 109.0686 220
0.9302 0000 109.0008 238
0.9739 0000 108.9926 259
1.0177 0000 108.9948 278
1.0615 0000 108.9944 286
1.1055 0000 109.0226 273
1.1500 0000 109.0948 256
1.1951 0000 109.2295 230
1.2396 0000 109.2941 223
1.2840 0000 109.3536 224
1.3277 0000 109.3376 230
1.3715 0000 109.3372 200
1.4172 0000 109.5087 184
1.4618 0000 109.5735 203
1.5066 0000 109.6462 214
1.5505 0000 109.6458 215
1.5944 0000 109.6428 211
1.6384 0000 109.6450 217
1.6824 0000 109.6525 226
1.7267 0000 109.6860 225
1.7708 0000 109.6935 196
1.8152 0000 109.7323 185
1.8596 0000 109.7632 181
1.9027 0000 109.7001 203
1.9465 0000 109.6919 217
1.9901 0000 109.6628 209
2.0341 0000 109.6676 224
2.0789 0000 109.7273 245
2.1230 0000 109.7374 264
2.1675 0000 109.7710 297
2.2117 0000 109.7863 303
2.2566 0000 109.8486 314
2.3014 0000 109.9006 317
2.3466 0000 109.9761 337
2.3909 0000 109.9941 334
2.4348 0000 109.9859 309
2.4787 0000 109.9802 279
2.5231 0000 110.0008 262
2.5672 0000 110.0057 223
2.6106 0000 109.9738 180
2.6540 0000 109.9341 158
2.6974 0000 109.9023 123
2.7414 0000 109.8967 100
2.7854 0000 109.8989 88
2.8295 0000 109.9064 95
2.8735 0000 109.9060 108
2.9168 0000 109.8638 110
2.9613 0000 109.8895 122
3.0054 0000 109.8944 129
3.0496 0000 109.9071 126
3.0956 0000 110.0089 122
3.1399 0000 110.0190 133
3.1842 0000 110.0343 170
3.2277 0000 110.0077 222
3.2717 0000 110.0047 240
3.3157 0000 110.0017 241
3.3603 0000 110.0302 206
3.4071 0000 110.1584 176
3.4546 0000 110.3157 163
3.5005 0000 110.3969 163
3.5454 0000 110.4281 149
3.5895 0000 110.4304 128
3.6328 0000 110.3931 110
3.6749 0000 110.3033 119
3.7180 0000 110.2582 149
3.7614 0000 110.2289 163
3.8055 0000 110.2259 169
3.8495 0000 110.2255 150
3.8941 0000 110.2462 144
3.9378 0000 110.2274 148
3.9826 0000 110.2560 124
4.0305 0000 110.4082 102
4.0794 0000 110.5976 108
4.1246 0000 110.6395 126
4.1688 0000 110.6391 114
4.2121 0000 110.6018 93
4.2550 0000 110.5539 77
4.2983 0000 110.5193 79
4.3441 0000 110.5822 73
4.3889 0000 110.6029 70
4.4351 0000 110.6791 85
4.4798 0000 110.6973 111
4.5248 0000 110.7260 125
4.5698 0000 110.7520 162
4.6141 0000 110.7543 166
4.6586 0000 110.7645 136
4.7032 0000 110.7774 112
4.7483 0000 110.8061 104
4.7927 0000 110.8136 106
4.8379 0000 110.8450 118
4.8824 0000 110.8526 128
4.9269 0000 110.8628 133
4.9725 0000 110.9075 122
5.0172 0000 110.9203 93
5.0638 0000 110.9994 67
5.1123 0000 111.1370 62
5.1592 0000 111.2189 81
5.2046 0000 111.2557 109
5.2491 0000 111.2607 128
5.2934 0000 111.2576 122
5.3375 0000 111.2493 102
5.3796 0000 111.1799 88
5.4237 0000 111.1716 93
5.4684 0000 111.1845 117
5.5140 0000 111.2239 130
5.5585 0000 111.2289 118
5.6024 0000 111.2152 92
5.6482 0000 111.2574 80
5.6961 0000 111.3660 90
5.7417 0000 111.4029 108
5.7857 0000 111.3892 117
5.8298 0000 111.3835 130
5.8742 0000 111.3831 146
5.9185 0000 111.3801 150
5.9626 0000 111.3717 136
6.0058 0000 111.3394 123
6.0501 0000 111.3364 123
6.0947 0000 111.3440 140
6.1411 0000 111.4021 142
6.1864 0000 111.4284 139
6.2316 0000 111.4493 141
6.2770 0000 111.4782 143
6.3216 0000 111.4831 117
6.3661 0000 111.4854 98
6.4120 0000 111.5277 88
6.4614 0000 111.6632 99
6.5069 0000 111.6922 120
6.5513 0000 111.6891 134
6.5952 0000 111.6754 130
6.6385 0000 111.6457 122
6.6827 0000 111.6400 99
6.7269 0000 111.6342 77
6.7715 0000 111.6392 65
6.8191 0000 111.7215 61
6.8653 0000 111.7665 74
6.9099 0000 111.7688 76
6.9542 0000 111.7657 86
6.9983 0000 111.7573 92
7.0425 0000 111.7516 94
7.0885 0000 111.7886 90
7.1382 0000 111.9191 88
7.1868 0000 112.0204 87
7.2310 0000 112.0119 93
7.2745 0000 111.9875 118
7.3187 0000 111.9817 142
7.3651 0000 112.0268 144
7.4106 0000 112.0505 145
7.4581 0000 112.1224 143
7.5031 0000 112.1327 138
7.5473 0000 112.1243 142
7.5886 0000 112.0489 165
7.6331 0000 112.0485 201
7.6780 0000 112.0588 231
7.7234 0000 112.0798 242
7.7711 0000 112.1517 232
7.8177 0000 112.1996 229
7.8638 0000 112.2341 191
7.9082 0000 112.2310 166
7.9505 0000 112.1796 143
7.9922 0000 112.1175 138
8.0328 0000 112.0287 132
8.0753 0000 111.9855 149
8.1198 0000 111.9851 149
8.1651 0000 112.0034 130
8.2119 0000 112.0539 107
8.2600 0000 112.1312 110
8.3053 0000 112.1468 110
8.3493 0000 112.1357 93
8.3897 0000 112.0469 76
8.4306 0000 111.9715 78
8.4727 0000 111.9203 77
8.5171 0000 111.9199 89
8.5623 0000 111.9355 108
8.6082 0000 111.9645 135
8.6532 0000 111.9748 151
8.6990 0000 112.0011 149
8.7438 0000 112.0087 136
8.7887 0000 112.0164 105
8.8345 0000 112.0427 92
8.8789 0000 112.0423 106
8.9252 0000 112.0767 126
8.9699 0000 112.0816 132
9.0144 0000 112.0812 118
9.0590 0000 112.0835 93
9.1042 0000 112.0965 81
9.1489 0000 112.1014 84
9.1931 0000 112.0956 91
9.2393 0000 112.1274 94
9.2857 0000 112.1645 101
9.3327 0000 112.2123 91
9.3803 0000 112.2709 100
9.4267 0000 112.3054 109
9.4713 0000 112.3077 121
9.5153 0000 112.2965 128
9.5581 0000 112.2639 140
9.6022 0000 112.2554 140
9.6467 0000 112.2550 144
9.6916 0000 112.2626 154
9.7367 0000 112.2730 172
9.7840 0000 112.3236 193
9.8291 0000 112.3339 206
9.8737 0000 112.3335 194
9.9177 0000 112.3250 173
9.9623 0000 112.3246 174
10.0074 0000 112.3349 186
10.0543 0000 112.3774 184
10.1030 0000 112.4523 204
10.1487 0000 112.4707 214
10.1949 0000 112.4999 202
10.2397 0000 112.5048 203
10.2860 0000 112.5340 212
10.3307 0000 112.5363 205
10.3752 0000 112.5358 192
10.4193 0000 112.5273 170
10.4594 0000 112.4489 151
10.5013 0000 112.4028 172
10.5439 0000 112.3701 187
10.5884 0000 112.3697 192
10.6332 0000 112.3747 174
10.6800 0000 112.4119 168
10.7272 0000 112.4571 163
10.7725 0000 112.4702 176
10.8191 0000 112.5047 201
10.8655 0000 112.5339 190
10.9098 0000 112.5307 180
10.9519 0000 112.4900 186
10.9960 0000 112.4815 189
11.0408 0000 112.4864 199
11.0857 0000 112.4914 207
11.1302 0000 112.4910 179
11.1767 0000 112.5228 176
11.2221 0000 112.5358 160
11.2669 0000 112.5408 143
11.3109 0000 112.5323 145
11.3555 0000 112.5318 157
11.4002 0000 112.5341 153
11.4403 0000 112.4638 135
11.4692 0000 112.2163 124
11.5041 0000 112.0659 198
11.5478 0000 112.0547 275
11.5921 0000 112.0516 294
11.6367 0000 112.0539 266
11.6816 0000 112.0615 216
11.7287 0000 112.1039 148
11.7768 0000 112.1597 126
11.8261 0000 112.2344 128
11.8737 0000 112.2822 144
11.9223 0000 112.3462 176
11.9670 0000 112.3484 212
12.0114 0000 112.3480 232
12.0559 0000 112.3476 233
12.1007 0000 112.3525 231
12.1469 0000 112.3789 242
12.1921 0000 112.3892 229
12.2365 0000 112.3888 227
12.2812 0000 112.3910 236
12.3276 0000 112.4201 232
12.3679 0000 112.3579 238
12.4091 0000 112.3092 231
12.4478 0000 112.2256 230
12.4889 0000 112.1770 238
12.5308 0000 112.1390 228
12.5752 0000 112.1386 227
12.6195 0000 112.1381 210
12.6617 0000 112.1056 187
12.7053 0000 112.0944 154
12.7482 0000 112.0726 146
12.7965 0000 112.1283 132
12.8446 0000 112.1814 118
12.8926 0000 112.2319 137
12.9376 0000 112.2395 146
12.9833 0000 112.2578 158
13.0252 0000 112.2225 156
13.0719 0000 112.2542 162
13.1174 0000 112.2699 181
13.1626 0000 112.2801 201
13.2073 0000 112.2850 208
13.2539 0000 112.3141 197
13.2982 0000 112.3136 181
13.3419 0000 112.3024 149
13.3861 0000 112.2993 127
13.4332 0000 112.3364 115
13.4860 0000 112.4513 112
13.5401 0000 112.5825 128
13.5881 0000 112.6305 134
13.6298 0000 112.5924 132
13.6687 0000 112.5166 126
13.7119 0000 112.5000 118
13.7501 0000 112.4163 107
13.7893 0000 112.3460 110
13.8300 0000 112.2972 105
13.8732 0000 112.2807 119
13.9177 0000 112.2829 140
13.9633 0000 112.2985 161
14.0105 0000 112.3356 150
14.0578 0000 112.3726 141
14.1025 0000 112.3775 123
14.1500 0000 112.4173 118
14.1977 0000 112.4598 155
14.2429 0000 112.4701 209
14.2871 0000 112.4669 244
14.3308 0000 112.4583 235
14.3731 0000 112.4310 192
14.4167 0000 112.4198 170
14.4598 0000 112.4032 171
14.5018 0000 112.3732 200
14.5464 0000 112.3753 180
14.5912 0000 112.3802 136
14.6328 0000 112.3448 117
14.6720 0000 112.2800 130
14.7106 0000 112.2071 153
14.7545 0000 112.2013 162
14.8005 0000 112.2222 162
14.8463 0000 112.2405 167
14.8934 0000 112.2748 202
14.9403 0000 112.3065 212
14.9860 0000 112.3221 222
15.0312 0000 112.3323 220
15.0755 0000 112.3318 212
15.1194 0000 112.3260 202
15.1635 0000 112.3228 181
15.2080 0000 112.3250 145
15.2530 0000 112.3325 124
15.2973 0000 112.3320 126
15.3379 0000 112.2859 135
15.3782 0000 112.2371 124
15.4196 0000 112.2018 135
15.4634 0000 112.1959 137
15.5079 0000 112.1981 142
15.5574 0000 112.2593 154
15.6028 0000 112.2722 165
15.6476 0000 112.2770 190
15.6889 0000 112.2417 205
15.7298 0000 112.2009 202
15.7727 0000 112.1844 202
15.8163 0000 112.1758 200
15.8605 0000 112.1753 193
15.9048 0000 112.1748 183
15.9468 0000 112.1475 177
15.9913 0000 112.1497 170
16.0348 0000 112.1412 167
16.0781 0000 112.1299 160
16.1189 0000 112.0893 142
16.1592 0000 112.0433 131
16.2036 0000 112.0454 125
16.2450 0000 112.0128 136
16.2888 0000 112.0070 148
16.3306 0000 111.9797 160
16.3805 0000 112.0434 195
16.4288 0000 112.0884 213
16.4749 0000 112.1093 218
16.5230 0000 112.1517 228
16.5680 0000 112.1592 230
16.6153 0000 112.1935 253
16.6601 0000 112.1984 261
16.7041 0000 112.1952 258
16.7498 0000 112.2108 229
16.7943 0000 112.2130 214
16.8393 0000 112.2205 197
16.8840 0000 112.2253 175
16.9285 0000 112.2275 154
16.9796 0000 112.3021 143
17.0362 0000 112.4358 150
17.0892 0000 112.5294 202
17.1370 0000 112.5665 230
17.1843 0000 112.5983 259
17.2291 0000 112.6032 254
17.2765 0000 112.6350 227
17.3241 0000 112.6694 230
17.3697 0000 112.6824 222
17.4178 0000 112.7223 207
17.4657 0000 112.7595 231
17.5108 0000 112.7671 249
17.5562 0000 112.7773 271
17.6011 0000 112.7822 281
17.6455 0000 112.7817 234
17.6893 0000 112.7758 195
17.7254 0000 112.6891 160
17.7693 0000 112.6832 153
17.8107 0000 112.6530 139
17.8548 0000 112.6498 132
17.8991 0000 112.6493 131
17.9466 0000 112.6811 128
17.9912 0000 112.6833 124
18.0391 0000 112.7205 124
18.0829 0000 112.7146 123
18.1267 0000 112.7086 118
18.1776 0000 112.7755 112
18.2249 0000 112.8046 108
18.2774 0000 112.8877 110
18.3228 0000 112.8979 118
18.3701 0000 112.9271 133
18.4148 0000 112.9293 144
18.4621 0000 112.9584 139
18.5112 0000 113.0065 133
18.5599 0000 113.0492 149
18.6040 0000 113.0460 170
18.6487 0000 113.0482 178
18.6936 0000 113.0530 173
18.7385 0000 113.0579 159
18.7897 0000 113.1249 139
18.8425 0000 113.2083 131
18.8924 0000 113.2619 131
18.9414 0000 113.3073 134
18.9902 0000 113.3502 122
19.0347 0000 113.3496 121
19.0747 0000 113.3057 129
19.1185 0000 113.2998 133
19.1632 0000 113.3020 135
19.2087 0000 113.3122 131
19.2576 0000 113.3551 121
19.3022 0000 113.3572 112
19.3472 0000 113.3621 98
19.4059 0000 113.4998 87
19.4593 0000 113.5862 91
19.5071 0000 113.6182 87
19.5552 0000 113.6530 93
19.6076 0000 113.7286 84
19.6535 0000 113.7416 89
19.6980 0000 113.7411 97
19.7384 0000 113.7024 104
19.7826 0000 113.6992 99
19.8348 0000 113.7720 97
19.8844 0000 113.8205 94
19.9375 0000 113.9016 89
19.9825 0000 113.9065 88
20.0311 0000 113.9441 93
20.0764 0000 113.9517 96
20.1212 0000 113.9539 95
20.1724 0000 114.0160 91
20.2224 0000 114.0673 89
20.2759 0000 114.1514 99
20.3213 0000 114.1590 112
20.3662 0000 114.1612 125
20.4069 0000 114.1251 125
20.4481 0000 114.0946 131
20.4971 0000 114.1349 143
20.5430 0000 114.1480 161
20.5887 0000 114.1584 167
20.6326 0000 114.1524 151
20.6760 0000 114.1409 135
20.7199 0000 114.1349 131
20.7677 0000 114.1644 128
20.8161 0000 114.1993 127
20.8645 0000 114.2343 127
20.9084 0000 114.2283 132
20.9493 0000 114.1949 141
20.9986 0000 114.2381 154
21.0444 0000 114.2485 158
21.0889 0000 114.2479 157
21.1328 0000 114.2419 149
21.1770 0000 114.2386 147
21.2224 0000 114.2463 145
21.2727 0000 114.2977 141
21.3268 0000 114.3819 132
21.3732 0000 114.3977 130
21.4245 0000 114.4574 129
21.4660 0000 114.4295 128
21.5093 0000 114.4180 137
21.5523 0000 114.4037 145
21.5922 0000 114.3622 165
21.6370 0000 114.3643 176
21.6856 0000 114.3994 174
21.7311 0000 114.4070 181
21.7800 0000 114.4448 178
21.8258 0000 114.4552 180
21.8707 0000 114.4574 179
21.9149 0000 114.4541 174
21.9554 0000 114.4180 176
22.0003 0000 114.4202 169
22.0448 0000 114.4196 150
22.0925 0000 114.4464 127
22.1460 0000 114.5226 105
22.1931 0000 114.5439 99
22.2419 0000 114.5790 93
22.2820 0000 114.5401 92
22.3349 0000 114.6108 86
22.3727 0000 114.5527 89
22.4180 0000 114.5576 99
22.4703 0000 114.6229 112
22.5162 0000 114.6333 135
22.5615 0000 114.6382 154
22.6087 0000 114.6596 144
22.6539 0000 114.6646 133
22.6989 0000 114.6668 122
22.7441 0000 114.6717 116
22.7937 0000 114.7123 117
22.8432 0000 114.7530 107
22.8934 0000 114.7991 116
22.9374 0000 114.7931 127
22.9765 0000 114.7459 132
23.0175 0000 114.7151 156
23.0627 0000 114.7201 160
23.1077 0000 114.7223 148
23.1527 0000 114.7245 131
23.1969 0000 114.7212 112
23.2399 0000 114.7070 91
23.2802 0000 114.6708 85
23.3255 0000 114.6757 89
23.3704 0000 114.6779 95
23.4187 0000 114.7076 95
23.4650 0000 114.7207 109
23.5187 0000 114.7943 128
23.5698 0000 114.8460 146
23.6236 0000 114.9197 174
23.6696 0000 114.9301 193
23.7183 0000 114.9626 197
23.7667 0000 114.9923 217
23.8124 0000 115.0000 227
23.8574 0000 115.0022 241
23.9021 0000 115.0017 249
23.9471 0000 115.0039 246
23.9928 0000 115.0116 238
24.0381 0000 115.0165 229
24.0900 0000 115.0738 213
24.1364 0000 115.0870 199
24.1817 0000 115.0920 194
24.2267 0000 115.0942 191
24.2717 0000 115.0964 187
24.3171 0000 115.1014 184
24.3656 0000 115.1311 194
24.4109 0000 115.1361 197
24.4590 0000 115.1631 181
24.5044 0000 115.1680 166
24.5497 0000 115.1730 149
24.5951 0000 115.1779 138
24.6439 0000 115.2104 145
24.6907 0000 115.2264 152
24.7396 0000 115.2589 140
24.7842 0000 115.2584 126
24.8235 0000 115.2164 119
24.8667 0000 115.2048 118
24.9124 0000 115.2125 125
24.9595 0000 115.2312 135
25.0131 0000 115.2996 151
25.0595 0000 115.3128 160
25.1084 0000 115.3454 145
25.1584 0000 115.3862 153
25.2044 0000 115.3966 155
25.2530 0000 115.4264 137
25.3027 0000 115.4645 141
25.3527 0000 115.5054 144
25.3988 0000 115.5158 162
25.4478 0000 115.5484 203
25.4942 0000 115.5616 249
25.5436 0000 115.5970 270
25.5937 0000 115.6379 320
25.6438 0000 115.6788 302
25.6910 0000 115.6976 291
25.7375 0000 115.7108 283
25.7861 0000 115.7406 264
25.8352 0000 115.7732 279
25.8798 0000 115.7726 282
25.9248 0000 115.7747 263
25.9694 0000 115.7740 228
26.0129 0000 115.7650 196
26.0530 0000 115.7311 184
26.1009 0000 115.7554 163
26.1462 0000 115.7602 161
26.1919 0000 115.7678 169
26.2372 0000 115.7727 170
26.2818 0000 115.7720 164
26.3264 0000 115.7713 166
26.3705 0000 115.7678 167
26.4185 0000 115.7921 172
26.4683 0000 115.8302 168
26.5152 0000 115.8461 172
26.5696 0000 115.9175 180
26.6153 0000 115.9251 179
26.6663 0000 115.9716 170
26.7166 0000 116.0125 171
26.7631 0000 116.0257 161
26.8142 0000 116.0722 150
26.8592 0000 116.0742 165
26.9030 0000 116.0679 174
26.9429 0000 116.0338 166
26.9863 0000 116.0247 164
27.0305 0000 116.0212 161
27.0750 0000 116.0204 159
27.1208 0000 116.0280 162
27.1665 0000 116.0356 170
27.2114 0000 116.0376 172
27.2559 0000 116.0368 167
27.3040 0000 116.0610 168
27.3489 0000 116.0630 156
27.3986 0000 116.0984 142
27.4435 0000 116.1004 144
27.4884 0000 116.1024 138
27.5342 0000 116.1099 130
27.5787 0000 116.1091 129
27.6220 0000 116.1000 128
27.6654 0000 116.0909 136
27.7099 0000 116.0901 159
27.7544 0000 116.0893 170
27.7993 0000 116.0913 169
27.8451 0000 116.0988 169
27.8908 0000 116.1064 174
27.9405 0000 116.1417 192
27.9911 0000 116.1825 186
28.0465 0000 116.2568 184
28.0943 0000 116.2782 184
28.1502 0000 116.3554 197
28.1968 0000 116.3685 209
28.2471 0000 116.4066 226
28.2884 0000 116.3835 220
28.3326 0000 116.3799 225
28.3767 0000 116.3763 221
28.4205 0000 116.3699 206
28.4646 0000 116.3663 181
28.5096 0000 116.3683 161
28.5591 0000 116.4008 146
28.6095 0000 116.4390 157
28.6598 0000 116.4772 170
28.7048 0000 116.4791 190
28.7494 0000 116.4783 205
28.7944 0000 116.4803 208
28.8449 0000 116.5185 212
