wt=150360874, DLLFiFo=0
-24.9764 0000 87.8683 79
-24.9385 0000 87.8717 76
-24.9006 0000 87.8750 70
-24.8627 0000 87.8784 68
-24.8251 0000 87.8838 83
-24.7884 0000 87.8953 125
-24.7496 0000 87.8926 188
-24.7102 0000 87.8858 178
-24.6720 0000 87.8871 169
-24.6334 0000 87.8864 164
-24.5944 0000 87.8816 144
-24.5553 0000 87.8768 123
-24.5182 0000 87.8863 122
-24.4803 0000 87.8897 109
-24.4427 0000 87.8951 95
-24.4027 0000 87.8842 97
-24.3619 0000 87.8672 101
-24.3193 0000 87.8380 118
-24.2799 0000 87.8312 157
-24.2411 0000 87.8285 161
-24.2026 0000 87.8278 150
-24.1650 0000 87.8332 171
-24.1285 0000 87.8468 211
-24.0932 0000 87.8685 210
-24.0561 0000 87.8780 230
-24.0199 0000 87.8936 261
-23.9814 0000 87.8929 236
-23.9412 0000 87.8800 213
-23.9070 0000 87.9098 266
-23.8707 0000 87.9254 346
-23.8333 0000 87.9329 376
-23.7957 0000 87.9383 353
-23.7594 0000 87.9540 368
-23.7226 0000 87.9655 292
-23.6852 0000 87.9730 246
-23.6472 0000 87.9764 188
-23.6101 0000 87.9859 136
-23.5752 0000 88.0118 112
-23.5375 0000 88.0172 85
-23.4990 0000 88.0166 73
-23.4598 0000 88.0119 78
-23.4210 0000 88.0092 90
-23.3836 0000 88.0167 96
-23.3464 0000 88.0262 86
-23.3106 0000 88.0460 77
-23.2774 0000 88.0841 75
-23.2416 0000 88.1039 94
-23.2047 0000 88.1155 93
-23.1647 0000 88.1047 77
-23.1222 0000 88.0755 84
-23.0831 0000 88.0707 114
-23.0445 0000 88.0701 149
-23.0062 0000 88.0715 190
-22.9687 0000 88.0791 241
-22.9304 0000 88.0805 288
-22.8913 0000 88.0758 298
-22.8521 0000 88.0711 285
-22.8135 0000 88.0705 250
-22.7774 0000 88.0883 168
-22.7399 0000 88.0959 143
-22.7013 0000 88.0953 152
-22.6624 0000 88.0926 149
-22.6233 0000 88.0880 139
-22.5855 0000 88.0935 134
-22.5482 0000 88.1032 144
-22.5115 0000 88.1169 187
-22.4713 0000 88.1040 173
-22.4308 0000 88.0892 171
-22.3916 0000 88.0845 153
-22.3512 0000 88.0697 142
-22.3067 0000 88.0242 131
-22.2646 0000 87.9971 128
-22.2241 0000 87.9823 96
-22.1879 0000 88.0001 68
-22.1515 0000 88.0159 72
-22.1155 0000 88.0358 76
-22.0790 0000 88.0516 63
-22.0401 0000 88.0490 70
-22.0013 0000 88.0464 87
-21.9632 0000 88.0500 100
-21.9256 0000 88.0576 99
-21.8886 0000 88.0694 89
-21.8560 0000 88.1158 90
-21.8184 0000 88.1235 99
-21.7795 0000 88.1210 112
-21.7398 0000 88.1123 128
-21.6983 0000 88.0893 107
-21.6560 0000 88.0602 92
-21.6169 0000 88.0556 72
-21.5808 0000 88.0756 61
-21.5424 0000 88.0771 51
-21.5043 0000 88.0807 57
-21.4680 0000 88.0986 72
-21.4298 0000 88.1022 63
-21.3912 0000 88.1017 49
-21.3525 0000 88.1013 44
-21.3141 0000 88.1028 42
-21.2763 0000 88.1085 55
-21.2366 0000 88.0998 71
-21.2000 0000 88.1157 94
-21.1578 0000 88.0867 79
-21.1171 0000 88.0699 77
-21.0746 0000 88.0388 65
-21.0350 0000 88.0302 68
-20.9966 0000 88.0317 74
-20.9615 0000 88.0599 84
-20.9268 0000 88.0921 107
-20.8887 0000 88.0957 183
-20.8497 0000 88.0932 244
-20.8101 0000 88.0846 233
-20.7717 0000 88.0862 226
-20.7315 0000 88.0735 183
-20.6906 0000 88.0547 137
-20.6510 0000 88.0461 118
-20.6101 0000 88.0272 123
-20.5714 0000 88.0268 128
-20.5338 0000 88.0345 119
-20.4958 0000 88.0402 95
-20.4599 0000 88.0622 96
-20.4214 0000 88.0638 104
-20.3813 0000 88.0511 105
-20.3426 0000 88.0507 100
-20.3042 0000 88.0523 82
-20.2701 0000 88.0907 71
-20.2324 0000 88.0984 72
-20.1947 0000 88.1061 87
-20.1560 0000 88.1057 97
-20.1164 0000 88.0971 92
-20.0772 0000 88.0926 85
-20.0388 0000 88.0942 72
-19.9977 0000 88.0734 67
-19.9583 0000 88.0668 75
-19.9208 0000 88.0766 87
-19.8816 0000 88.0721 93
-19.8427 0000 88.0696 83
-19.8045 0000 88.0733 75
-19.7667 0000 88.0810 69
-19.7309 0000 88.1051 74
-19.6908 0000 88.0924 84
-19.6511 0000 88.0838 113
-19.6120 0000 88.0793 129
-19.5745 0000 88.0891 122
-19.5372 0000 88.1009 112
-19.4987 0000 88.1025 103
-19.4616 0000 88.1164 97
-19.4234 0000 88.1200 72
-19.3856 0000 88.1278 70
-19.3487 0000 88.1437 83
-19.3093 0000 88.1371 105
-19.2690 0000 88.1224 113
-19.2305 0000 88.1240 117
-19.1936 0000 88.1399 130
-19.1560 0000 88.1497 158
-19.1180 0000 88.1554 178
-19.0790 0000 88.1530 161
-19.0390 0000 88.1403 132
-18.9991 0000 88.1296 101
-18.9581 0000 88.1088 94
-18.9165 0000 88.0818 82
-18.8759 0000 88.0650 91
-18.8350 0000 88.0441 101
-18.7958 0000 88.0396 79
-18.7551 0000 88.0208 70
-18.7160 0000 88.0163 66
-18.6770 0000 88.0138 71
-18.6357 0000 87.9889 75
-18.5958 0000 87.9782 92
-18.5547 0000 87.9554 93
-18.5147 0000 87.9427 102
-18.4749 0000 87.9320 104
-18.4347 0000 87.9173 97
-18.3960 0000 87.9169 84
-18.3586 0000 87.9287 82
-18.3195 0000 87.9242 96
-18.2805 0000 87.9217 115
-18.2416 0000 87.9192 133
-18.2034 0000 87.9228 155
-18.1653 0000 87.9285 179
-18.1260 0000 87.9220 176
-18.0886 0000 87.9338 217
-18.0484 0000 87.9190 227
-18.0073 0000 87.8961 275
-17.9652 0000 87.8631 291
-17.9243 0000 87.8422 327
-17.8854 0000 87.8397 287
-17.8467 0000 87.8393 245
-17.8085 0000 87.8429 199
-17.7708 0000 87.8527 162
-17.7340 0000 87.8706 157
-17.6953 0000 87.8701 124
-17.6564 0000 87.8677 94
-17.6181 0000 87.8713 87
-17.5801 0000 87.8770 85
-17.5416 0000 87.8785 77
-17.5033 0000 87.8822 75
-17.4671 0000 87.9062 97
-17.4304 0000 87.9262 107
-17.3913 0000 87.9216 133
-17.3499 0000 87.8947 154
-17.3084 0000 87.8677 206
-17.2683 0000 87.8529 257
-17.2283 0000 87.8402 266
-17.1894 0000 87.8377 238
-17.1509 0000 87.8393 170
-17.1161 0000 87.8776 132
-17.0780 0000 87.8833 134
-17.0394 0000 87.8849 130
-16.9993 0000 87.8701 119
-16.9604 0000 87.8676 95
-16.9214 0000 87.8652 84
-16.8821 0000 87.8586 81
-16.8412 0000 87.8357 87
-16.7988 0000 87.7985 120
-16.7593 0000 87.7899 174
-16.7210 0000 87.7935 163
-16.6849 0000 87.8195 116
-16.6473 0000 87.8313 105
-16.6104 0000 87.8492 118
-16.5714 0000 87.8467 111
-16.5329 0000 87.8483 104
-16.4946 0000 87.8519 110
-16.4562 0000 87.8555 103
-16.4181 0000 87.8612 97
-16.3819 0000 87.8873 101
-16.3433 0000 87.8888 117
-16.3034 0000 87.8761 133
-16.2627 0000 87.8553 157
-16.2236 0000 87.8507 149
-16.1844 0000 87.8462 113
-16.1438 0000 87.8253 84
-16.1031 0000 87.8044 95
-16.0661 0000 87.8223 162
-16.0279 0000 87.8280 289
-15.9894 0000 87.8296 417
-15.9512 0000 87.8352 486
-15.9130 0000 87.8409 473
-15.8744 0000 87.8424 404
-15.8355 0000 87.8399 314
-15.7964 0000 87.8354 214
-15.7591 0000 87.8513 166
-15.7219 0000 87.8671 163
-15.6839 0000 87.8748 213
-15.6456 0000 87.8805 225
-15.6069 0000 87.8800 219
-15.5674 0000 87.8714 218
-15.5282 0000 87.8668 205
-15.4874 0000 87.8439 173
-15.4465 0000 87.8190 175
-15.4073 0000 87.8144 169
-15.3691 0000 87.8201 187
-15.3307 0000 87.8237 244
-15.2920 0000 87.8232 296
-15.2525 0000 87.8146 307
-15.2135 0000 87.8121 305
-15.1768 0000 87.8341 291
-15.1391 0000 87.8459 298
-15.1011 0000 87.8536 260
-15.0641 0000 87.8735 226
-15.0246 0000 87.8649 201
-14.9833 0000 87.8359 213
-14.9431 0000 87.8191 199
-14.9043 0000 87.8186 197
-14.8659 0000 87.8222 193
-14.8289 0000 87.8422 237
-14.7903 0000 87.8437 265
-14.7516 0000 87.8433 243
-14.7130 0000 87.8449 197
-14.6754 0000 87.8587 162
-14.6365 0000 87.8562 164
-14.5980 0000 87.8598 185
-14.5599 0000 87.8675 256
-14.5213 0000 87.8691 353
-14.4826 0000 87.8687 385
-14.4433 0000 87.8621 339
-14.4043 0000 87.8596 279
-14.3672 0000 87.8795 204
-14.3291 0000 87.8873 168
-14.2903 0000 87.8868 172
-14.2514 0000 87.8843 183
-14.2124 0000 87.8818 165
-14.1724 0000 87.8671 143
-14.1338 0000 87.8686 134
-14.0950 0000 87.8682 144
-14.0581 0000 87.8902 176
-14.0220 0000 87.9224 209
-13.9837 0000 87.9281 279
-13.9447 0000 87.9256 310
-13.9062 0000 87.9293 309
-13.8681 0000 87.9370 300
-13.8296 0000 87.9406 265
-13.7911 0000 87.9443 239
-13.7534 0000 87.9581 208
-13.7136 0000 87.9454 206
-13.6761 0000 87.9613 195
-13.6355 0000 87.9384 137
-13.5961 0000 87.9298 105
-13.5574 0000 87.9314 110
-13.5199 0000 87.9473 136
-13.4814 0000 87.9509 134
-13.4451 0000 87.9832 132
-13.4081 0000 88.0053 166
-13.3714 0000 88.0335 215
-13.3328 0000 88.0351 204
-13.2936 0000 88.0306 158
-13.2563 0000 88.0506 120
-13.2194 0000 88.0747 120
-13.1805 0000 88.0743 109
-13.1401 0000 88.0534 109
-13.1009 0000 88.0488 102
-13.0607 0000 88.0300 89
-13.0235 0000 88.0521 98
-12.9850 0000 88.0557 106
-12.9477 0000 88.0758 106
-12.9094 0000 88.0835 109
-12.8765 0000 88.1630 112
-12.8387 0000 88.1770 111
-12.8016 0000 88.2011 103
-12.7632 0000 88.2069 95
-12.7265 0000 88.2372 79
-12.6900 0000 88.2696 70
-12.6513 0000 88.2713 66
-12.6140 0000 88.2934 66
-12.5711 0000 88.2376 73
-12.5319 0000 88.2331 88
-12.4931 0000 88.2347 77
-12.4588 0000 88.2979 60
-12.4242 0000 88.3591 76
-12.3868 0000 88.3793 97
-12.3496 0000 88.4035 101
-12.3115 0000 88.4155 99
-12.2764 0000 88.4706 103
-12.2399 0000 88.5052 112
-12.1989 0000 88.4760 123
-12.1528 0000 88.3727 167
-12.1113 0000 88.3353 242
-12.0725 0000 88.3369 257
-12.0337 0000 88.3386 244
-11.9927 0000 88.3094 232
-11.9531 0000 88.2987 207
-11.9144 0000 88.3024 172
-11.8787 0000 88.3493 136
-11.8431 0000 88.3982 142
-11.8075 0000 88.4472 171
-11.7714 0000 88.4901 207
-11.7329 0000 88.4979 205
-11.6940 0000 88.4975 207
-11.6550 0000 88.4971 237
-11.6162 0000 88.5008 249
-11.5775 0000 88.5045 214
-11.5384 0000 88.5021 158
-11.4987 0000 88.4914 128
-11.4597 0000 88.4910 166
-11.4208 0000 88.4927 260
-11.3816 0000 88.4882 303
-11.3426 0000 88.4878 252
-11.3052 0000 88.5121 168
-11.2682 0000 88.5426 143
-11.2295 0000 88.5484 144
-11.1905 0000 88.5480 172
-11.1511 0000 88.5415 190
-11.1117 0000 88.5349 182
-11.0727 0000 88.5345 163
-11.0336 0000 88.5321 150
-10.9948 0000 88.5358 177
-10.9563 0000 88.5437 220
-10.9177 0000 88.5495 203
-10.8808 0000 88.5841 153
-10.8426 0000 88.5982 121
-10.8055 0000 88.6287 98
-10.7652 0000 88.6077 92
-10.7265 0000 88.6135 84
-10.6899 0000 88.6524 90
-10.6526 0000 88.6809 127
-10.6150 0000 88.7053 178
-10.5757 0000 88.7008 209
-10.5356 0000 88.6839 173
-10.4962 0000 88.6773 115
-10.4589 0000 88.7059 87
-10.4200 0000 88.7096 78
-10.3812 0000 88.7134 78
-10.3424 0000 88.7171 70
-10.3068 0000 88.7767 63
-10.2712 0000 88.8363 70
-10.2323 0000 88.8400 84
-10.1931 0000 88.8376 102
-10.1540 0000 88.8372 118
-10.1152 0000 88.8410 122
-10.0764 0000 88.8468 110
-10.0375 0000 88.8506 100
-9.9997 0000 88.8730 98
-9.9610 0000 88.8788 107
-9.9217 0000 88.8764 105
-9.8824 0000 88.8719 96
-9.8446 0000 88.8943 91
-9.8068 0000 88.9187 80
-9.7675 0000 88.9142 82
-9.7272 0000 88.8931 91
-9.6882 0000 88.8948 79
-9.6496 0000 88.9027 68
-9.6136 0000 88.9604 68
-9.5762 0000 88.9932 77
-9.5387 0000 89.0239 74
-9.5001 0000 89.0339 74
-9.4615 0000 89.0439 88
-9.4234 0000 89.0622 95
-9.3842 0000 89.0618 99
-9.3449 0000 89.0573 107
-9.3055 0000 89.0527 112
-9.2662 0000 89.0503 98
-9.2273 0000 89.0540 80
-9.1881 0000 89.0516 78
-9.1476 0000 89.0263 85
-9.1084 0000 89.0239 88
-9.0695 0000 89.0276 103
-9.0303 0000 89.0273 121
-8.9919 0000 89.0414 111
-8.9529 0000 89.0431 114
-8.9136 0000 89.0406 136
-8.8739 0000 89.0278 161
-8.8346 0000 89.0254 145
-8.7954 0000 89.0229 119
-8.7572 0000 89.0433 96
-8.7174 0000 89.0284 105
-8.6780 0000 89.0218 100
-8.6385 0000 89.0152 80
-8.5998 0000 89.0231 64
-8.5637 0000 89.0870 72
-8.5238 0000 89.0700 79
-8.4856 0000 89.0904 90
-8.4463 0000 89.0879 103
-8.4071 0000 89.0855 110
-8.3681 0000 89.0893 104
-8.3307 0000 89.1262 98
-8.2932 0000 89.1633 126
-8.2553 0000 89.1899 128
-8.2164 0000 89.1957 130
-8.1771 0000 89.1933 122
-8.1379 0000 89.1908 105
-8.0995 0000 89.2091 100
-8.0602 0000 89.2067 106
-8.0211 0000 89.2063 126
-7.9813 0000 89.1934 123
-7.9428 0000 89.2076 124
-7.9036 0000 89.2072 110
-7.8648 0000 89.2152 111
-7.8258 0000 89.2189 120
-7.7862 0000 89.2102 128
-7.7466 0000 89.1995 132
-7.7073 0000 89.1970 119
-7.6696 0000 89.2299 95
-7.6317 0000 89.2607 96
-7.5928 0000 89.2686 87
-7.5538 0000 89.2724 88
-7.5153 0000 89.2887 120
-7.4760 0000 89.2862 162
-7.4356 0000 89.2567 146
-7.3958 0000 89.2418 97
-7.3552 0000 89.2061 77
-7.3161 0000 89.2078 69
-7.2771 0000 89.2116 62
-7.2382 0000 89.2174 66
-7.1993 0000 89.2254 81
-7.1601 0000 89.2250 91
-7.1205 0000 89.2142 88
-7.0806 0000 89.1951 96
-7.0405 0000 89.1698 125
-7.0014 0000 89.1715 169
-6.9624 0000 89.1753 176
-6.9232 0000 89.1749 147
-6.8838 0000 89.1704 113
-6.8450 0000 89.1783 86
-6.8073 0000 89.2195 88
-6.7689 0000 89.2400 102
-6.7306 0000 89.2625 77
-6.6954 0000 89.3724 68
-6.6585 0000 89.4366 91
-6.6200 0000 89.4571 90
-6.5800 0000 89.4359 93
-6.5406 0000 89.4293 102
-6.5005 0000 89.4060 113
-6.4610 0000 89.3973 118
-6.4216 0000 89.3927 128
-6.3824 0000 89.3924 139
-6.3427 0000 89.3774 124
-6.3031 0000 89.3687 100
-6.2635 0000 89.3559 100
-6.2241 0000 89.3493 123
-6.1844 0000 89.3364 162
-6.1453 0000 89.3402 208
-6.1065 0000 89.3503 191
-6.0666 0000 89.3312 170
-6.0271 0000 89.3225 157
-5.9878 0000 89.3200 162
-5.9487 0000 89.3217 164
-5.9099 0000 89.3360 151
-5.8709 0000 89.3398 128
-5.8322 0000 89.3561 97
-5.7950 0000 89.4224 83
-5.7569 0000 89.4595 90
-5.7181 0000 89.4738 112
-5.6799 0000 89.5089 134
-5.6407 0000 89.5085 133
-5.6009 0000 89.4915 124
-5.5616 0000 89.4911 143
-5.5224 0000 89.4929 156
-5.4832 0000 89.4925 147
-5.4438 0000 89.4901 131
-5.4045 0000 89.4876 140
-5.3654 0000 89.4914 185
-5.3262 0000 89.4953 209
-5.2870 0000 89.4970 184
-5.2477 0000 89.4946 162
-5.2083 0000 89.4900 163
-5.1690 0000 89.4876 160
-5.1299 0000 89.4935 133
-5.0914 0000 89.5203 114
-5.0523 0000 89.5283 95
-5.0130 0000 89.5258 79
-4.9736 0000 89.5213 71
-4.9343 0000 89.5189 80
-4.8948 0000 89.5123 98
-4.8555 0000 89.5098 113
-4.8159 0000 89.4970 123
-4.7766 0000 89.4966 149
-4.7375 0000 89.5004 163
-4.6983 0000 89.5043 148
-4.6594 0000 89.5206 126
-4.6200 0000 89.5140 91
-4.5807 0000 89.5116 64
-4.5414 0000 89.5091 54
-4.5020 0000 89.5067 59
-4.4628 0000 89.5085 66
-4.4236 0000 89.5102 70
-4.3841 0000 89.5015 88
-4.3442 0000 89.4740 111
-4.3051 0000 89.4779 130
-4.2660 0000 89.4859 132
-4.2273 0000 89.5147 153
-4.1887 0000 89.5478 156
-4.1497 0000 89.5600 151
-4.1109 0000 89.5826 157
-4.0716 0000 89.5844 156
-4.0317 0000 89.5527 152
-3.9922 0000 89.5419 159
-3.9530 0000 89.5457 145
-3.9142 0000 89.5704 139
-3.8749 0000 89.5701 108
-3.8352 0000 89.5489 76
-3.7958 0000 89.5423 54
-3.7564 0000 89.5378 47
-3.7164 0000 89.4977 61
-3.6771 0000 89.4974 83
-3.6379 0000 89.5012 123
-3.5984 0000 89.4884 150
-3.5590 0000 89.4839 149
-3.5200 0000 89.4981 119
-3.4809 0000 89.5103 95
-3.4418 0000 89.5162 94
-3.4025 0000 89.5159 95
-3.3631 0000 89.5093 104
-3.3235 0000 89.4922 123
-3.2838 0000 89.4648 157
-3.2446 0000 89.4665 187
-3.2054 0000 89.4745 144
-3.1664 0000 89.4909 91
-3.1267 0000 89.4655 65
-3.0874 0000 89.4631 51
-3.0477 0000 89.4314 44
-3.0079 0000 89.3977 43
-2.9664 0000 89.2349 42
-2.9255 0000 89.1140 56
-2.8858 0000 89.0783 81
-2.8470 0000 89.1029 89
-2.8089 0000 89.1899 76
-2.7712 0000 89.3103 77
-2.7328 0000 89.3766 98
-2.6942 0000 89.4284 117
-2.6551 0000 89.4406 131
-2.6160 0000 89.4590 139
-2.5768 0000 89.4670 169
-2.5376 0000 89.4750 164
-2.4984 0000 89.4768 135
-2.4590 0000 89.4723 110
-2.4197 0000 89.4657 95
-2.3804 0000 89.4612 107
-2.3410 0000 89.4525 133
-2.3015 0000 89.4271 154
-2.2620 0000 89.4038 129
-2.2226 0000 89.3993 108
-2.1833 0000 89.3886 85
-2.1440 0000 89.3840 72
-2.1045 0000 89.3649 69
-2.0652 0000 89.3584 62
-2.0259 0000 89.3539 57
-1.9865 0000 89.3306 63
-1.9470 0000 89.3053 72
-1.9078 0000 89.3028 97
-1.8687 0000 89.3233 104
-1.8294 0000 89.3251 112
-1.7901 0000 89.3185 123
-1.7508 0000 89.3119 117
-1.7115 0000 89.3074 101
-1.6722 0000 89.2883 116
-1.6329 0000 89.2880 139
-1.5937 0000 89.2856 150
-1.5543 0000 89.2665 149
-1.5150 0000 89.2558 164
-1.4757 0000 89.2429 165
-1.4363 0000 89.2093 201
-1.3970 0000 89.2006 229
-1.3578 0000 89.1920 180
-1.3186 0000 89.1958 134
-1.2794 0000 89.2184 122
-1.2402 0000 89.2201 122
-1.2010 0000 89.2198 121
-1.1617 0000 89.2132 111
-1.1224 0000 89.1879 96
-1.0832 0000 89.1792 103
-1.0439 0000 89.1644 117
-1.0047 0000 89.1640 125
-0.9655 0000 89.1616 142
-0.9262 0000 89.1571 144
-0.8871 0000 89.1755 127
-0.8478 0000 89.1793 127
-0.8086 0000 89.1748 127
-0.7694 0000 89.1724 136
-0.7302 0000 89.1700 137
-0.6909 0000 89.1635 124
-0.6517 0000 89.1631 106
-0.6125 0000 89.1670 95
-0.5733 0000 89.1645 104
-0.5341 0000 89.1413 112
-0.4949 0000 89.1389 118
-0.4557 0000 89.1365 120
-0.4165 0000 89.1154 144
-0.3773 0000 89.1151 154
-0.3381 0000 89.1106 148
-0.2989 0000 89.0978 135
-0.2598 0000 89.0517 116
-0.2206 0000 89.0389 95
-0.1814 0000 89.0386 84
-0.1422 0000 89.0424 84
-0.1030 0000 89.0442 91
-0.0638 0000 89.0480 108
-0.0246 0000 89.0539 148
0.0146 0000 89.0598 212
0.0538 0000 89.0637 268
0.0930 0000 89.0654 280
0.1322 0000 89.0651 254
0.1714 0000 89.0648 208
0.2106 0000 89.0624 168
0.2498 0000 89.0621 147
0.2889 0000 89.0597 140
0.3281 0000 89.0552 136
0.3673 0000 89.0466 127
0.4064 0000 89.0462 119
0.4458 0000 89.0667 134
0.4849 0000 89.0643 151
0.5240 0000 89.0515 142
0.5632 0000 89.0491 123
0.6026 0000 89.0696 123
0.6419 0000 89.0880 126
0.6811 0000 89.0918 132
0.7204 0000 89.0977 133
0.7596 0000 89.1016 143
0.7988 0000 89.0992 144
0.8379 0000 89.0885 137
0.8767 0000 89.0424 133
0.9154 0000 89.0006 129
0.9543 0000 88.9712 168
0.9935 0000 88.9667 228
1.0326 0000 88.9623 304
1.0717 0000 88.9599 324
1.1109 0000 88.9617 285
1.1501 0000 88.9676 251
1.1894 0000 88.9756 214
1.2286 0000 88.9773 184
1.2676 0000 88.9667 195
1.3066 0000 88.9539 212
1.3457 0000 88.9494 191
1.3849 0000 88.9512 154
1.4241 0000 88.9509 141
1.4632 0000 88.9485 168
1.5023 0000 88.9482 209
1.5415 0000 88.9479 220
1.5806 0000 88.9455 232
1.6197 0000 88.9411 264
1.6587 0000 88.9263 243
1.6979 0000 88.9343 213
1.7374 0000 88.9568 196
1.7766 0000 88.9565 150
1.8156 0000 88.9458 110
1.8539 0000 88.8957 90
1.8926 0000 88.8664 84
1.9318 0000 88.8682 76
1.9715 0000 88.9011 77
2.0111 0000 88.9319 90
2.0504 0000 88.9399 91
2.0899 0000 88.9624 86
2.1289 0000 88.9538 93
2.1672 0000 88.9037 115
2.2063 0000 88.9034 152
2.2456 0000 88.9094 183
2.2849 0000 88.9194 208
2.3243 0000 88.9316 230
2.3632 0000 88.9209 173
2.4023 0000 88.9206 110
2.4417 0000 88.9307 76
2.4808 0000 88.9304 63
2.5199 0000 88.9260 62
2.5590 0000 88.9236 63
2.5976 0000 88.8964 69
2.6362 0000 88.8712 70
2.6754 0000 88.8751 80
2.7149 0000 88.8914 85
2.7534 0000 88.8641 97
2.7924 0000 88.8576 103
2.8315 0000 88.8573 117
2.8711 0000 88.8799 116
2.9104 0000 88.8858 117
2.9495 0000 88.8855 121
2.9886 0000 88.8831 134
3.0275 0000 88.8725 156
3.0660 0000 88.8473 198
3.1046 0000 88.8263 217
3.1437 0000 88.8240 272
3.1829 0000 88.8278 306
3.2220 0000 88.8296 275
3.2611 0000 88.8252 201
3.3001 0000 88.8228 152
3.3394 0000 88.8308 135
3.3789 0000 88.8471 143
3.4176 0000 88.8282 131
3.4571 0000 88.8445 141
3.4967 0000 88.8649 138
3.5358 0000 88.8667 145
3.5749 0000 88.8664 150
3.6137 0000 88.8516 189
3.6527 0000 88.8493 199
3.6918 0000 88.8490 158
3.7316 0000 88.8757 106
3.7710 0000 88.8857 87
3.8108 0000 88.9103 86
3.8500 0000 88.9121 99
3.8896 0000 88.9305 116
3.9280 0000 88.9033 133
3.9654 0000 88.8429 166
4.0034 0000 88.8053 233
4.0425 0000 88.8051 271
4.0818 0000 88.8131 272
4.1211 0000 88.8190 258
4.1608 0000 88.8394 210
4.2008 0000 88.8723 184
4.2405 0000 88.8906 163
4.2803 0000 88.9132 179
4.3193 0000 88.9087 174
4.3583 0000 88.9064 162
4.3975 0000 88.9082 150
4.4367 0000 88.9120 135
4.4767 0000 88.9408 115
4.5168 0000 88.9737 127
4.5568 0000 89.0024 144
4.5962 0000 89.0104 171
4.6353 0000 89.0102 166
4.6743 0000 89.0037 149
4.7134 0000 89.0054 143
4.7526 0000 89.0052 160
4.7913 0000 88.9945 216
4.8298 0000 88.9735 241
4.8689 0000 88.9732 217
4.9082 0000 88.9791 206
4.9473 0000 88.9789 151
4.9864 0000 88.9765 120
5.0253 0000 88.9721 133
5.0645 0000 88.9739 152
5.1045 0000 89.0005 130
5.1446 0000 89.0272 121
5.1836 0000 89.0249 105
5.2220 0000 89.0038 99
5.2612 0000 89.0056 116
5.3003 0000 89.0054 134
5.3395 0000 89.0071 150
5.3787 0000 89.0110 171
5.4181 0000 89.0170 209
5.4573 0000 89.0208 237
5.4964 0000 89.0185 206
5.5355 0000 89.0182 154
5.5762 0000 89.0615 125
5.6156 0000 89.0695 108
5.6557 0000 89.0941 101
5.6950 0000 89.0980 92
5.7332 0000 89.0728 86
5.7724 0000 89.0746 98
5.8116 0000 89.0785 105
5.8505 0000 89.0719 97
5.8887 0000 89.0468 93
5.9275 0000 89.0382 77
5.9663 0000 89.0317 61
6.0044 0000 89.0044 54
6.0446 0000 89.0332 54
6.0843 0000 89.0474 85
6.1244 0000 89.0720 122
6.1637 0000 89.0759 163
6.2026 0000 89.0715 202
6.2413 0000 89.0587 239
6.2798 0000 89.0460 292
6.3191 0000 89.0498 386
6.3586 0000 89.0579 443
6.3978 0000 89.0597 423
6.4369 0000 89.0594 391
6.4765 0000 89.0715 378
6.5163 0000 89.0858 343
6.5568 0000 89.1187 264
6.5974 0000 89.1538 172
6.6387 0000 89.2034 142
6.6807 0000 89.2676 124
6.7226 0000 89.3297 121
6.7640 0000 89.3815 128
6.8036 0000 89.3896 131
6.8427 0000 89.3872 141
6.8816 0000 89.3807 153
6.9210 0000 89.3845 146
6.9605 0000 89.3926 159
6.9998 0000 89.3944 186
7.0389 0000 89.3920 189
7.0781 0000 89.3917 192
7.1170 0000 89.3873 208
7.1557 0000 89.3766 206
7.1950 0000 89.3784 177
7.2373 0000 89.4448 167
7.2782 0000 89.4800 177
7.3178 0000 89.4880 189
7.3580 0000 89.5086 193
7.3976 0000 89.5167 187
7.4369 0000 89.5185 201
7.4758 0000 89.5120 215
7.5147 0000 89.5054 228
7.5540 0000 89.5072 232
7.5934 0000 89.5111 203
7.6331 0000 89.5192 172
7.6729 0000 89.5314 150
7.7133 0000 89.5562 145
7.7536 0000 89.5768 132
7.7932 0000 89.5849 136
7.8342 0000 89.6180 138
7.8751 0000 89.6512 122
7.9158 0000 89.6802 135
7.9568 0000 89.7134 124
7.9978 0000 89.7466 131
8.0385 0000 89.7757 129
8.0781 0000 89.7817 152
8.1176 0000 89.7856 179
8.1582 0000 89.8105 169
8.1991 0000 89.8416 168
8.2399 0000 89.8686 155
8.2793 0000 89.8704 155
8.3184 0000 89.8681 149
8.3575 0000 89.8636 144
8.3969 0000 89.8654 137
8.4362 0000 89.8652 135
8.4756 0000 89.8670 137
8.5166 0000 89.8982 136
8.5565 0000 89.9105 123
8.5972 0000 89.9354 122
8.6373 0000 89.9499 109
8.6787 0000 89.9874 92
8.7199 0000 90.0207 107
8.7609 0000 90.0499 120
8.8006 0000 90.0559 129
8.8411 0000 90.0767 134
8.8806 0000 90.0806 118
8.9205 0000 90.0888 95
8.9628 0000 90.1411 79
9.0040 0000 90.1724 74
9.0453 0000 90.2058 65
9.0850 0000 90.2119 76
9.1245 0000 90.2137 105
9.1638 0000 90.2135 147
9.2033 0000 90.2153 165
9.2428 0000 90.2172 148
9.2825 0000 90.2233 143
9.3233 0000 90.2483 141
9.3638 0000 90.2670 151
9.4033 0000 90.2689 146
9.4428 0000 90.2707 146
9.4827 0000 90.2789 124
9.5228 0000 90.2913 101
9.5621 0000 90.2911 99
9.6000 0000 90.2655 111
9.6390 0000 90.2611 148
9.6783 0000 90.2587 179
9.7175 0000 90.2564 188
9.7584 0000 90.2814 176
9.7980 0000 90.2854 148
9.8382 0000 90.2978 125
9.8787 0000 90.3165 117
9.9216 0000 90.3711 136
9.9613 0000 90.3772 191
10.0007 0000 90.3770 245
10.0403 0000 90.3809 256
10.0801 0000 90.3870 241
10.1198 0000 90.3910 219
10.1598 0000 90.4013 207
10.1992 0000 90.4011 176
10.2384 0000 90.3987 163
10.2799 0000 90.4302 138
10.3223 0000 90.4764 177
10.3634 0000 90.5015 217
10.4032 0000 90.5076 253
10.4427 0000 90.5095 278
10.4823 0000 90.5113 257
10.5221 0000 90.5174 173
10.5628 0000 90.5362 117
10.6020 0000 90.5339 81
10.6400 0000 90.5125 63
10.6792 0000 90.5102 53
10.7205 0000 90.5374 54
10.7603 0000 90.5435 58
10.8015 0000 90.5686 55
10.8410 0000 90.5705 48
10.8804 0000 90.5703 47
10.9198 0000 90.5701 67
10.9581 0000 90.5529 94
10.9986 0000 90.5696 138
11.0383 0000 90.5736 177
11.0780 0000 90.5776 147
11.1188 0000 90.5964 109
11.1585 0000 90.6004 79
11.1986 0000 90.6108 65
11.2406 0000 90.6465 68
11.2803 0000 90.6505 78
11.3194 0000 90.6460 79
11.3605 0000 90.6691 80
11.4003 0000 90.6731 80
11.4394 0000 90.6687 87
11.4769 0000 90.6430 84
11.5161 0000 90.6386 96
11.5558 0000 90.6426 118
11.5969 0000 90.6656 131
11.6371 0000 90.6760 116
11.6771 0000 90.6843 122
11.7167 0000 90.6862 143
11.7558 0000 90.6817 137
11.7956 0000 90.6857 121
11.8366 0000 90.7067 101
11.8765 0000 90.7128 90
11.9196 0000 90.7613 59
11.9598 0000 90.7716 55
12.0018 0000 90.8053 61
12.0414 0000 90.8072 77
12.0809 0000 90.8070 89
12.1208 0000 90.8132 96
12.1609 0000 90.8214 92
12.2016 0000 90.8382 83
12.2404 0000 90.8295 70
12.2781 0000 90.8059 62
12.3175 0000 90.8057 65
12.3593 0000 90.8352 82
12.4005 0000 90.8583 86
12.4385 0000 90.8390 92
12.4763 0000 90.8176 115
12.5155 0000 90.8153 118
12.5552 0000 90.8172 109
12.5964 0000 90.8403 88
12.6361 0000 90.8422 84
12.6750 0000 90.8356 62
12.7166 0000 90.8630 47
12.7617 0000 90.9328 40
12.8041 0000 90.9686 40
12.8460 0000 90.9982 43
12.8854 0000 90.9980 51
12.9253 0000 91.0020 57
12.9649 0000 91.0039 71
13.0040 0000 90.9995 83
13.0431 0000 90.9950 93
13.0828 0000 90.9969 100
13.1224 0000 90.9988 101
13.1617 0000 90.9965 103
13.1996 0000 90.9772 104
13.2385 0000 90.9706 119
13.2778 0000 90.9683 124
13.3175 0000 90.9702 102
13.3591 0000 90.9955 88
13.4012 0000 91.0271 91
13.4408 0000 91.0290 113
13.4810 0000 91.0373 127
13.5209 0000 91.0414 126
13.5600 0000 91.0369 122
13.5993 0000 91.0346 114
13.6393 0000 91.0408 106
13.6787 0000 91.0405 113
13.7182 0000 91.0403 121
13.7595 0000 91.0614 134
13.7991 0000 91.0633 137
13.8386 0000 91.0631 145
13.8801 0000 91.0863 125
13.9210 0000 91.1031 110
13.9616 0000 91.1156 97
14.0031 0000 91.1388 96
14.0426 0000 91.1386 89
14.0821 0000 91.1384 80
14.1214 0000 91.1360 73
14.1608 0000 91.1358 70
14.2001 0000 91.1335 67
14.2396 0000 91.1333 65
14.2789 0000 91.1309 65
14.3161 0000 91.1052 66
14.3549 0000 91.0986 59
14.3940 0000 91.0941 63
14.4310 0000 91.0663 80
14.4729 0000 91.0937 108
14.5137 0000 91.1084 135
14.5535 0000 91.1124 149
14.5924 0000 91.1058 161
14.6317 0000 91.1035 155
14.6740 0000 91.1352 152
14.7135 0000 91.1349 164
14.7504 0000 91.1071 168
14.7900 0000 91.1090 152
14.8303 0000 91.1173 133
14.8693 0000 91.1128 120
14.9089 0000 91.1147 121
14.9494 0000 91.1251 111
14.9898 0000 91.1355 99
15.0290 0000 91.1332 91
15.0685 0000 91.1329 92
15.1099 0000 91.1540 92
15.1493 0000 91.1538 107
15.1888 0000 91.1535 123
15.2270 0000 91.1405 141
15.2668 0000 91.1446 129
15.3065 0000 91.1465 109
15.3459 0000 91.1462 104
15.3855 0000 91.1481 103
15.4264 0000 91.1628 96
15.4652 0000 91.1562 82
15.5026 0000 91.1347 88
15.5422 0000 91.1366 103
15.5826 0000 91.1470 117
15.6241 0000 91.1680 127
15.6639 0000 91.1721 121
15.7050 0000 91.1889 95
15.7450 0000 91.1950 69
15.7869 0000 91.2203 62
15.8261 0000 91.2179 54
15.8631 0000 91.1922 51
15.9023 0000 91.1898 46
15.9417 0000 91.1896 46
15.9779 0000 91.1575 46
16.0169 0000 91.1530 48
16.0506 0000 91.0954 49
16.0900 0000 91.0951 50
16.1347 0000 91.1480 49
16.1745 0000 91.1520 47
16.2143 0000 91.1561 49
16.2541 0000 91.1601 51
16.2991 0000 91.2151 52
16.3393 0000 91.2234 55
16.3819 0000 91.2551 53
16.4241 0000 91.2825 55
16.4635 0000 91.2823 54
16.5032 0000 91.2842 56
16.5426 0000 91.2840 58
16.5796 0000 91.2603 58
16.6209 0000 91.2792 69
16.6606 0000 91.2811 69
16.6997 0000 91.2788 54
16.7363 0000 91.2509 47
16.7754 0000 91.2485 39
16.8150 0000 91.2504 35
16.8579 0000 91.2842 34
16.8973 0000 91.2840 35
16.9334 0000 91.2518 37
16.9730 0000 91.2537 43
17.0126 0000 91.2556 44
17.0548 0000 91.2830 45
17.0944 0000 91.2849 45
17.1311 0000 91.2591 45
17.1730 0000 91.2823 44
17.2126 0000 91.2842 48
17.2519 0000 91.2840 55
17.2886 0000 91.2582 59
17.3275 0000 91.2537 67
17.3632 0000 91.2194 86
17.4014 0000 91.2086 140
17.4410 0000 91.2105 222
17.4801 0000 91.2081 305
17.5169 0000 91.1845 339
17.5546 0000 91.1694 447
17.5937 0000 91.1670 470
17.6335 0000 91.1710 411
17.6730 0000 91.1729 317
17.7130 0000 91.1791 239
17.7540 0000 91.1937 132
17.7940 0000 91.1999 93
17.8335 0000 91.2018 79
17.8731 0000 91.2036 69
17.9152 0000 91.2289 59
17.9522 0000 91.2074 48
17.9917 0000 91.2093 41
18.0273 0000 91.1751 43
18.0635 0000 91.1472 46
18.1028 0000 91.1470 47
18.1425 0000 91.1510 54
18.1813 0000 91.1465 67
18.2168 0000 91.1123 69
18.2520 0000 91.0760 70
18.2880 0000 91.0461 78
18.3267 0000 91.0416 75
18.3662 0000 91.0435 94
18.4052 0000 91.0412 141
18.4442 0000 91.0388 189
18.4844 0000 91.0471 201
18.5241 0000 91.0511 230
18.5641 0000 91.0572 269
18.6036 0000 91.0591 305
18.6399 0000 91.0334 341
18.6784 0000 91.0268 353
18.7174 0000 91.0245 321
18.7559 0000 91.0179 293
18.7948 0000 91.0155 280
18.8341 0000 91.0153 242
18.8735 0000 91.0172 203
18.9125 0000 91.0148 180
18.9514 0000 91.0125 151
18.9924 0000 91.0271 152
19.0326 0000 91.0353 157
19.0730 0000 91.0457 156
19.1130 0000 91.0518 130
19.1519 0000 91.0494 98
19.1904 0000 91.0428 89
19.2263 0000 91.0150 77
19.2618 0000 90.9830 74
19.3007 0000 90.9807 86
19.3406 0000 90.9868 97
19.3823 0000 91.0077 81
19.4238 0000 91.0266 79
19.4576 0000 90.9818 76
19.4953 0000 90.9689 76
19.5299 0000 90.9305 88
19.5672 0000 90.9155 112
19.6056 0000 90.9089 136
19.6435 0000 90.8981 184
19.6844 0000 90.9126 186
19.7238 0000 90.9145 185
19.7622 0000 90.9079 194
19.8010 0000 90.9056 176
19.8389 0000 90.8947 149
19.8744 0000 90.8649 114
19.9101 0000 90.8372 110
19.9482 0000 90.8285 117
19.9871 0000 90.8261 153
20.0243 0000 90.8111 170
20.0629 0000 90.8066 168
20.1004 0000 90.7937 178
20.1380 0000 90.7808 193
20.1729 0000 90.7467 157
20.2109 0000 90.7380 119
20.2489 0000 90.7293 113
20.2874 0000 90.7249 119
20.3273 0000 90.7310 134
20.3664 0000 90.7307 137
20.4044 0000 90.7220 135
20.4408 0000 90.7007 153
20.4782 0000 90.6878 139
20.5170 0000 90.6854 136
20.5560 0000 90.6852 157
20.5948 0000 90.6828 166
20.6336 0000 90.6805 159
20.6726 0000 90.6803 144
20.7111 0000 90.6758 133
20.7475 0000 90.6545 120
20.7865 0000 90.6542 111
20.8253 0000 90.6519 108
20.8643 0000 90.6517 122
20.9041 0000 90.6577 136
20.9431 0000 90.6575 133
20.9816 0000 90.6531 126
21.0201 0000 90.6486 129
21.0596 0000 90.6526 145
21.0995 0000 90.6587 157
21.1388 0000 90.6606 150
21.1772 0000 90.6561 145
21.2154 0000 90.6496 140
21.2542 0000 90.6473 127
21.2926 0000 90.6428 126
21.3266 0000 90.6047 144
21.3640 0000 90.5918 165
21.4024 0000 90.5874 176
21.4422 0000 90.5935 183
21.4812 0000 90.5933 173
21.5188 0000 90.5826 135
21.5567 0000 90.5739 109
21.5959 0000 90.5758 110
21.6355 0000 90.5798 122
21.6719 0000 90.5607 145
21.7072 0000 90.5331 129
21.7445 0000 90.5203 116
21.7823 0000 90.5117 106
21.8204 0000 90.5052 98
21.8560 0000 90.4798 98
21.8941 0000 90.4733 94
21.9328 0000 90.4710 95
21.9708 0000 90.4645 101
22.0069 0000 90.4433 98
22.0456 0000 90.4410 100
22.0817 0000 90.4198 114
22.1229 0000 90.4365 115
22.1621 0000 90.4384 125
22.2007 0000 90.4362 133
22.2396 0000 90.4360 135
22.2791 0000 90.4401 135
22.3189 0000 90.4462 137
22.3579 0000 90.4461 138
22.3962 0000 90.4417 141
22.4348 0000 90.4395 140
22.4732 0000 90.4352 138
22.5121 0000 90.4350 149
22.5513 0000 90.4370 179
22.5902 0000 90.4369 208
22.6294 0000 90.4389 227
22.6692 0000 90.4451 238
22.7090 0000 90.4513 228
22.7488 0000 90.4575 227
22.7880 0000 90.4595 243
22.8266 0000 90.4573 244
22.8646 0000 90.4508 217
22.9023 0000 90.4423 176
22.9353 0000 90.4002 158
22.9739 0000 90.3980 162
23.0125 0000 90.3958 168
23.0532 0000 90.4083 184
23.0927 0000 90.4124 163
23.1319 0000 90.4144 146
23.1699 0000 90.4081 160
23.2054 0000 90.3848 168
23.2437 0000 90.3806 177
23.2835 0000 90.3868 185
23.3236 0000 90.3951 196
23.3664 0000 90.4224 223
23.4056 0000 90.4245 246
23.4396 0000 90.3907 224
23.4764 0000 90.3759 226
23.5150 0000 90.3738 275
23.5532 0000 90.3695 295
23.5912 0000 90.3631 258
23.6297 0000 90.3610 223
23.6643 0000 90.3315 213
23.7029 0000 90.3293 203
23.7414 0000 90.3272 197
23.7793 0000 90.3208 183
23.8170 0000 90.3124 163
23.8558 0000 90.3123 147
23.8947 0000 90.3123 120
23.9329 0000 90.3080 100
23.9711 0000 90.3038 94
24.0096 0000 90.3016 90
24.0451 0000 90.2784 97
24.0867 0000 90.2973 103
24.1259 0000 90.2994 114
24.1638 0000 90.2930 129
24.1969 0000 90.2552 164
24.2411 0000 90.2909 189
24.2815 0000 90.3013 184
24.3207 0000 90.3034 160
24.3564 0000 90.2823 143
24.3943 0000 90.2760 128
24.4334 0000 90.2781 127
24.4748 0000 90.2949 133
24.5114 0000 90.2801 171
24.5515 0000 90.2885 173
24.5935 0000 90.3095 143
24.6324 0000 90.3095 130
24.6709 0000 90.3073 119
24.7133 0000 90.3305 114
24.7521 0000 90.3304 108
24.7868 0000 90.3030 107
24.8256 0000 90.3030 117
24.8686 0000 90.3303 129
24.9085 0000 90.3366 146
