wt=150572816, DLLFiFo=0
-25.1560 0000 89.0890 313
-25.1179 0000 89.0925 274
-25.0788 0000 89.0897 215
-25.0403 0000 89.0911 190
-25.0021 0000 89.0946 184
-24.9634 0000 89.0939 205
-24.9243 0000 89.0912 225
-24.8846 0000 89.0843 212
-24.8455 0000 89.0815 192
-24.8079 0000 89.0891 180
-24.7701 0000 89.0946 177
-24.7310 0000 89.0919 182
-24.6919 0000 89.0892 183
-24.6558 0000 89.1071 161
-24.6194 0000 89.1229 176
-24.5817 0000 89.1305 192
-24.5430 0000 89.1298 180
-24.5045 0000 89.1312 159
-24.4677 0000 89.1450 180
-24.4289 0000 89.1443 185
-24.3898 0000 89.1416 167
-24.3504 0000 89.1368 151
-24.3093 0000 89.1196 128
-24.2723 0000 89.1313 134
-24.2364 0000 89.1513 131
-24.1990 0000 89.1610 155
-24.1605 0000 89.1624 186
-24.1220 0000 89.1638 208
-24.0832 0000 89.1631 190
-24.0426 0000 89.1501 160
-24.0007 0000 89.1267 180
-23.9613 0000 89.1219 199
-23.9205 0000 89.1068 178
-23.8811 0000 89.1021 175
-23.8432 0000 89.1076 200
-23.8061 0000 89.1193 215
-23.7724 0000 89.1559 208
-23.7359 0000 89.1718 221
-23.6993 0000 89.1877 253
-23.6599 0000 89.1829 206
-23.6203 0000 89.1761 236
-23.5797 0000 89.1630 282
-23.5412 0000 89.1645 259
-23.5027 0000 89.1659 223
-23.4636 0000 89.1632 183
-23.4247 0000 89.1626 151
-23.3876 0000 89.1744 128
-23.3462 0000 89.1551 134
-23.3049 0000 89.1359 147
-23.2672 0000 89.1436 152
-23.2311 0000 89.1636 148
-23.1948 0000 89.1816 165
-23.1565 0000 89.1852 153
-23.1191 0000 89.1949 166
-23.0816 0000 89.2046 193
-23.0444 0000 89.2164 187
-23.0059 0000 89.2179 142
-22.9670 0000 89.2173 163
-22.9262 0000 89.2023 169
-22.8874 0000 89.2017 159
-22.8491 0000 89.2052 153
-22.8124 0000 89.2212 144
-22.7735 0000 89.2206 135
-22.7360 0000 89.2304 147
-22.6966 0000 89.2257 172
-22.6569 0000 89.2189 179
-22.6145 0000 89.1914 153
-22.5749 0000 89.1847 124
-22.5363 0000 89.1862 109
-22.5017 0000 89.2187 105
-22.4631 0000 89.2202 111
-22.4245 0000 89.2218 113
-22.3862 0000 89.2254 112
-22.3476 0000 89.2269 129
-22.3084 0000 89.2243 146
-22.2679 0000 89.2113 122
-22.2288 0000 89.2087 109
-22.1907 0000 89.2144 121
-22.1534 0000 89.2263 160
-22.1161 0000 89.2382 212
-22.0764 0000 89.2314 202
-22.0359 0000 89.2185 167
-21.9986 0000 89.2304 189
-21.9616 0000 89.2444 207
-21.9240 0000 89.2542 212
-21.8869 0000 89.2682 151
-21.8483 0000 89.2698 123
-21.8067 0000 89.2486 143
-21.7660 0000 89.2336 163
-21.7260 0000 89.2248 179
-21.6856 0000 89.2119 202
-21.6448 0000 89.1969 210
-21.6046 0000 89.1861 206
-21.5655 0000 89.1835 142
-21.5289 0000 89.2017 106
-21.4938 0000 89.2322 104
-21.4611 0000 89.2815 101
-21.4237 0000 89.2934 112
-21.3866 0000 89.3074 106
-21.3479 0000 89.3090 100
-21.3097 0000 89.3148 92
-21.2698 0000 89.3060 112
-21.2296 0000 89.2952 139
-21.1886 0000 89.2782 138
-21.1494 0000 89.2756 110
-21.1107 0000 89.2772 90
-21.0725 0000 89.2830 73
-21.0346 0000 89.2908 69
-20.9987 0000 89.3152 69
-20.9605 0000 89.3210 71
-20.9240 0000 89.3413 100
-20.8848 0000 89.3388 156
-20.8444 0000 89.3259 178
-20.8052 0000 89.3234 195
-20.7662 0000 89.3229 187
-20.7280 0000 89.3287 180
-20.6895 0000 89.3324 185
-20.6505 0000 89.3320 208
-20.6118 0000 89.3336 216
-20.5721 0000 89.3270 177
-20.5339 0000 89.3327 170
-20.4959 0000 89.3406 183
-20.4572 0000 89.3422 170
-20.4185 0000 89.3439 133
-20.3800 0000 89.3476 107
-20.3434 0000 89.3679 97
-20.3052 0000 89.3737 86
-20.2674 0000 89.3837 105
-20.2309 0000 89.4040 123
-20.1929 0000 89.4119 144
-20.1541 0000 89.4135 150
-20.1146 0000 89.4090 154
-20.0749 0000 89.4023 159
-20.0352 0000 89.3957 151
-19.9940 0000 89.3766 132
-19.9551 0000 89.3761 131
-19.9156 0000 89.3716 138
-19.8776 0000 89.3795 133
-19.8417 0000 89.4060 132
-19.8022 0000 89.4015 141
-19.7627 0000 89.3969 144
-19.7237 0000 89.3965 139
-19.6864 0000 89.4106 131
-19.6507 0000 89.4393 111
-19.6145 0000 89.4638 104
-19.5762 0000 89.4696 93
-19.5372 0000 89.4692 98
-19.4977 0000 89.4646 105
-19.4577 0000 89.4559 113
-19.4178 0000 89.4472 135
-19.3772 0000 89.4322 134
-19.3367 0000 89.4194 153
-19.2966 0000 89.4086 154
-19.2571 0000 89.4040 132
-19.2186 0000 89.4078 96
-19.1821 0000 89.4302 87
-19.1426 0000 89.4256 110
-19.1022 0000 89.4128 132
-19.0632 0000 89.4124 140
-19.0258 0000 89.4265 135
-18.9875 0000 89.4323 161
-18.9475 0000 89.4236 182
-18.9090 0000 89.4274 164
-18.8709 0000 89.4353 193
-18.8327 0000 89.4432 185
-18.7955 0000 89.4594 150
-18.7569 0000 89.4631 113
-18.7201 0000 89.4835 111
-18.6840 0000 89.5101 106
-18.6468 0000 89.5264 96
-18.6077 0000 89.5260 72
-18.5713 0000 89.5505 71
-18.5321 0000 89.5480 77
-18.4888 0000 89.5081 93
-18.4484 0000 89.4952 122
-18.4065 0000 89.4678 123
-18.3661 0000 89.4549 122
-18.3269 0000 89.4524 131
-18.2891 0000 89.4645 147
-18.2512 0000 89.4745 150
-18.2145 0000 89.4969 124
-18.1759 0000 89.5007 117
-18.1371 0000 89.5023 114
-18.1000 0000 89.5206 120
-18.0611 0000 89.5223 116
-18.0219 0000 89.5198 110
-17.9830 0000 89.5215 112
-17.9446 0000 89.5273 116
-17.9059 0000 89.5310 117
-17.8690 0000 89.5514 113
-17.8351 0000 89.6010 127
-17.7977 0000 89.6172 155
-17.7599 0000 89.6293 174
-17.7184 0000 89.6060 204
-17.6789 0000 89.6014 204
-17.6402 0000 89.6051 192
-17.6018 0000 89.6109 182
-17.5625 0000 89.6084 171
-17.5234 0000 89.6080 152
-17.4857 0000 89.6222 148
-17.4466 0000 89.6217 134
-17.4073 0000 89.6192 133
-17.3678 0000 89.6146 142
-17.3272 0000 89.5996 127
-17.2877 0000 89.5950 122
-17.2513 0000 89.6217 111
-17.2144 0000 89.6442 91
-17.1757 0000 89.6479 96
-17.1366 0000 89.6475 99
-17.0973 0000 89.6449 109
-17.0588 0000 89.6507 128
-17.0204 0000 89.6586 142
-16.9834 0000 89.6791 129
-16.9458 0000 89.6953 135
-16.9067 0000 89.6949 124
-16.8682 0000 89.7007 137
-16.8298 0000 89.7086 163
-16.7913 0000 89.7144 162
-16.7521 0000 89.7139 128
-16.7136 0000 89.7197 99
-16.6768 0000 89.7443 86
-16.6381 0000 89.7481 88
-16.5969 0000 89.7268 90
-16.5561 0000 89.7096 90
-16.5132 0000 89.6695 103
-16.4727 0000 89.6545 141
-16.4296 0000 89.6124 201
-16.3885 0000 89.5911 304
-16.3485 0000 89.5823 355
-16.3098 0000 89.5860 279
-16.2716 0000 89.5960 204
-16.2344 0000 89.6164 186
-16.2007 0000 89.6743 177
-16.1631 0000 89.6905 176
-16.1253 0000 89.7047 181
-16.0859 0000 89.7021 163
-16.0470 0000 89.7038 156
-16.0078 0000 89.7033 138
-15.9682 0000 89.6987 126
-15.9289 0000 89.6961 145
-15.8899 0000 89.6978 161
-15.8511 0000 89.7015 137
-15.8128 0000 89.7115 101
-15.7750 0000 89.7256 87
-15.7377 0000 89.7461 94
-15.6983 0000 89.7435 84
-15.6591 0000 89.7431 77
-15.6218 0000 89.7635 81
-15.5826 0000 89.7630 118
-15.5430 0000 89.7584 145
-15.5029 0000 89.7475 130
-15.4618 0000 89.7262 105
-15.4232 0000 89.7320 139
-15.3840 0000 89.7315 172
-15.3448 0000 89.7311 156
-15.3081 0000 89.7599 171
-15.2713 0000 89.7866 211
-15.2323 0000 89.7882 267
-15.1925 0000 89.7815 258
-15.1531 0000 89.7790 207
-15.1151 0000 89.7931 195
-15.0786 0000 89.8240 256
-15.0416 0000 89.8487 268
-15.0031 0000 89.8566 261
-14.9640 0000 89.8582 198
-14.9242 0000 89.8515 144
-14.8823 0000 89.8197 165
-14.8421 0000 89.8088 217
-14.8011 0000 89.7875 231
-14.7610 0000 89.7766 230
-14.7218 0000 89.7761 201
-14.6836 0000 89.7882 222
-14.6447 0000 89.7920 308
-14.6053 0000 89.7894 342
-14.5676 0000 89.8078 260
-14.5310 0000 89.8387 228
-14.4938 0000 89.8634 221
-14.4589 0000 89.9153 220
-14.4207 0000 89.9274 193
-14.3816 0000 89.9290 165
-14.3426 0000 89.9328 143
-14.3034 0000 89.9324 118
-14.2654 0000 89.9487 120
-14.2260 0000 89.9461 140
-14.1853 0000 89.9290 175
-14.1457 0000 89.9243 233
-14.1056 0000 89.9134 265
-14.0651 0000 89.8983 286
-14.0252 0000 89.8895 289
-13.9864 0000 89.8954 238
-13.9479 0000 89.9054 166
-13.9095 0000 89.9155 120
-13.8730 0000 89.9506 130
-13.8359 0000 89.9774 134
-13.7985 0000 90.0022 137
-13.7612 0000 90.0269 122
-13.7222 0000 90.0307 144
-13.6829 0000 90.0303 165
-13.6431 0000 90.0235 167
-13.6028 0000 90.0105 168
-13.5623 0000 89.9954 187
-13.5248 0000 90.0181 161
-13.4859 0000 90.0239 159
-13.4469 0000 90.0277 183
-13.4087 0000 90.0420 247
-13.3697 0000 90.0458 322
-13.3304 0000 90.0453 331
-13.2909 0000 90.0428 290
-13.2515 0000 90.0424 253
-13.2119 0000 90.0378 197
-13.1738 0000 90.0542 135
-13.1360 0000 90.0747 128
-13.0968 0000 90.0764 127
-13.0584 0000 90.0886 122
-13.0192 0000 90.0903 119
-12.9777 0000 90.0605 129
-12.9364 0000 90.0328 119
-12.8969 0000 90.0303 126
-12.8577 0000 90.0320 130
-12.8209 0000 90.0672 128
-12.7817 0000 90.0689 117
-12.7428 0000 90.0748 103
-12.7038 0000 90.0786 106
-12.6646 0000 90.0803 117
-12.6276 0000 90.1135 106
-12.5888 0000 90.1215 119
-12.5489 0000 90.1127 154
-12.5084 0000 90.0976 211
-12.4700 0000 90.1098 252
-12.4331 0000 90.1451 283
-12.3945 0000 90.1552 298
-12.3552 0000 90.1569 254
-12.3157 0000 90.1544 167
-12.2763 0000 90.1540 132
-12.2395 0000 90.1914 150
-12.2039 0000 90.2457 184
-12.1652 0000 90.2558 206
-12.1257 0000 90.2533 202
-12.0844 0000 90.2256 171
-12.0421 0000 90.1831 111
-11.9974 0000 90.1029 103
-11.9546 0000 90.0521 97
-11.9151 0000 90.0496 84
-11.8761 0000 90.0555 82
-11.8375 0000 90.0656 99
-11.7985 0000 90.0716 107
-11.7619 0000 90.1132 95
-11.7230 0000 90.1191 88
-11.6833 0000 90.1145 87
-11.6442 0000 90.1183 93
-11.6058 0000 90.1326 110
-11.5667 0000 90.1364 144
-11.5278 0000 90.1445 181
-11.4883 0000 90.1420 203
-11.4492 0000 90.1458 178
-11.4098 0000 90.1454 147
-11.3703 0000 90.1429 131
-11.3298 0000 90.1257 132
-11.2903 0000 90.1233 131
-11.2517 0000 90.1355 152
-11.2119 0000 90.1288 199
-11.1720 0000 90.1200 223
-11.1325 0000 90.1175 231
-11.0936 0000 90.1256 222
-11.0552 0000 90.1420 198
-11.0175 0000 90.1689 182
-10.9792 0000 90.1854 200
-10.9400 0000 90.1892 179
-10.8987 0000 90.1573 161
-10.8590 0000 90.1527 148
-10.8196 0000 90.1523 128
-10.7816 0000 90.1751 139
-10.7435 0000 90.1957 144
-10.7047 0000 90.2058 142
-10.6656 0000 90.2097 134
-10.6254 0000 90.1967 181
-10.5854 0000 90.1858 274
-10.5442 0000 90.1560 348
-10.5047 0000 90.1535 402
-10.4657 0000 90.1594 418
-10.4273 0000 90.1759 320
-10.3879 0000 90.1755 246
-10.3492 0000 90.1877 207
-10.3100 0000 90.1916 151
-10.2714 0000 90.2059 116
-10.2346 0000 90.2497 128
-10.1956 0000 90.2577 151
-10.1561 0000 90.2553 138
-10.1175 0000 90.2696 94
-10.0795 0000 90.2945 120
-10.0400 0000 90.2941 176
-9.9997 0000 90.2769 163
-9.9598 0000 90.2681 156
-9.9203 0000 90.2677 170
-9.8813 0000 90.2737 169
-9.8420 0000 90.2754 160
-9.8023 0000 90.2708 153
-9.7625 0000 90.2641 151
-9.7232 0000 90.2658 149
-9.6845 0000 90.2781 138
-9.6470 0000 90.3135 156
-9.6090 0000 90.3405 172
-9.5699 0000 90.3464 222
-9.5305 0000 90.3481 271
-9.4914 0000 90.3541 293
-9.4524 0000 90.3621 299
-9.4138 0000 90.3765 341
-9.3741 0000 90.3719 340
-9.3344 0000 90.3673 283
-9.2958 0000 90.3838 188
-9.2568 0000 90.3918 143
-9.2178 0000 90.3999 106
-9.1799 0000 90.4290 82
-9.1391 0000 90.4033 114
-9.0992 0000 90.3945 227
-9.0596 0000 90.3899 373
-9.0200 0000 90.3874 451
-8.9805 0000 90.3849 445
-8.9401 0000 90.3656 390
-8.8998 0000 90.3483 399
-8.8603 0000 90.3479 328
-8.8211 0000 90.3518 271
-8.7829 0000 90.3767 231
-8.7440 0000 90.3868 229
-8.7058 0000 90.4138 210
-8.6685 0000 90.4577 169
-8.6324 0000 90.5291 170
-8.5941 0000 90.5519 212
-8.5544 0000 90.5473 222
-8.5147 0000 90.5427 224
-8.4750 0000 90.5381 213
-8.4335 0000 90.4955 175
-8.3926 0000 90.4635 162
-8.3524 0000 90.4483 172
-8.3126 0000 90.4395 223
-8.2733 0000 90.4433 277
-8.2340 0000 90.4472 305
-8.1944 0000 90.4426 369
-8.1547 0000 90.4380 456
-8.1154 0000 90.4397 501
-8.0762 0000 90.4456 486
-8.0368 0000 90.4473 420
-7.9972 0000 90.4449 335
-7.9579 0000 90.4466 264
-7.9187 0000 90.4525 210
-7.8794 0000 90.4564 159
-7.8400 0000 90.4581 114
-7.8027 0000 90.5083 85
-7.7650 0000 90.5502 73
-7.7271 0000 90.5878 70
-7.6876 0000 90.5874 63
-7.6480 0000 90.5849 58
-7.6099 0000 90.6162 57
-7.5703 0000 90.6159 55
-7.5295 0000 90.5838 64
-7.4912 0000 90.6109 100
-7.4520 0000 90.6190 150
-7.4134 0000 90.6418 168
-7.3737 0000 90.6372 194
-7.3339 0000 90.6284 244
-7.2942 0000 90.6238 298
-7.2547 0000 90.6234 286
-7.2146 0000 90.6083 220
-7.1752 0000 90.6121 198
-7.1368 0000 90.6392 215
-7.0975 0000 90.6452 226
-7.0577 0000 90.6385 236
-7.0176 0000 90.6233 273
-6.9776 0000 90.6103 348
-6.9383 0000 90.6141 320
-6.8990 0000 90.6201 263
-6.8604 0000 90.6430 207
-6.8212 0000 90.6532 190
-6.7819 0000 90.6591 175
-6.7422 0000 90.6546 155
-6.7026 0000 90.6500 140
-6.6634 0000 90.6602 130
-6.6246 0000 90.6788 130
-6.5849 0000 90.6764 123
-6.5462 0000 90.6993 112
-6.5069 0000 90.7053 118
-6.4674 0000 90.7049 125
-6.4279 0000 90.7067 134
-6.3887 0000 90.7169 150
-6.3494 0000 90.7250 166
-6.3100 0000 90.7268 162
-6.2703 0000 90.7222 150
-6.2308 0000 90.7239 164
-6.1917 0000 90.7384 198
-6.1520 0000 90.7338 176
-6.1116 0000 90.7059 138
-6.0717 0000 90.6950 147
-6.0319 0000 90.6862 230
-5.9928 0000 90.7006 256
-5.9537 0000 90.7151 229
-5.9159 0000 90.7698 206
-5.8768 0000 90.7843 247
-5.8373 0000 90.7860 301
-5.7976 0000 90.7836 331
-5.7580 0000 90.7811 317
-5.7184 0000 90.7808 294
-5.6789 0000 90.7825 283
-5.6399 0000 90.8013 261
-5.6005 0000 90.8073 262
-5.5613 0000 90.8196 268
-5.5218 0000 90.8214 274
-5.4823 0000 90.8253 291
-5.4433 0000 90.8440 271
-5.4037 0000 90.8437 271
-5.3641 0000 90.8434 249
-5.3244 0000 90.8388 231
-5.2842 0000 90.8172 281
-5.2445 0000 90.8148 301
-5.2045 0000 90.7975 231
-5.1648 0000 90.7908 201
-5.1249 0000 90.7820 253
-5.0855 0000 90.7880 280
-5.0460 0000 90.7876 265
-5.0067 0000 90.8000 220
-4.9676 0000 90.8187 205
-4.9282 0000 90.8269 212
-4.8888 0000 90.8329 277
-4.8493 0000 90.8347 312
-4.8098 0000 90.8386 274
-4.7703 0000 90.8446 224
-4.7307 0000 90.8443 182
-4.6915 0000 90.8588 156
-4.6525 0000 90.8860 121
-4.6136 0000 90.9132 120
-4.5740 0000 90.9150 136
-4.5338 0000 90.8871 164
-4.4939 0000 90.8740 221
-4.4545 0000 90.8822 258
-4.4152 0000 90.8988 233
-4.3758 0000 90.9070 183
-4.3364 0000 90.9172 135
-4.2968 0000 90.9148 107
-4.2568 0000 90.8996 100
-4.2177 0000 90.9247 107
-4.1782 0000 90.9265 112
-4.1387 0000 90.9325 129
-4.0992 0000 90.9386 160
-4.0596 0000 90.9404 188
-4.0199 0000 90.9379 195
-3.9802 0000 90.9312 177
-3.9400 0000 90.8990 136
-3.9001 0000 90.8838 123
-3.8604 0000 90.8835 122
-3.8210 0000 90.8916 129
-3.7814 0000 90.8934 144
-3.7425 0000 90.9313 160
-3.7030 0000 90.9352 181
-3.6633 0000 90.9327 205
-3.6236 0000 90.9260 206
-3.5840 0000 90.9278 185
-3.5445 0000 90.9338 168
-3.5050 0000 90.9420 159
-3.4658 0000 90.9692 139
-3.4259 0000 90.9498 141
-3.3862 0000 90.9495 135
-3.3462 0000 90.9236 115
-3.3065 0000 90.9191 82
-3.2669 0000 90.9187 67
-3.2268 0000 90.8844 57
-3.1871 0000 90.8820 56
-3.1471 0000 90.8519 68
-3.1074 0000 90.8495 80
-3.0678 0000 90.8470 97
-3.0282 0000 90.8467 107
-2.9885 0000 90.8400 126
-2.9486 0000 90.8142 145
-2.9089 0000 90.8117 175
-2.8694 0000 90.8199 202
-2.8302 0000 90.8450 228
-2.7907 0000 90.8531 280
-2.7513 0000 90.8740 335
-2.7118 0000 90.8779 334
-2.6721 0000 90.8755 349
-2.6323 0000 90.8539 382
-2.5926 0000 90.8451 494
-2.5529 0000 90.8405 632
-2.5132 0000 90.8359 729
-2.4736 0000 90.8356 749
-2.4341 0000 90.8437 701
-2.3946 0000 90.8498 615
-2.3550 0000 90.8473 492
-2.3153 0000 90.8449 344
-2.2759 0000 90.8594 257
-2.2363 0000 90.8654 196
-2.1967 0000 90.8672 171
-2.1571 0000 90.8690 180
-2.1175 0000 90.8708 222
-2.0779 0000 90.8747 253
-2.0384 0000 90.8786 252
-1.9988 0000 90.8825 225
-1.9592 0000 90.8822 200
-1.9195 0000 90.8776 187
-1.8799 0000 90.8752 164
-1.8403 0000 90.8791 161
-1.8007 0000 90.8766 205
-1.7611 0000 90.8784 300
-1.7216 0000 90.8972 386
-1.6819 0000 90.8990 448
-1.6423 0000 90.8987 424
-1.6027 0000 90.9026 351
-1.5632 0000 90.9256 282
-1.5236 0000 90.9317 190
-1.4842 0000 90.9653 127
-1.4447 0000 90.9969 116
-1.4050 0000 91.0029 122
-1.3654 0000 91.0047 142
-1.3258 0000 91.0044 151
-1.2861 0000 90.9998 145
-1.2464 0000 90.9974 148
-1.2068 0000 90.9949 155
-1.1671 0000 90.9861 152
-1.1275 0000 90.9837 144
-1.0878 0000 90.9833 145
-1.0482 0000 90.9788 159
-1.0085 0000 90.9827 168
-0.9689 0000 90.9930 152
-0.9293 0000 91.0033 131
-0.8896 0000 91.0073 138
-0.8500 0000 91.0048 171
-0.8103 0000 91.0002 198
-0.7707 0000 91.0063 223
-0.7310 0000 91.0315 225
-0.6914 0000 91.0439 217
-0.6517 0000 91.0755 218
-0.6121 0000 91.1050 223
-0.5724 0000 91.1175 243
-0.5327 0000 91.1384 270
-0.4930 0000 91.1403 272
-0.4533 0000 91.1570 232
-0.4136 0000 91.1567 216
-0.3740 0000 91.1350 236
-0.3343 0000 91.1241 259
-0.2947 0000 91.1003 282
-0.2551 0000 91.0724 372
-0.2155 0000 91.0593 448
-0.1758 0000 91.0547 489
-0.1362 0000 91.0523 458
-0.0965 0000 91.0498 395
-0.0568 0000 91.0538 349
-0.0172 0000 91.0534 311
0.0224 0000 91.0446 259
0.0621 0000 91.0315 196
0.1018 0000 91.0440 162
0.1415 0000 91.0649 119
0.1812 0000 91.0646 97
0.2208 0000 91.0643 80
0.2605 0000 91.0683 84
0.3002 0000 91.0679 113
0.3398 0000 91.0612 165
0.3795 0000 91.0631 219
0.4192 0000 91.0734 241
0.4590 0000 91.0922 200
0.4988 0000 91.1132 184
0.5386 0000 91.1278 157
0.5785 0000 91.1615 133
0.6184 0000 91.1868 130
0.6580 0000 91.1843 115
0.6977 0000 91.1840 105
0.7375 0000 91.1922 103
0.7774 0000 91.2196 115
0.8171 0000 91.2236 129
0.8570 0000 91.2403 141
0.8967 0000 91.2400 161
0.9364 0000 91.2418 164
0.9761 0000 91.2393 156
1.0156 0000 91.2198 159
1.0551 0000 91.2046 130
1.0950 0000 91.2299 125
1.1350 0000 91.2530 112
1.1748 0000 91.2591 106
1.2145 0000 91.2630 103
1.2542 0000 91.2627 105
1.2938 0000 91.2538 106
1.3332 0000 91.2279 121
1.3729 0000 91.2276 124
1.4128 0000 91.2443 121
1.4525 0000 91.2461 133
1.4922 0000 91.2437 148
1.5318 0000 91.2391 167
1.5714 0000 91.2345 178
1.6109 0000 91.2171 198
1.6503 0000 91.1976 190
1.6899 0000 91.1930 186
1.7296 0000 91.1927 167
1.7696 0000 91.2137 179
1.8093 0000 91.2176 181
1.8491 0000 91.2194 156
1.8891 0000 91.2404 120
1.9288 0000 91.2422 116
1.9686 0000 91.2483 137
2.0082 0000 91.2480 180
2.0479 0000 91.2434 206
2.0875 0000 91.2430 202
2.1274 0000 91.2512 170
2.1667 0000 91.2317 138
2.2062 0000 91.2207 117
2.2460 0000 91.2247 132
2.2861 0000 91.2478 147
2.3256 0000 91.2411 161
2.3648 0000 91.2109 164
2.4040 0000 91.1850 186
2.4437 0000 91.1868 177
2.4835 0000 91.1929 161
2.5236 0000 91.2138 167
2.5632 0000 91.2114 163
2.6025 0000 91.1919 145
2.6421 0000 91.1894 155
2.6818 0000 91.1891 186
2.7214 0000 91.1888 199
2.7610 0000 91.1820 202
2.8005 0000 91.1753 225
2.8396 0000 91.1494 245
2.8791 0000 91.1406 281
2.9187 0000 91.1360 299
2.9583 0000 91.1336 277
2.9981 0000 91.1417 226
3.0384 0000 91.1712 212
3.0783 0000 91.1816 239
3.1188 0000 91.2217 268
3.1587 0000 91.2320 243
3.1985 0000 91.2360 205
3.2381 0000 91.2335 204
3.2777 0000 91.2332 222
3.3175 0000 91.2350 247
3.3573 0000 91.2411 286
3.3972 0000 91.2514 346
3.4374 0000 91.2724 371
3.4772 0000 91.2785 366
3.5170 0000 91.2845 310
3.5566 0000 91.2800 247
3.5967 0000 91.2988 224
3.6364 0000 91.2985 214
3.6759 0000 91.2939 222
3.7155 0000 91.2915 264
3.7552 0000 91.2911 317
3.7950 0000 91.2951 363
3.8348 0000 91.2990 397
3.8744 0000 91.2987 402
3.9141 0000 91.2984 385
3.9532 0000 91.2789 353
3.9930 0000 91.2807 369
4.0326 0000 91.2804 365
4.0721 0000 91.2758 339
4.1117 0000 91.2733 318
4.1514 0000 91.2730 302
4.1918 0000 91.2983 291
4.2316 0000 91.3022 262
4.2712 0000 91.3019 268
4.3110 0000 91.3059 298
4.3508 0000 91.3098 340
4.3911 0000 91.3308 343
4.4314 0000 91.3540 342
4.4713 0000 91.3601 282
4.5110 0000 91.3619 243
4.5505 0000 91.3573 220
4.5900 0000 91.3506 212
4.6295 0000 91.3460 224
4.6693 0000 91.3479 235
4.7092 0000 91.3561 221
4.7491 0000 91.3622 198
4.7889 0000 91.3661 183
4.8286 0000 91.3680 170
4.8685 0000 91.3741 174
4.9095 0000 91.4164 199
4.9492 0000 91.4161 231
4.9882 0000 91.3966 261
5.0279 0000 91.3963 306
5.0677 0000 91.4003 310
5.1080 0000 91.4170 316
5.1476 0000 91.4146 340
5.1872 0000 91.4122 413
5.2263 0000 91.3969 455
5.2666 0000 91.4137 554
5.3065 0000 91.4198 567
5.3464 0000 91.4259 537
5.3864 0000 91.4341 476
5.4262 0000 91.4381 396
5.4666 0000 91.4570 314
5.5062 0000 91.4546 289
5.5451 0000 91.4351 300
5.5846 0000 91.4305 284
5.6242 0000 91.4259 248
5.6646 0000 91.4470 216
5.7037 0000 91.4296 252
5.7430 0000 91.4208 324
5.7821 0000 91.4055 462
5.8212 0000 91.3903 519
5.8615 0000 91.4071 557
5.9014 0000 91.4132 483
5.9411 0000 91.4129 397
5.9808 0000 91.4126 308
6.0199 0000 91.3995 255
6.0595 0000 91.3971 176
6.0993 0000 91.3989 140
6.1411 0000 91.4520 164
6.1820 0000 91.4816 196
6.2217 0000 91.4835 239
6.2605 0000 91.4618 259
6.3000 0000 91.4551 285
6.3393 0000 91.4463 302
6.3791 0000 91.4482 300
6.4194 0000 91.4650 267
6.4615 0000 91.5202 246
6.5015 0000 91.5285 253
6.5421 0000 91.5496 296
6.5828 0000 91.5728 316
6.6229 0000 91.5811 374
6.6628 0000 91.5851 433
6.7025 0000 91.5848 450
6.7423 0000 91.5867 407
6.7820 0000 91.5864 349
6.8219 0000 91.5904 309
6.8617 0000 91.5923 278
6.9013 0000 91.5899 257
6.9410 0000 91.5896 236
6.9819 0000 91.6150 218
7.0219 0000 91.6211 202
7.0616 0000 91.6208 217
7.1014 0000 91.6206 248
7.1411 0000 91.6203 269
7.1811 0000 91.6264 264
7.2210 0000 91.6305 244
7.2607 0000 91.6302 268
7.3004 0000 91.6278 324
7.3409 0000 91.6446 396
7.3816 0000 91.6658 374
7.4216 0000 91.6698 368
7.4614 0000 91.6716 339
7.5011 0000 91.6714 299
7.5411 0000 91.6754 252
7.5811 0000 91.6815 223
7.6213 0000 91.6920 209
7.6631 0000 91.7324 212
7.7038 0000 91.7515 227
7.7454 0000 91.7898 219
7.7870 0000 91.8260 240
7.8285 0000 91.8601 227
7.8692 0000 91.8791 234
7.9090 0000 91.8789 209
7.9488 0000 91.8786 172
7.9877 0000 91.8612 153
8.0276 0000 91.8630 145
8.0687 0000 91.8885 143
8.1091 0000 91.9012 158
8.1500 0000 91.9224 177
8.1907 0000 91.9393 159
8.2305 0000 91.9390 167
8.2702 0000 91.9388 183
8.3099 0000 91.9364 201
8.3498 0000 91.9382 201
8.3896 0000 91.9380 176
8.4297 0000 91.9442 155
8.4702 0000 91.9568 161
8.5107 0000 91.9694 216
8.5498 0000 91.9563 238
8.5897 0000 91.9582 262
8.6293 0000 91.9557 271
8.6695 0000 91.9619 264
8.7103 0000 91.9810 227
8.7488 0000 91.9571 225
8.7881 0000 91.9483 204
8.8276 0000 91.9437 194
8.8674 0000 91.9434 192
8.9074 0000 91.9475 174
8.9473 0000 91.9494 152
8.9870 0000 91.9469 129
9.0253 0000 91.9209 102
9.0632 0000 91.8884 75
9.0988 0000 91.8152 60
9.1361 0000 91.7742 60
9.1758 0000 91.7717 72
9.2160 0000 91.7801 93
9.2563 0000 91.7905 137
9.2991 0000 91.8418 181
9.3396 0000 91.8544 206
9.3811 0000 91.8842 207
9.4222 0000 91.9054 224
9.4621 0000 91.9073 222
9.5025 0000 91.9178 211
9.5455 0000 91.9712 190
9.5873 0000 92.0054 198
9.6272 0000 92.0073 211
9.6669 0000 92.0049 212
9.7066 0000 92.0046 194
9.7452 0000 91.9850 151
9.7851 0000 91.9869 139
9.8248 0000 91.9845 140
9.8643 0000 91.9799 137
9.9044 0000 91.9861 132
9.9465 0000 92.0224 131
9.9864 0000 92.0243 139
10.0256 0000 92.0154 174
10.0649 0000 92.0066 205
10.1049 0000 92.0106 204
10.1455 0000 92.0233 201
10.1855 0000 92.0273 200
10.2263 0000 92.0421 188
10.2674 0000 92.0634 193
10.3076 0000 92.0696 165
10.3478 0000 92.0758 162
10.3890 0000 92.0970 178
10.4277 0000 92.0795 208
10.4687 0000 92.0987 230
10.5091 0000 92.1070 291
10.5502 0000 92.1261 366
10.5900 0000 92.1259 417
10.6280 0000 92.0998 466
10.6677 0000 92.0974 457
10.7076 0000 92.0993 418
10.7471 0000 92.0947 377
10.7866 0000 92.0902 302
10.8260 0000 92.0856 199
10.8655 0000 92.0811 130
10.9053 0000 92.0808 109
10.9454 0000 92.0849 117
10.9854 0000 92.0889 137
11.0249 0000 92.0844 151
11.0644 0000 92.0798 156
11.1040 0000 92.0774 167
11.1437 0000 92.0772 186
11.1838 0000 92.0812 203
11.2239 0000 92.0853 212
11.2649 0000 92.1023 181
11.3059 0000 92.1192 164
11.3458 0000 92.1211 153
11.3834 0000 92.0908 182
11.4230 0000 92.0884 218
11.4648 0000 92.1161 235
11.5053 0000 92.1266 241
11.5460 0000 92.1393 239
11.5864 0000 92.1477 235
11.6264 0000 92.1496 212
11.6677 0000 92.1709 170
11.7094 0000 92.1965 169
11.7498 0000 92.2049 168
11.7913 0000 92.2284 153
11.8294 0000 92.2044 152
11.8671 0000 92.1762 149
11.9051 0000 92.1523 177
11.9442 0000 92.1434 192
11.9838 0000 92.1410 203
12.0237 0000 92.1430 203
12.0637 0000 92.1449 208
12.1034 0000 92.1446 233
12.1432 0000 92.1444 255
12.1829 0000 92.1442 252
12.2242 0000 92.1633 208
12.2645 0000 92.1696 189
12.3064 0000 92.1974 199
12.3486 0000 92.2295 184
12.3891 0000 92.2379 182
12.4290 0000 92.2398 192
12.4688 0000 92.2396 216
12.5084 0000 92.2372 233
12.5406 0000 92.1400 251
12.5763 0000 92.0881 260
12.6119 0000 92.0363 260
12.6508 0000 92.0253 223
12.6924 0000 92.0488 169
12.7404 0000 92.1518 155
12.7863 0000 92.2292 187
12.8274 0000 92.2462 241
12.8675 0000 92.2503 200
12.9075 0000 92.2522 150
12.9474 0000 92.2541 126
12.9867 0000 92.2475 126
13.0266 0000 92.2494 121
13.0658 0000 92.2427 106
13.1051 0000 92.2360 91
13.1448 0000 92.2358 95
13.1848 0000 92.2377 106
13.2247 0000 92.2397 108
13.2678 0000 92.2804 105
13.3087 0000 92.2931 98
13.3497 0000 92.3080 96
13.3914 0000 92.3315 98
13.4316 0000 92.3356 108
13.4720 0000 92.3440 114
13.5158 0000 92.3913 114
13.5561 0000 92.3975 114
13.5961 0000 92.3995 126
13.6328 0000 92.3626 149
13.6711 0000 92.3451 181
13.7084 0000 92.3168 216
13.7478 0000 92.3123 216
13.7881 0000 92.3185 185
13.8314 0000 92.3593 139
13.8764 0000 92.4195 117
13.9171 0000 92.4301 108
13.9552 0000 92.4104 110
13.9946 0000 92.4059 113
14.0338 0000 92.3992 126
14.0731 0000 92.3947 139
14.1133 0000 92.3987 136
14.1540 0000 92.4093 127
14.1943 0000 92.4156 123
14.2341 0000 92.4153 116
14.2759 0000 92.4389 125
14.3157 0000 92.4386 144
14.3560 0000 92.4449 174
14.3981 0000 92.4706 186
14.4384 0000 92.4768 196
14.4782 0000 92.4766 187
14.5178 0000 92.4742 163
14.5575 0000 92.4740 141
14.5969 0000 92.4694 137
14.6363 0000 92.4649 147
14.6740 0000 92.4430 177
14.7111 0000 92.4126 170
14.7498 0000 92.4016 184
14.7893 0000 92.3992 199
14.8293 0000 92.4011 192
14.8698 0000 92.4095 174
14.9141 0000 92.4589 160
14.9554 0000 92.4759 153
14.9966 0000 92.4908 148
15.0399 0000 92.5295 146
15.0798 0000 92.5314 147
15.1200 0000 92.5355 145
15.1601 0000 92.5395 142
15.1997 0000 92.5371 132
15.2390 0000 92.5326 116
15.2767 0000 92.5107 116
15.3177 0000 92.5234 118
15.3572 0000 92.5210 134
15.3974 0000 92.5251 156
15.4353 0000 92.5054 175
15.4750 0000 92.5052 203
15.5164 0000 92.5222 241
15.5563 0000 92.5241 244
15.5983 0000 92.5476 224
15.6391 0000 92.5582 224
15.6802 0000 92.5731 213
15.7250 0000 92.6247 191
15.7664 0000 92.6418 168
15.8093 0000 92.6740 158
15.8515 0000 92.6997 151
15.8913 0000 92.6995 128
15.9308 0000 92.6970 115
15.9706 0000 92.6968 110
16.0097 0000 92.6900 106
16.0452 0000 92.6465 112
16.0872 0000 92.6700 121
16.1270 0000 92.6698 146
16.1661 0000 92.6630 176
16.2052 0000 92.6563 208
16.2434 0000 92.6409 211
16.2833 0000 92.6428 221
16.3241 0000 92.6533 236
16.3641 0000 92.6553 201
16.4044 0000 92.6615 165
16.4450 0000 92.6699 154
16.4873 0000 92.6956 144
16.5299 0000 92.7235 150
16.5705 0000 92.7319 149
16.6109 0000 92.7381 150
16.6508 0000 92.7400 152
16.6908 0000 92.7419 158
16.7307 0000 92.7438 161
16.7707 0000 92.7457 162
16.8106 0000 92.7476 157
16.8501 0000 92.7452 152
16.8896 0000 92.7427 159
16.9291 0000 92.7403 169
16.9677 0000 92.7292 161
17.0065 0000 92.7203 151
17.0444 0000 92.7027 161
17.0841 0000 92.7024 194
17.1261 0000 92.7238 219
17.1662 0000 92.7279 209
17.2062 0000 92.7298 203
17.2461 0000 92.7317 197
17.2860 0000 92.7336 178
17.3262 0000 92.7376 159
17.3661 0000 92.7395 148
17.4056 0000 92.7371 136
17.4437 0000 92.7217 136
17.4820 0000 92.7084 142
17.5217 0000 92.7081 151
17.5625 0000 92.7187 189
17.6031 0000 92.7271 230
17.6426 0000 92.7247 214
17.6818 0000 92.7201 167
17.7215 0000 92.7198 143
17.7609 0000 92.7173 140
17.7987 0000 92.6998 143
17.8386 0000 92.7017 125
17.8802 0000 92.7187 114
17.9196 0000 92.7163 113
17.9574 0000 92.6987 106
18.0015 0000 92.7395 93
18.0419 0000 92.7457 94
18.0797 0000 92.7282 104
18.1193 0000 92.7279 123
18.1580 0000 92.7190 151
18.1953 0000 92.6971 180
18.2376 0000 92.7206 205
18.2780 0000 92.7268 166
18.3205 0000 92.7525 110
18.3640 0000 92.7869 95
18.4075 0000 92.8212 93
18.4501 0000 92.8470 108
18.4905 0000 92.8532 122
18.5309 0000 92.8594 136
18.5733 0000 92.8830 138
18.6107 0000 92.8632 161
18.6502 0000 92.8608 162
18.6903 0000 92.8648 146
18.7305 0000 92.8689 134
18.7702 0000 92.8686 134
18.8101 0000 92.8705 148
18.8517 0000 92.8876 157
18.8909 0000 92.8830 181
18.9303 0000 92.8805 214
18.9702 0000 92.8824 246
19.0101 0000 92.8843 275
19.0500 0000 92.8862 297
19.0904 0000 92.8924 303
19.1326 0000 92.9138 325
19.1730 0000 92.9201 308
19.2124 0000 92.9176 264
19.2488 0000 92.8892 215
19.2872 0000 92.8781 221
19.3261 0000 92.8713 246
19.3632 0000 92.8494 279
19.4026 0000 92.8469 264
19.4419 0000 92.8445 243
19.4788 0000 92.8204 230
19.5181 0000 92.8180 239
19.5567 0000 92.8091 235
19.5935 0000 92.7850 236
19.6334 0000 92.7869 210
19.6746 0000 92.7996 199
19.7170 0000 92.8231 186
19.7595 0000 92.8467 192
19.8001 0000 92.8551 176
19.8431 0000 92.8830 162
19.8861 0000 92.9109 184
19.9268 0000 92.9193 180
19.9670 0000 92.9234 165
20.0092 0000 92.9448 152
20.0494 0000 92.9489 146
20.0864 0000 92.9270 134
20.1218 0000 92.8920 125
20.1577 0000 92.8614 148
20.1962 0000 92.8525 154
20.2355 0000 92.8501 153
20.2759 0000 92.8563 147
20.3179 0000 92.8756 139
20.3575 0000 92.8753 175
20.3974 0000 92.8772 218
20.4394 0000 92.8965 261
20.4795 0000 92.9006 295
20.5197 0000 92.9046 311
20.5563 0000 92.8806 265
20.5935 0000 92.8608 203
20.6320 0000 92.8519 181
20.6740 0000 92.8711 179
20.7138 0000 92.8731 201
20.7542 0000 92.8793 225
20.7974 0000 92.9073 220
20.8400 0000 92.9309 222
20.8801 0000 92.9350 212
20.9194 0000 92.9326 211
20.9587 0000 92.9301 215
20.9986 0000 92.9321 221
21.0390 0000 92.9383 213
21.0797 0000 92.9468 192
21.1196 0000 92.9487 182
21.1592 0000 92.9485 193
21.1985 0000 92.9461 197
21.2344 0000 92.9177 205
21.2726 0000 92.9066 203
21.3121 0000 92.9064 217
21.3523 0000 92.9105 236
21.3924 0000 92.9146 245
21.4325 0000 92.9187 258
21.4718 0000 92.9163 261
21.5088 0000 92.8966 233
21.5543 0000 92.9419 219
21.5950 0000 92.9504 201
21.6348 0000 92.9523 174
21.6775 0000 92.9760 159
21.7177 0000 92.9801 144
21.7575 0000 92.9821 141
21.7974 0000 92.9840 146
21.8366 0000 92.9817 156
21.8756 0000 92.9771 156
21.9152 0000 92.9769 136
21.9553 0000 92.9811 121
21.9983 0000 93.0069 114
22.0391 0000 93.0154 117
22.0786 0000 93.0152 114
22.1211 0000 93.0367 112
22.1606 0000 93.0365 107
22.1999 0000 93.0342 110
22.2409 0000 93.0448 122
22.2822 0000 93.0577 140
22.3268 0000 93.0944 158
22.3663 0000 93.0943 167
22.4068 0000 93.1006 174
22.4469 0000 93.1048 179
22.4871 0000 93.1089 163
22.5272 0000 93.1131 143
22.5671 0000 93.1151 141
22.6069 0000 93.1171 142
22.6471 0000 93.1213 138
22.6902 0000 93.1472 129
22.7333 0000 93.1731 141
22.7738 0000 93.1795 135
22.8145 0000 93.1880 119
22.8538 0000 93.1857 107
22.8924 0000 93.1790 110
22.9314 0000 93.1745 123
22.9712 0000 93.1765 137
23.0105 0000 93.1741 158
23.0497 0000 93.1718 176
23.0899 0000 93.1760 183
23.1330 0000 93.2019 176
23.1753 0000 93.2214 192
23.2161 0000 93.2299 173
23.2565 0000 93.2363 142
23.2896 0000 93.1905 124
23.3280 0000 93.1816 117
23.3666 0000 93.1750 125
23.4055 0000 93.1705 141
23.4422 0000 93.1508 141
23.4854 0000 93.1767 142
23.5256 0000 93.1810 120
23.5660 0000 93.1873 103
23.6133 0000 93.2415 103
23.6540 0000 93.2501 104
23.6973 0000 93.2760 111
23.7405 0000 93.3020 110
23.7813 0000 93.3105 120
23.8211 0000 93.3126 122
23.8591 0000 93.3016 108
23.8905 0000 93.2449 99
23.9294 0000 93.2405 98
23.9689 0000 93.2403 99
24.0087 0000 93.2424 107
24.0486 0000 93.2444 113
24.0918 0000 93.2704 120
24.1361 0000 93.3028 110
24.1734 0000 93.2875 107
24.2170 0000 93.3156 100
24.2572 0000 93.3198 105
24.2998 0000 93.3414 108
24.3403 0000 93.3478 112
24.3808 0000 93.3542 116
24.4159 0000 93.3237 113
24.4538 0000 93.3127 119
24.4933 0000 93.3126 127
24.5331 0000 93.3146 135
24.5723 0000 93.3123 131
24.6121 0000 93.3144 124
24.6523 0000 93.3186 128
24.6921 0000 93.3206 131
24.7316 0000 93.3205 128
24.7711 0000 93.3204 126
24.8100 0000 93.3159 129
24.8488 0000 93.3115 130
24.8873 0000 93.3049 132
24.9207 0000 93.2635 142
24.9605 0000 93.2656 160
25.0058 0000 93.3045 179
25.0460 0000 93.3087 197
25.0861 0000 93.3130 206
25.1260 0000 93.3150 205
25.1658 0000 93.3171 199
25.2053 0000 93.3169 191
25.2451 0000 93.3190 177
25.2918 0000 93.3666 166
25.3342 0000 93.3860 158
25.3823 0000 93.4423 157
