wt=151104881, DLLFiFo=0
-25.5097 0000 91.5214 86
-25.4710 0000 91.5250 73
-25.4336 0000 91.5370 81
-25.3952 0000 91.5428 105
-25.3584 0000 91.5591 126
-25.3194 0000 91.5606 145
-25.2788 0000 91.5515 137
-25.2343 0000 91.5148 122
-25.1941 0000 91.5078 112
-25.1588 0000 91.5347 104
-25.1189 0000 91.5298 114
-25.0762 0000 91.5058 126
-25.0336 0000 91.4819 154
-24.9913 0000 91.4600 128
-24.9547 0000 91.4785 100
-24.9242 0000 91.5394 76
-24.8924 0000 91.5918 99
-24.8528 0000 91.5891 127
-24.8198 0000 91.6330 133
-24.7865 0000 91.6749 133
-24.7483 0000 91.6828 124
-24.7060 0000 91.6609 143
-24.6658 0000 91.6539 167
-24.6249 0000 91.6427 184
-24.5844 0000 91.6335 195
-24.5415 0000 91.6074 188
-24.5007 0000 91.5962 179
-24.4599 0000 91.5849 182
-24.4214 0000 91.5907 167
-24.3827 0000 91.5943 136
-24.3472 0000 91.6213 129
-24.3108 0000 91.6420 116
-24.2723 0000 91.6478 114
-24.2386 0000 91.6876 114
-24.2010 0000 91.6997 126
-24.1616 0000 91.6991 148
-24.1223 0000 91.6985 166
-24.0832 0000 91.7001 172
-24.0473 0000 91.7250 153
-24.0091 0000 91.7329 138
-23.9718 0000 91.7472 133
-23.9301 0000 91.7296 139
-23.8901 0000 91.7248 134
-23.8478 0000 91.7029 125
-23.8079 0000 91.6981 132
-23.7682 0000 91.6954 125
-23.7291 0000 91.6969 108
-23.6906 0000 91.7027 86
-23.6533 0000 91.7171 76
-23.6122 0000 91.7037 75
-23.5659 0000 91.6521 94
-23.5240 0000 91.6324 138
-23.4829 0000 91.6191 132
-23.4432 0000 91.6164 121
-23.4030 0000 91.6095 99
-23.3682 0000 91.6429 81
-23.3347 0000 91.6871 78
-23.2990 0000 91.7142 104
-23.2619 0000 91.7307 169
-23.2199 0000 91.7110 181
-23.1797 0000 91.7041 163
-23.1419 0000 91.7164 138
-23.1031 0000 91.7201 109
-23.0642 0000 91.7238 93
-23.0296 0000 91.7596 84
-22.9949 0000 91.7953 88
-22.9563 0000 91.8012 83
-22.9163 0000 91.7964 100
-22.8760 0000 91.7895 137
-22.8363 0000 91.7869 170
-22.7971 0000 91.7885 182
-22.7605 0000 91.8094 162
-22.7227 0000 91.8217 172
-22.6843 0000 91.8298 167
-22.6465 0000 91.8421 160
-22.6076 0000 91.8459 134
-22.5508 0000 91.7111 108
-22.5100 0000 91.7000 132
-22.4649 0000 91.6548 149
-22.4230 0000 91.6351 153
-22.3814 0000 91.6177 142
-22.3547 0000 91.7173 121
-22.3342 0000 91.8662 148
-22.2947 0000 91.8658 153
-22.2536 0000 91.8525 172
-22.2101 0000 91.8201 182
-22.1692 0000 91.8090 187
-22.1303 0000 91.8128 172
-22.0943 0000 91.8401 144
-22.0583 0000 91.8675 144
-22.0196 0000 91.8734 139
-21.9801 0000 91.8730 143
-21.9408 0000 91.8747 152
-21.9013 0000 91.8743 145
-21.8597 0000 91.8568 127
-21.8194 0000 91.8500 98
-21.7804 0000 91.8539 90
-21.7417 0000 91.8599 100
-21.7022 0000 91.8595 104
-21.6635 0000 91.8655 104
-21.6245 0000 91.8693 111
-21.5847 0000 91.8668 132
-21.5449 0000 91.8643 158
-21.5043 0000 91.8553 174
-21.4640 0000 91.8485 173
-21.4245 0000 91.8481 151
-21.3847 0000 91.8456 135
-21.3444 0000 91.8388 154
-21.3044 0000 91.8341 150
-21.2654 0000 91.8380 156
-21.2271 0000 91.8483 163
-21.1892 0000 91.8607 199
-21.1473 0000 91.8411 203
-21.1068 0000 91.8322 215
-21.0672 0000 91.8318 225
-21.0277 0000 91.8314 227
-20.9884 0000 91.8331 227
-20.9479 0000 91.8242 234
-20.9086 0000 91.8260 181
-20.8714 0000 91.8448 169
-20.8321 0000 91.8466 196
-20.7940 0000 91.8590 221
-20.7555 0000 91.8672 255
-20.7162 0000 91.8689 243
-20.6759 0000 91.8621 194
-20.6361 0000 91.8596 159
-20.5966 0000 91.8592 168
-20.5540 0000 91.8332 201
-20.5130 0000 91.8200 216
-20.4725 0000 91.8110 185
-20.4334 0000 91.8149 141
-20.3996 0000 91.8637 117
-20.3618 0000 91.8783 116
-20.3244 0000 91.8971 136
-20.2851 0000 91.8989 136
-20.2453 0000 91.8964 131
-20.2048 0000 91.8874 132
-20.1628 0000 91.8656 130
-20.1215 0000 91.8503 141
-20.0819 0000 91.8499 141
-20.0429 0000 91.8538 158
-20.0050 0000 91.8683 155
-19.9664 0000 91.8765 163
-19.9298 0000 91.9017 208
-19.8921 0000 91.9185 208
-19.8516 0000 91.9095 222
-19.8128 0000 91.9155 175
-19.7729 0000 91.9130 159
-19.7319 0000 91.8997 167
-19.6926 0000 91.9015 168
-19.6542 0000 91.9118 183
-19.6146 0000 91.9114 223
-19.5755 0000 91.9152 230
-19.5364 0000 91.9191 222
-19.4976 0000 91.9251 193
-19.4587 0000 91.9311 140
-19.4217 0000 91.9543 119
-19.3828 0000 91.9603 97
-19.3477 0000 92.0005 80
-19.3126 0000 92.0408 90
-19.2741 0000 92.0511 96
-19.2343 0000 92.0486 127
-19.1958 0000 92.0589 162
-19.1565 0000 92.0606 197
-19.1175 0000 92.0666 221
-19.0793 0000 92.0791 250
-19.0408 0000 92.0894 256
-19.0028 0000 92.1040 280
-18.9634 0000 92.1057 273
-18.9233 0000 92.1010 224
-18.8839 0000 92.1027 171
-18.8473 0000 92.1302 133
-18.8088 0000 92.1405 115
-18.7691 0000 92.1401 105
-18.7313 0000 92.1568 98
-18.6937 0000 92.1757 109
-18.6518 0000 92.1539 137
-18.6119 0000 92.1513 155
-18.5704 0000 92.1337 135
-18.5308 0000 92.1333 135
-18.4911 0000 92.1329 175
-18.4515 0000 92.1325 229
-18.4118 0000 92.1321 241
-18.3720 0000 92.1295 195
-18.3327 0000 92.1334 135
-18.2962 0000 92.1630 136
-18.2568 0000 92.1647 165
-18.2182 0000 92.1750 163
-18.1783 0000 92.1725 159
-18.1382 0000 92.1678 157
-18.0970 0000 92.1523 152
-18.0593 0000 92.1712 106
-18.0201 0000 92.1751 95
-17.9784 0000 92.1554 108
-17.9390 0000 92.1571 111
-17.8989 0000 92.1524 103
-17.8607 0000 92.1670 98
-17.8215 0000 92.1709 100
-17.7829 0000 92.1812 108
-17.7438 0000 92.1872 143
-17.7046 0000 92.1911 178
-17.6649 0000 92.1907 203
-17.6252 0000 92.1903 203
-17.5861 0000 92.1963 188
-17.5475 0000 92.2066 193
-17.5097 0000 92.2256 183
-17.4700 0000 92.2252 166
-17.4288 0000 92.2097 165
-17.3870 0000 92.1878 196
-17.3473 0000 92.1874 180
-17.3072 0000 92.1827 143
-17.2669 0000 92.1759 128
-17.2276 0000 92.1797 151
-17.1881 0000 92.1815 169
-17.1488 0000 92.1854 153
-17.1135 0000 92.2301 130
-17.0750 0000 92.2426 130
-17.0359 0000 92.2486 148
-16.9964 0000 92.2504 154
-16.9562 0000 92.2457 151
-16.9155 0000 92.2345 140
-16.8749 0000 92.2255 124
-16.8354 0000 92.2273 111
-16.7965 0000 92.2355 110
-16.7574 0000 92.2415 112
-16.7182 0000 92.2475 107
-16.6807 0000 92.2708 101
-16.6394 0000 92.2532 94
-16.5978 0000 92.2334 89
-16.5617 0000 92.2717 97
-16.5227 0000 92.2799 103
-16.4854 0000 92.3054 103
-16.4466 0000 92.3157 119
-16.4071 0000 92.3175 134
-16.3661 0000 92.3042 139
-16.3232 0000 92.2694 168
-16.2810 0000 92.2431 152
-16.2395 0000 92.2234 145
-16.1996 0000 92.2208 129
-16.1604 0000 92.2269 117
-16.1220 0000 92.2416 106
-16.0818 0000 92.2369 77
-16.0446 0000 92.2644 67
-16.0068 0000 92.2855 78
-15.9703 0000 92.3217 94
-15.9311 0000 92.3278 130
-15.8930 0000 92.3468 174
-15.8538 0000 92.3528 172
-15.8161 0000 92.3761 141
-15.7775 0000 92.3887 125
-15.7419 0000 92.4357 108
-15.7018 0000 92.4331 106
-15.6609 0000 92.4198 126
-15.6205 0000 92.4130 143
-15.5777 0000 92.3781 158
-15.5365 0000 92.3626 215
-15.4952 0000 92.3450 300
-15.4561 0000 92.3532 290
-15.4169 0000 92.3593 340
-15.3774 0000 92.3632 383
-15.3378 0000 92.3649 377
-15.2976 0000 92.3602 331
-15.2574 0000 92.3555 263
-15.2181 0000 92.3616 196
-15.1794 0000 92.3741 156
-15.1412 0000 92.3931 173
-15.1008 0000 92.3863 179
-15.0585 0000 92.3557 172
-15.0181 0000 92.3489 187
-14.9788 0000 92.3549 164
-14.9399 0000 92.3653 116
-14.9002 0000 92.3671 87
-14.8630 0000 92.3990 83
-14.8241 0000 92.4094 88
-14.7869 0000 92.4413 106
-14.7469 0000 92.4388 115
-14.7058 0000 92.4233 119
-14.6675 0000 92.4423 137
-14.6297 0000 92.4678 116
-14.5907 0000 92.4782 129
-14.5505 0000 92.4735 141
-14.5104 0000 92.4709 138
-14.4716 0000 92.4835 133
-14.4340 0000 92.5112 116
-14.3955 0000 92.5281 120
-14.3561 0000 92.5341 136
-14.3164 0000 92.5359 194
-14.2761 0000 92.5312 237
-14.2359 0000 92.5265 215
-14.1961 0000 92.5282 190
-14.1574 0000 92.5430 170
-14.1177 0000 92.5447 156
-14.0776 0000 92.5422 138
-14.0331 0000 92.4835 144
-13.9917 0000 92.4636 173
-13.9491 0000 92.4287 188
-13.9090 0000 92.4262 176
-13.8703 0000 92.4409 135
-13.8366 0000 92.5204 131
-13.7999 0000 92.5610 176
-13.7624 0000 92.5930 286
-13.7240 0000 92.6121 301
-13.6842 0000 92.6139 290
-13.6444 0000 92.6156 241
-13.6048 0000 92.6196 185
-13.5654 0000 92.6257 144
-13.5254 0000 92.6253 118
-13.4835 0000 92.5989 113
-13.4424 0000 92.5834 105
-13.3991 0000 92.5376 98
-13.3592 0000 92.5372 99
-13.3194 0000 92.5390 118
-13.2804 0000 92.5515 127
-13.2407 0000 92.5533 137
-13.2012 0000 92.5594 147
-13.1616 0000 92.5633 154
-13.1218 0000 92.5651 142
-13.0817 0000 92.5625 122
-13.0422 0000 92.5686 110
-13.0070 0000 92.6331 110
-12.9710 0000 92.6868 125
-12.9316 0000 92.6951 141
-12.8930 0000 92.7142 150
-12.8517 0000 92.6943 122
-12.8111 0000 92.6852 115
-12.7679 0000 92.6394 156
-12.7259 0000 92.6108 224
-12.6853 0000 92.6018 278
-12.6437 0000 92.5776 271
-12.6036 0000 92.5750 251
-12.5646 0000 92.5876 205
-12.5266 0000 92.6153 194
-12.4877 0000 92.6301 185
-12.4479 0000 92.6318 170
-12.4086 0000 92.6423 164
-12.3675 0000 92.6245 139
-12.3287 0000 92.6415 142
-12.2876 0000 92.6237 127
-12.2476 0000 92.6233 141
-12.2090 0000 92.6424 159
-12.1705 0000 92.6637 201
-12.1308 0000 92.6676 218
-12.0917 0000 92.6802 223
-12.0524 0000 92.6906 216
-12.0123 0000 92.6880 194
-11.9716 0000 92.6768 170
-11.9315 0000 92.6743 160
-11.8918 0000 92.6782 165
-11.8521 0000 92.6821 156
-11.8123 0000 92.6839 129
-11.7726 0000 92.6878 109
-11.7325 0000 92.6852 96
-11.6904 0000 92.6524 95
-11.6480 0000 92.6152 98
-11.6078 0000 92.6105 119
-11.5681 0000 92.6144 125
-11.5287 0000 92.6226 118
-11.4904 0000 92.6482 126
-11.4506 0000 92.6500 126
-11.4120 0000 92.6712 121
-11.3725 0000 92.6795 130
-11.3331 0000 92.6877 131
-11.2935 0000 92.6938 127
-11.2563 0000 92.7367 132
-11.2176 0000 92.7580 139
-11.1802 0000 92.7988 143
-11.1402 0000 92.7984 143
-11.1000 0000 92.7958 139
-11.0598 0000 92.7911 151
-11.0186 0000 92.7712 181
-10.9782 0000 92.7643 179
-10.9379 0000 92.7595 173
-10.8980 0000 92.7613 171
-10.8588 0000 92.7739 238
-10.8191 0000 92.7778 392
-10.7789 0000 92.7753 539
-10.7388 0000 92.7727 635
-10.6988 0000 92.7723 677
-10.6589 0000 92.7741 625
-10.6194 0000 92.7823 436
-10.5797 0000 92.7863 308
-10.5399 0000 92.7902 199
-10.5003 0000 92.7963 136
-10.4608 0000 92.8046 123
-10.4212 0000 92.8107 138
-10.3810 0000 92.8081 173
-10.3406 0000 92.8012 192
-10.3004 0000 92.7965 185
-10.2606 0000 92.8004 177
-10.2210 0000 92.8065 175
-10.1813 0000 92.8127 177
-10.1418 0000 92.8209 167
-10.1018 0000 92.8205 142
-10.0627 0000 92.8375 137
-10.0230 0000 92.8436 144
-9.9841 0000 92.8627 132
-9.9430 0000 92.8428 133
-9.9040 0000 92.8619 128
-9.8643 0000 92.8680 150
-9.8244 0000 92.8698 165
-9.7844 0000 92.8694 162
-9.7458 0000 92.8951 150
-9.7057 0000 92.8947 150
-9.6653 0000 92.8878 143
-9.6240 0000 92.8635 140
-9.5840 0000 92.8631 132
-9.5443 0000 92.8692 125
-9.5045 0000 92.8732 121
-9.4657 0000 92.8967 131
-9.4270 0000 92.9223 196
-9.3876 0000 92.9350 247
-9.3481 0000 92.9454 239
-9.3080 0000 92.9429 197
-9.2686 0000 92.9555 149
-9.2297 0000 92.9790 129
-9.1901 0000 92.9873 107
-9.1496 0000 92.9783 125
-9.1096 0000 92.9800 149
-9.0696 0000 92.9797 158
-9.0298 0000 92.9858 176
-8.9905 0000 93.0006 197
-8.9512 0000 93.0155 278
-8.9111 0000 93.0151 304
-8.8711 0000 93.0169 266
-8.8323 0000 93.0426 189
-8.7938 0000 93.0748 139
-8.7528 0000 93.0549 117
-8.7130 0000 93.0610 99
-8.6735 0000 93.0737 101
-8.6334 0000 93.0733 118
-8.5929 0000 93.0642 133
-8.5527 0000 93.0617 140
-8.5127 0000 93.0635 137
-8.4728 0000 93.0675 121
-8.4328 0000 93.0693 110
-8.3926 0000 93.0667 117
-8.3526 0000 93.0663 117
-8.3123 0000 93.0616 102
-8.2729 0000 93.0786 99
-8.2341 0000 93.1066 95
-8.1943 0000 93.1127 104
-8.1555 0000 93.1428 103
-8.1158 0000 93.1512 102
-8.0758 0000 93.1530 97
-8.0347 0000 93.1308 100
-7.9947 0000 93.1326 119
-7.9546 0000 93.1323 141
-7.9149 0000 93.1428 150
-7.8748 0000 93.1424 136
-7.8340 0000 93.1268 115
-7.7948 0000 93.1482 114
-7.7550 0000 93.1544 123
-7.7146 0000 93.1475 192
-7.6738 0000 93.1297 261
-7.6335 0000 93.1250 293
-7.5933 0000 93.1225 285
-7.5530 0000 93.1178 277
-7.5127 0000 93.1130 269
-7.4726 0000 93.1127 257
-7.4329 0000 93.1232 229
-7.3942 0000 93.1599 222
-7.3553 0000 93.1900 194
-7.3157 0000 93.2049 185
-7.2767 0000 93.2329 176
-7.2370 0000 93.2434 152
-7.1968 0000 93.2431 143
-7.1564 0000 93.2362 150
-7.1162 0000 93.2337 160
-7.0761 0000 93.2333 155
-7.0359 0000 93.2329 135
-6.9957 0000 93.2304 118
-6.9557 0000 93.2344 102
-6.9164 0000 93.2581 95
-6.8754 0000 93.2337 85
-6.8339 0000 93.1963 93
-6.7935 0000 93.1872 148
-6.7536 0000 93.1934 248
-6.7137 0000 93.2018 330
-6.6735 0000 93.1993 322
-6.6332 0000 93.1924 236
-6.5930 0000 93.1920 162
-6.5539 0000 93.2222 146
-6.5139 0000 93.2262 152
-6.4746 0000 93.2499 207
-6.4349 0000 93.2626 291
-6.3951 0000 93.2732 290
-6.3551 0000 93.2772 237
-6.3147 0000 93.2703 197
-6.2742 0000 93.2612 181
-6.2342 0000 93.2631 174
-6.1941 0000 93.2671 178
-6.1540 0000 93.2689 186
-6.1137 0000 93.2621 169
-6.0732 0000 93.2508 158
-6.0331 0000 93.2527 166
-5.9931 0000 93.2589 169
-5.9529 0000 93.2563 182
-5.9128 0000 93.2582 204
-5.8728 0000 93.2622 221
-5.8330 0000 93.2750 225
-5.7928 0000 93.2724 238
-5.7535 0000 93.3005 251
-5.7137 0000 93.3154 247
-5.6737 0000 93.3216 229
-5.6343 0000 93.3475 181
-5.5948 0000 93.3690 165
-5.5540 0000 93.3468 147
-5.5137 0000 93.3421 130
-5.4736 0000 93.3461 134
-5.4341 0000 93.3698 146
-5.3939 0000 93.3695 174
-5.3536 0000 93.3670 186
-5.3134 0000 93.3645 171
-5.2733 0000 93.3663 171
-5.2330 0000 93.3616 200
-5.1921 0000 93.3373 242
-5.1514 0000 93.3151 219
-5.1111 0000 93.3082 206
-5.0707 0000 93.3013 198
-5.0304 0000 93.2966 213
-4.9902 0000 93.2941 223
-4.9501 0000 93.2981 195
-4.9100 0000 93.3000 159
-4.8698 0000 93.2997 140
-4.8298 0000 93.3059 121
-4.7898 0000 93.3121 97
-4.7500 0000 93.3292 97
-4.7100 0000 93.3333 103
-4.6703 0000 93.3548 118
-4.6308 0000 93.3850 135
-4.5908 0000 93.3934 143
-4.5506 0000 93.3953 138
-4.5104 0000 93.3928 149
-4.4704 0000 93.4034 160
-4.4307 0000 93.4249 120
-4.3909 0000 93.4443 110
-4.3513 0000 93.4724 137
-4.3111 0000 93.4698 152
-4.2704 0000 93.4498 130
-4.2302 0000 93.4473 119
-4.1899 0000 93.4448 116
-4.1498 0000 93.4467 110
-4.1095 0000 93.4463 105
-4.0694 0000 93.4504 113
-4.0293 0000 93.4544 120
-3.9894 0000 93.4716 120
-3.9492 0000 93.4691 111
-3.9085 0000 93.4447 108
-3.8680 0000 93.4312 127
-3.8275 0000 93.4112 169
-3.7872 0000 93.4087 185
-3.7470 0000 93.4084 180
-3.7073 0000 93.4343 159
-3.6674 0000 93.4515 157
-3.6277 0000 93.4862 156
-3.5872 0000 93.4683 171
-3.5466 0000 93.4461 154
-3.5063 0000 93.4392 144
-3.4661 0000 93.4389 128
-3.4260 0000 93.4473 113
-3.3863 0000 93.4754 115
-3.3461 0000 93.4773 131
-3.3059 0000 93.4792 165
-3.2657 0000 93.4832 174
-3.2255 0000 93.4851 157
-3.1854 0000 93.4869 149
-3.1455 0000 93.5129 154
-3.1055 0000 93.5257 193
-3.0654 0000 93.5363 232
-3.0252 0000 93.5404 215
-2.9853 0000 93.5663 183
-2.9452 0000 93.5748 165
-2.9050 0000 93.5766 135
-2.8644 0000 93.5544 133
-2.8241 0000 93.5453 144
-2.7838 0000 93.5450 155
-2.7438 0000 93.5600 158
-2.7036 0000 93.5597 193
-2.6631 0000 93.5396 226
-2.6225 0000 93.5043 233
-2.5821 0000 93.4952 289
-2.5420 0000 93.5036 271
-2.5019 0000 93.5186 219
-2.4621 0000 93.5555 193
-2.4219 0000 93.5640 175
-2.3817 0000 93.5702 162
-2.3416 0000 93.5764 158
-2.3014 0000 93.5805 160
-2.2611 0000 93.5824 142
-2.2210 0000 93.5952 139
-2.1806 0000 93.5795 138
-2.1404 0000 93.5814 136
-2.1003 0000 93.6008 133
-2.0602 0000 93.6224 128
-2.0200 0000 93.6286 146
-1.9798 0000 93.6327 152
-1.9395 0000 93.6324 133
-1.8992 0000 93.6276 114
-1.8590 0000 93.6317 126
-1.8189 0000 93.6467 166
-1.7787 0000 93.6705 227
-1.7386 0000 93.6855 226
-1.6983 0000 93.6830 213
-1.6580 0000 93.6717 194
-1.6177 0000 93.6714 157
-1.5772 0000 93.6338 143
-1.5369 0000 93.6181 207
-1.4967 0000 93.6222 287
-1.4564 0000 93.6240 268
-1.4162 0000 93.6281 194
-1.3759 0000 93.6300 165
-1.3357 0000 93.6274 164
-1.2954 0000 93.6315 183
-1.2552 0000 93.6377 250
-1.2149 0000 93.6374 344
-1.1747 0000 93.6393 418
-1.1344 0000 93.6433 470
-1.0942 0000 93.6342 470
-1.0539 0000 93.6164 380
-1.0136 0000 93.6073 272
-0.9733 0000 93.5785 208
-0.9330 0000 93.5759 181
-0.8928 0000 93.5953 163
-0.8526 0000 93.6169 186
-0.8124 0000 93.6253 193
-0.7721 0000 93.6338 174
-0.7319 0000 93.6378 152
-0.6916 0000 93.6375 159
-0.6513 0000 93.6350 191
-0.6111 0000 93.6544 212
-0.5708 0000 93.6716 251
-0.5305 0000 93.7239 278
-0.4902 0000 93.7411 264
-0.4499 0000 93.7671 242
-0.4096 0000 93.7646 212
-0.3693 0000 93.7665 203
-0.3290 0000 93.7727 177
-0.2887 0000 93.7746 149
-0.2485 0000 93.7633 135
-0.2082 0000 93.7585 120
-0.1679 0000 93.7626 130
-0.1276 0000 93.7688 160
-0.0873 0000 93.7685 168
-0.0471 0000 93.7638 157
-0.0068 0000 93.7656 141
0.0335 0000 93.7741 124
0.0739 0000 93.7979 125
0.1142 0000 93.7998 123
0.1546 0000 93.8192 125
0.1949 0000 93.8189 146
0.2352 0000 93.8251 153
0.2756 0000 93.8380 151
0.3159 0000 93.8420 140
0.3561 0000 93.8329 122
0.3964 0000 93.8216 115
0.4366 0000 93.8168 127
0.4769 0000 93.8187 140
0.5172 0000 93.8140 148
0.5575 0000 93.8158 179
0.5978 0000 93.8199 213
0.6381 0000 93.8195 234
0.6784 0000 93.8214 259
0.7187 0000 93.8211 273
0.7589 0000 93.8163 263
0.7992 0000 93.8182 264
0.8395 0000 93.8223 292
0.8798 0000 93.8219 307
0.9201 0000 93.8172 276
0.9604 0000 93.8212 241
1.0007 0000 93.8275 241
1.0412 0000 93.8469 227
1.0816 0000 93.8532 209
1.1219 0000 93.8528 178
1.1619 0000 93.8305 161
1.2022 0000 93.8280 139
1.2425 0000 93.8277 142
1.2827 0000 93.8207 156
1.3230 0000 93.8248 153
1.3634 0000 93.8332 142
1.4037 0000 93.8373 140
1.4445 0000 93.8787 149
1.4849 0000 93.8915 168
1.5252 0000 93.8912 192
1.5654 0000 93.8821 219
1.6053 0000 93.8532 229
1.6454 0000 93.8397 251
1.6855 0000 93.8217 279
1.7258 0000 93.8236 251
1.7661 0000 93.8233 192
1.8066 0000 93.8405 147
1.8470 0000 93.8512 116
1.8877 0000 93.8816 97
1.9286 0000 93.9208 99
1.9693 0000 93.9491 96
2.0097 0000 93.9509 106
2.0500 0000 93.9528 120
2.0910 0000 93.9965 132
2.1319 0000 94.0357 127
2.1728 0000 94.0662 131
2.2132 0000 94.0725 123
2.2536 0000 94.0744 126
2.2934 0000 94.0476 130
2.3332 0000 94.0143 174
2.3734 0000 94.0073 224
2.4138 0000 94.0092 270
2.4541 0000 94.0111 286
2.4945 0000 94.0151 268
2.5349 0000 94.0214 254
2.5754 0000 94.0299 253
2.6158 0000 94.0339 274
2.6565 0000 94.0512 316
2.6968 0000 94.0531 271
2.7367 0000 94.0307 217
2.7769 0000 94.0216 233
2.8170 0000 94.0146 270
2.8572 0000 94.0077 301
2.8974 0000 94.0008 307
2.9373 0000 93.9806 268
2.9776 0000 93.9781 248
3.0179 0000 93.9800 234
3.0586 0000 93.9972 236
3.0989 0000 93.9969 210
3.1398 0000 94.0252 184
3.1804 0000 94.0381 176
3.2210 0000 94.0510 172
3.2620 0000 94.0771 176
3.3024 0000 94.0811 142
3.3428 0000 94.0830 118
3.3828 0000 94.0717 116
3.4225 0000 94.0427 130
3.4629 0000 94.0446 134
3.5037 0000 94.0641 143
3.5440 0000 94.0637 180
3.5839 0000 94.0458 195
3.6240 0000 94.0366 216
3.6637 0000 94.0121 261
3.7039 0000 94.0074 283
3.7442 0000 94.0070 304
3.7846 0000 94.0089 316
3.8250 0000 94.0108 321
3.8653 0000 94.0104 330
3.9056 0000 94.0101 286
3.9460 0000 94.0142 217
3.9866 0000 94.0249 189
4.0279 0000 94.0598 169
4.0683 0000 94.0617 144
4.1085 0000 94.0591 145
4.1483 0000 94.0390 145
4.1881 0000 94.0188 169
4.2283 0000 94.0163 200
4.2688 0000 94.0204 200
4.3099 0000 94.0465 168
4.3504 0000 94.0528 123
4.3906 0000 94.0503 117
4.4314 0000 94.0654 136
4.4717 0000 94.0650 176
4.5121 0000 94.0669 195
4.5526 0000 94.0710 182
4.5931 0000 94.0751 162
4.6335 0000 94.0792 142
4.6739 0000 94.0810 129
4.7141 0000 94.0763 141
4.7544 0000 94.0760 188
4.7948 0000 94.0757 260
4.8352 0000 94.0775 317
4.8761 0000 94.0949 299
4.9171 0000 94.1144 288
4.9576 0000 94.1207 230
4.9991 0000 94.1556 169
5.0400 0000 94.1730 139
5.0813 0000 94.2013 133
5.1218 0000 94.2032 124
5.1621 0000 94.2029 128
5.2026 0000 94.2048 153
5.2437 0000 94.2266 172
5.2841 0000 94.2262 208
5.3240 0000 94.2149 284
5.3646 0000 94.2190 315
5.4051 0000 94.2231 275
5.4454 0000 94.2228 220
5.4863 0000 94.2357 189
5.5266 0000 94.2354 204
5.5670 0000 94.2351 223
5.6080 0000 94.2524 250
5.6488 0000 94.2631 252
5.6903 0000 94.2937 234
5.7310 0000 94.3023 214
5.7715 0000 94.3064 182
5.8117 0000 94.2994 163
5.8511 0000 94.2748 169
5.8912 0000 94.2679 171
5.9316 0000 94.2676 156
5.9720 0000 94.2673 128
6.0122 0000 94.2625 126
6.0526 0000 94.2644 136
6.0941 0000 94.2928 130
6.1349 0000 94.3036 110
6.1756 0000 94.3099 109
6.2168 0000 94.3317 115
6.2572 0000 94.3314 140
6.2977 0000 94.3355 175
6.3381 0000 94.3352 214
6.3783 0000 94.3305 247
6.4179 0000 94.3103 242
6.4579 0000 94.3011 233
6.4974 0000 94.2809 229
6.5379 0000 94.2850 204
6.5785 0000 94.2892 194
6.6188 0000 94.2888 195
6.6591 0000 94.2863 189
6.6994 0000 94.2838 196
6.7399 0000 94.2879 204
6.7804 0000 94.2898 195
6.8230 0000 94.3426 190
6.8655 0000 94.3909 204
6.9064 0000 94.4017 218
6.9472 0000 94.4102 213
6.9879 0000 94.4188 207
7.0285 0000 94.4229 196
7.0688 0000 94.4204 160
7.1092 0000 94.4201 134
7.1513 0000 94.4574 156
7.1930 0000 94.4859 182
7.2339 0000 94.4967 221
7.2745 0000 94.5008 219
7.3146 0000 94.4939 178
7.3539 0000 94.4714 129
7.3912 0000 94.4048 114
7.4301 0000 94.3735 151
7.4713 0000 94.3909 178
7.5119 0000 94.3950 245
7.5522 0000 94.3947 329
7.5931 0000 94.4055 374
7.6348 0000 94.4318 334
7.6761 0000 94.4514 314
7.7170 0000 94.4622 249
7.7580 0000 94.4752 198
7.7990 0000 94.4859 171
7.8395 0000 94.4879 151
7.8808 0000 94.5075 137
7.9216 0000 94.5139 124
7.9618 0000 94.5113 127
8.0023 0000 94.5133 139
8.0429 0000 94.5174 146
8.0834 0000 94.5193 157
8.1246 0000 94.5346 165
8.1653 0000 94.5409 184
8.2064 0000 94.5539 195
8.2488 0000 94.5913 196
8.2896 0000 94.5999 175
8.3300 0000 94.5996 151
8.3700 0000 94.5905 140
8.4094 0000 94.5724 147
8.4489 0000 94.5544 137
8.4893 0000 94.5542 157
8.5300 0000 94.5605 216
8.5711 0000 94.5735 257
8.6114 0000 94.5710 285
8.6518 0000 94.5708 276
8.6931 0000 94.5882 254
8.7339 0000 94.5946 200
8.7746 0000 94.6009 160
8.8168 0000 94.6317 132
8.8589 0000 94.6625 159
8.8999 0000 94.6733 210
8.9406 0000 94.6775 247
8.9812 0000 94.6816 238
9.0219 0000 94.6858 186
9.0621 0000 94.6811 141
9.1024 0000 94.6786 130
9.1432 0000 94.6849 142
9.1850 0000 94.7091 180
9.2256 0000 94.7132 203
9.2671 0000 94.7307 189
9.3082 0000 94.7416 196
9.3500 0000 94.7657 195
9.3918 0000 94.7877 217
9.4326 0000 94.7940 211
9.4734 0000 94.8004 178
9.5143 0000 94.8068 135
9.5566 0000 94.8377 137
9.5990 0000 94.8708 134
9.6401 0000 94.8816 138
9.6810 0000 94.8880 143
9.7224 0000 94.9033 155
9.7646 0000 94.9320 175
9.8056 0000 94.9406 168
9.8460 0000 94.9381 185
9.8860 0000 94.9312 210
9.9251 0000 94.9086 200
9.9654 0000 94.9062 224
10.0059 0000 94.9059 272
10.0466 0000 94.9101 285
10.0891 0000 94.9410 243
10.1301 0000 94.9496 189
10.1706 0000 94.9493 128
10.2109 0000 94.9468 86
10.2494 0000 94.9154 80
10.2893 0000 94.9063 87
10.3276 0000 94.8726 112
10.3675 0000 94.8635 154
10.4083 0000 94.8699 189
10.4497 0000 94.8830 229
10.4900 0000 94.8805 249
10.5301 0000 94.8758 212
10.5710 0000 94.8822 155
10.6133 0000 94.9108 128
10.6537 0000 94.9084 114
10.6947 0000 94.9170 126
10.7371 0000 94.9457 132
10.7783 0000 94.9565 137
10.8189 0000 94.9585 151
10.8592 0000 94.9560 181
10.8997 0000 94.9557 189
10.9400 0000 94.9533 174
10.9798 0000 94.9441 159
11.0204 0000 94.9461 136
11.0598 0000 94.9302 122
11.0998 0000 94.9233 110
11.1404 0000 94.9253 105
11.1810 0000 94.9272 106
11.2213 0000 94.9247 112
11.2613 0000 94.9178 130
11.3014 0000 94.9131 165
11.3429 0000 94.9284 190
11.3840 0000 94.9370 222
11.4248 0000 94.9412 230
11.4657 0000 94.9476 243
11.5066 0000 94.9541 286
11.5472 0000 94.9560 323
11.5878 0000 94.9580 328
11.6286 0000 94.9622 325
11.6690 0000 94.9619 307
11.7091 0000 94.9572 275
11.7494 0000 94.9547 270
11.7898 0000 94.9545 285
11.8300 0000 94.9497 267
11.8701 0000 94.9450 223
11.9110 0000 94.9514 196
11.9517 0000 94.9556 181
11.9950 0000 94.9932 183
12.0362 0000 95.0041 190
12.0773 0000 95.0127 191
12.1178 0000 95.0125 181
12.1577 0000 95.0055 160
12.1978 0000 95.0008 150
12.2386 0000 95.0050 146
12.2810 0000 95.0314 133
12.3234 0000 95.0579 138
12.3667 0000 95.0955 131
12.4079 0000 95.1041 131
12.4487 0000 95.1083 131
12.4932 0000 95.1616 126
12.5319 0000 95.1390 115
12.5676 0000 95.0763 139
12.6074 0000 95.0671 178
12.6480 0000 95.0691 219
12.6886 0000 95.0711 222
12.7290 0000 95.0708 182
12.7696 0000 95.0728 139
12.8100 0000 95.0725 115
12.8506 0000 95.0744 106
12.8932 0000 95.1009 127
12.9345 0000 95.1118 146
12.9770 0000 95.1382 130
13.0197 0000 95.1669 119
13.0602 0000 95.1667 130
13.1003 0000 95.1619 145
13.1389 0000 95.1394 187
13.1795 0000 95.1413 227
13.2205 0000 95.1477 242
13.2631 0000 95.1742 212
13.3057 0000 95.2007 223
13.3468 0000 95.2093 210
13.3882 0000 95.2202 201
13.4299 0000 95.2356 214
13.4709 0000 95.2420 226
13.5113 0000 95.2417 236
13.5519 0000 95.2436 249
13.5918 0000 95.2367 255
13.6312 0000 95.2230 270
13.6707 0000 95.2116 319
13.7107 0000 95.2068 405
13.7515 0000 95.2110 469
13.7921 0000 95.2130 495
13.8322 0000 95.2082 494
13.8724 0000 95.2057 422
13.9130 0000 95.2077 324
13.9540 0000 95.2141 264
13.9952 0000 95.2227 220
14.0371 0000 95.2403 200
14.0798 0000 95.2668 148
14.1213 0000 95.2799 124
14.1618 0000 95.2796 120
14.2007 0000 95.2615 128
14.2359 0000 95.2010 158
14.2738 0000 95.1717 191
14.3142 0000 95.1714 219
14.3552 0000 95.1778 229
14.3957 0000 95.1798 235
14.4383 0000 95.2040 247
14.4808 0000 95.2283 208
14.5216 0000 95.2325 165
14.5624 0000 95.2366 132
14.6000 0000 95.2051 122
14.6398 0000 95.1982 107
14.6778 0000 95.1711 103
14.7182 0000 95.1709 106
14.7582 0000 95.1661 122
14.7979 0000 95.1592 130
14.8361 0000 95.1344 114
14.8761 0000 95.1296 113
14.9170 0000 95.1360 126
14.9580 0000 95.1424 151
14.9981 0000 95.1399 182
15.0381 0000 95.1352 211
15.0778 0000 95.1282 225
15.1178 0000 95.1235 224
15.1583 0000 95.1254 214
15.1997 0000 95.1363 208
15.2410 0000 95.1471 204
15.2818 0000 95.1513 182
15.3223 0000 95.1533 162
15.3631 0000 95.1574 166
15.4030 0000 95.1527 169
15.4417 0000 95.1346 169
15.4816 0000 95.1299 180
15.5221 0000 95.1318 214
15.5618 0000 95.1248 236
15.6017 0000 95.1201 211
15.6418 0000 95.1176 188
15.6822 0000 95.1173 181
15.7231 0000 95.1237 166
15.7647 0000 95.1368 145
15.8075 0000 95.1632 132
15.8485 0000 95.1696 117
15.8890 0000 95.1716 109
15.9291 0000 95.1691 109
15.9692 0000 95.1666 118
16.0113 0000 95.1841 120
16.0520 0000 95.1883 132
16.0925 0000 95.1902 162
16.1328 0000 95.1899 231
16.1729 0000 95.1874 306
16.2128 0000 95.1827 357
16.2531 0000 95.1824 411
16.2937 0000 95.1843 443
16.3344 0000 95.1885 446
16.3749 0000 95.1904 465
16.4152 0000 95.1902 465
16.4557 0000 95.1921 430
16.4967 0000 95.1985 402
16.5374 0000 95.2027 370
16.5775 0000 95.2001 320
16.6180 0000 95.2021 291
16.6608 0000 95.2263 265
16.7022 0000 95.2372 265
16.7427 0000 95.2391 252
16.7833 0000 95.2410 237
16.8233 0000 95.2385 223
16.8629 0000 95.2316 204
16.9017 0000 95.2157 181
16.9381 0000 95.1775 194
16.9747 0000 95.1416 208
17.0148 0000 95.1391 186
17.0546 0000 95.1343 158
17.0965 0000 95.1496 160
17.1399 0000 95.1805 136
17.1852 0000 95.2292 142
17.2267 0000 95.2401 151
17.2709 0000 95.2777 135
17.3149 0000 95.3131 139
17.3552 0000 95.3128 144
17.3955 0000 95.3125 141
17.4358 0000 95.3122 135
17.4754 0000 95.3052 141
17.5159 0000 95.3072 145
17.5573 0000 95.3180 151
17.5986 0000 95.3267 161
17.6398 0000 95.3353 175
17.6808 0000 95.3417 195
17.7213 0000 95.3436 200
17.7642 0000 95.3679 180
17.8074 0000 95.3944 189
17.8486 0000 95.4030 175
17.8894 0000 95.4072 154
17.9302 0000 95.4114 142
17.9698 0000 95.4044 142
18.0069 0000 95.3750 143
18.0467 0000 95.3703 139
18.0889 0000 95.3878 125
18.1300 0000 95.3942 100
18.1712 0000 95.4029 84
18.2117 0000 95.4048 78
18.2547 0000 95.4291 86
18.2945 0000 95.4243 98
18.3319 0000 95.3972 110
18.3719 0000 95.3947 118
18.4114 0000 95.3877 128
18.4465 0000 95.3405 170
18.4868 0000 95.3402 231
18.5308 0000 95.3734 265
18.5720 0000 95.3820 273
18.6121 0000 95.3795 276
18.6491 0000 95.3502 280
18.6886 0000 95.3432 269
18.7276 0000 95.3317 259
18.7674 0000 95.3270 250
18.8071 0000 95.3222 248
18.8469 0000 95.3175 264
18.8876 0000 95.3216 262
18.9304 0000 95.3437 217
18.9711 0000 95.3478 196
19.0121 0000 95.3542 190
19.0554 0000 95.3807 205
19.0967 0000 95.3894 206
19.1398 0000 95.4136 188
19.1782 0000 95.3977 186
19.2182 0000 95.3952 168
19.2585 0000 95.3949 145
19.2987 0000 95.3946 125
19.3390 0000 95.3943 116
19.3764 0000 95.3695 116
19.4151 0000 95.3558 108
19.4538 0000 95.3421 107
19.4914 0000 95.3195 113
19.5319 0000 95.3214 141
19.5729 0000 95.3278 168
19.6142 0000 95.3365 199
19.6544 0000 95.3362 233
19.6946 0000 95.3359 266
19.7346 0000 95.3334 287
19.7774 0000 95.3554 279
19.8190 0000 95.3663 304
19.8587 0000 95.3615 314
19.8978 0000 95.3523 310
19.9375 0000 95.3476 302
19.9777 0000 95.3473 301
20.0180 0000 95.3470 315
20.0584 0000 95.3490 310
20.0995 0000 95.3554 272
20.1402 0000 95.3595 229
20.1794 0000 95.3503 209
20.2196 0000 95.3501 222
20.2601 0000 95.3520 247
20.3000 0000 95.3495 277
20.3399 0000 95.3470 315
20.3804 0000 95.3490 351
20.4233 0000 95.3710 414
20.4641 0000 95.3752 417
20.5051 0000 95.3816 394
20.5464 0000 95.3903 388
20.5866 0000 95.3900 377
20.6260 0000 95.3830 342
20.6660 0000 95.3805 319
20.7070 0000 95.3870 325
20.7480 0000 95.3934 344
20.7882 0000 95.3931 358
20.8279 0000 95.3884 359
20.8711 0000 95.4127 333
20.9119 0000 95.4169 334
20.9521 0000 95.4166 329
20.9926 0000 95.4186 303
21.0325 0000 95.4161 265
21.0746 0000 95.4314 261
21.1157 0000 95.4379 277
21.1598 0000 95.4689 282
21.2008 0000 95.4753 306
21.2396 0000 95.4639 351
21.2801 0000 95.4658 338
21.3226 0000 95.4835 297
21.3653 0000 95.5033 315
21.4032 0000 95.4852 261
21.4397 0000 95.4559 256
21.4794 0000 95.4511 259
21.5201 0000 95.4553 257
21.5606 0000 95.4573 243
21.6008 0000 95.4571 250
21.6404 0000 95.4523 284
21.6808 0000 95.4543 314
21.7218 0000 95.4607 326
21.7640 0000 95.4761 306
21.8028 0000 95.4647 302
21.8481 0000 95.5046 244
21.8903 0000 95.5200 213
21.9314 0000 95.5265 188
21.9718 0000 95.5284 158
22.0129 0000 95.5349 139
22.0557 0000 95.5547 139
22.0958 0000 95.5545 132
22.1360 0000 95.5542 131
22.1761 0000 95.5540 131
22.2160 0000 95.5515 134
22.2562 0000 95.5512 150
22.2937 0000 95.5309 157
22.3356 0000 95.5440 180
22.3784 0000 95.5639 161
22.4185 0000 95.5636 152
22.4584 0000 95.5611 143
22.4988 0000 95.5631 148
22.5407 0000 95.5762 150
22.5859 0000 95.6140 127
22.6297 0000 95.6405 119
22.6704 0000 95.6448 104
22.7072 0000 95.6199 88
22.7459 0000 95.6085 79
22.7851 0000 95.6015 89
22.8225 0000 95.5812 96
22.8693 0000 95.6301 108
22.9100 0000 95.6343 118
22.9507 0000 95.6385 122
22.9911 0000 95.6405 113
23.0315 0000 95.6425 97
23.0719 0000 95.6445 87
23.1120 0000 95.6442 82
23.1558 0000 95.6708 83
23.1965 0000 95.6750 84
23.2366 0000 95.6748 82
23.2727 0000 95.6455 84
23.3122 0000 95.6408 87
23.3560 0000 95.6673 87
23.3930 0000 95.6447 88
23.4331 0000 95.6445 111
23.4731 0000 95.6442 147
23.5138 0000 95.6485 184
23.5539 0000 95.6482 228
23.5939 0000 95.6480 260
23.6343 0000 95.6500 275
23.6762 0000 95.6631 285
23.7197 0000 95.6875 254
23.7629 0000 95.7096 262
23.8043 0000 95.7183 267
23.8453 0000 95.7248 302
23.8863 0000 95.7312 321
23.9288 0000 95.7489 259
23.9708 0000 95.7621 219
24.0143 0000 95.7864 215
24.0544 0000 95.7862 218
24.0948 0000 95.7882 235
24.1390 0000 95.8170 239
24.1806 0000 95.8280 251
24.2242 0000 95.8524 265
24.2653 0000 95.8589 249
24.3050 0000 95.8564 224
24.3444 0000 95.8517 202
24.3842 0000 95.8492 191
24.4246 0000 95.8512 187
24.4653 0000 95.8554 194
24.5073 0000 95.8686 214
24.5512 0000 95.8953 220
24.5945 0000 95.9174 238
24.6352 0000 95.9217 221
24.6759 0000 95.9259 210
24.7160 0000 95.9257 204
24.7561 0000 95.9255 191
24.7958 0000 95.9230 173
24.8352 0000 95.9183 157
24.8753 0000 95.9180 140
24.9157 0000 95.9200 132
24.9560 0000 95.9220 135
24.9974 0000 95.9308 134
25.0414 0000 95.9575 145
25.0822 0000 95.9617 145
25.1256 0000 95.9839 132
25.1673 0000 95.9949 131
25.2087 0000 96.0036 133
25.2524 0000 96.0281 151
25.2928 0000 96.0301 161
25.3363 0000 96.0523 159
25.3770 0000 96.0566 155
25.4174 0000 96.0586 141
25.4578 0000 96.0606 131
25.4986 0000 96.0649 130
25.5390 0000 96.0669 132
25.5791 0000 96.0666 121
25.6192 0000 96.0664 105
25.6630 0000 96.0909 109
25.7048 0000 96.1019 125
25.7483 0000 96.1241 132
25.7880 0000 96.1217 129
