wt=150874256, DLLFiFo=0
-25.1225 0000 88.8604 172
-25.0844 0000 88.8638 172
-25.0475 0000 88.8755 182
-25.0088 0000 88.8748 167
-24.9673 0000 88.8556 151
-24.9277 0000 88.8487 164
-24.8869 0000 88.8336 198
-24.8476 0000 88.8289 247
-24.8074 0000 88.8179 314
-24.7683 0000 88.8151 312
-24.7302 0000 88.8186 259
-24.6915 0000 88.8179 203
-24.6525 0000 88.8152 144
-24.6138 0000 88.8145 109
-24.5753 0000 88.8159 114
-24.5366 0000 88.8152 155
-24.4979 0000 88.8145 242
-24.4592 0000 88.8138 355
-24.4204 0000 88.8131 448
-24.3808 0000 88.8063 392
-24.3412 0000 88.7995 351
-24.3037 0000 88.8070 259
-24.2696 0000 88.8393 202
-24.2318 0000 88.8448 173
-24.1933 0000 88.8462 149
-24.1572 0000 88.8640 119
-24.1156 0000 88.8428 113
-24.0760 0000 88.8359 108
-24.0306 0000 88.7879 155
-23.9913 0000 88.7832 228
-23.9517 0000 88.7763 240
-23.9127 0000 88.7736 210
-23.8762 0000 88.7894 188
-23.8384 0000 88.7949 150
-23.8002 0000 88.7984 165
-23.7615 0000 88.7977 192
-23.7256 0000 88.8177 162
-23.6891 0000 88.8335 157
-23.6549 0000 88.8658 205
-23.6168 0000 88.8693 270
-23.5791 0000 88.8769 298
-23.5401 0000 88.8742 293
-23.4991 0000 88.8571 248
-23.4623 0000 88.8708 229
-23.4250 0000 88.8805 204
-23.3870 0000 88.8861 198
-23.3488 0000 88.8896 195
-23.3131 0000 88.9116 181
-23.2747 0000 88.9130 176
-23.2356 0000 88.9104 174
-23.1960 0000 88.9036 187
-23.1539 0000 88.8782 227
-23.1140 0000 88.8694 234
-23.0744 0000 88.8626 203
-23.0362 0000 88.8661 175
-22.9988 0000 88.8758 177
-22.9611 0000 88.8834 191
-22.9229 0000 88.8870 205
-22.8871 0000 88.9090 198
-22.8497 0000 88.9188 205
-22.8112 0000 88.9202 212
-22.7716 0000 88.9135 222
-22.7314 0000 88.9026 233
-22.6899 0000 88.8814 239
-22.6508 0000 88.8787 205
-22.6123 0000 88.8802 185
-22.5743 0000 88.8858 179
-22.5364 0000 88.8915 182
-22.4976 0000 88.8909 196
-22.4598 0000 88.8986 240
-22.4210 0000 88.8980 245
-22.3847 0000 88.9160 225
-22.3461 0000 88.9176 241
-22.3076 0000 88.9191 227
-22.2688 0000 88.9185 192
-22.2291 0000 88.9118 175
-22.1895 0000 88.9051 180
-22.1507 0000 88.9046 223
-22.1119 0000 88.9040 273
-22.0747 0000 88.9159 260
-22.0382 0000 88.9339 220
-22.0020 0000 88.9540 185
-21.9614 0000 88.9391 180
-21.9225 0000 88.9385 166
-21.8829 0000 88.9318 155
-21.8404 0000 88.9025 138
-21.8003 0000 88.8917 139
-21.7614 0000 88.8911 147
-21.7250 0000 88.9092 155
-21.6872 0000 88.9170 149
-21.6483 0000 88.9165 169
-21.6087 0000 88.9098 189
-21.5701 0000 88.9114 197
-21.5316 0000 88.9129 216
-21.4909 0000 88.8980 280
-21.4534 0000 88.9078 301
-21.4155 0000 88.9156 331
-21.3780 0000 88.9254 347
-21.3399 0000 88.9312 365
-21.3018 0000 88.9369 367
-21.2635 0000 88.9405 319
-21.2241 0000 88.9359 252
-21.1850 0000 88.9334 258
-21.1466 0000 88.9371 278
-21.1075 0000 88.9345 241
-21.0699 0000 88.9444 220
-21.0316 0000 88.9480 203
-20.9925 0000 88.9455 193
-20.9531 0000 88.9409 175
-20.9147 0000 88.9446 164
-20.8786 0000 88.9669 179
-20.8400 0000 88.9685 249
-20.8009 0000 88.9660 290
-20.7625 0000 88.9696 279
-20.7269 0000 88.9960 266
-20.6875 0000 88.9915 296
-20.6456 0000 88.9662 352
-20.6062 0000 88.9617 391
-20.5654 0000 88.9447 390
-20.5260 0000 88.9402 402
-20.4872 0000 88.9397 373
-20.4485 0000 88.9414 333
-20.4096 0000 88.9409 303
-20.3713 0000 88.9446 291
-20.3333 0000 88.9524 320
-20.2974 0000 88.9768 440
-20.2614 0000 89.0011 500
-20.2240 0000 89.0131 512
-20.1856 0000 89.0168 442
-20.1471 0000 89.0205 386
-20.1099 0000 89.0345 389
-20.0710 0000 89.0341 338
-20.0323 0000 89.0357 287
-19.9966 0000 89.0622 253
-19.9588 0000 89.0721 259
-19.9199 0000 89.0717 250
-19.8808 0000 89.0692 230
-19.8418 0000 89.0688 219
-19.8008 0000 89.0498 233
-19.7607 0000 89.0390 267
-19.7208 0000 89.0303 324
-19.6817 0000 89.0278 359
-19.6437 0000 89.0357 373
-19.6064 0000 89.0497 394
-19.5687 0000 89.0597 395
-19.5316 0000 89.0758 301
-19.4932 0000 89.0795 233
-19.4543 0000 89.0791 188
-19.4144 0000 89.0704 160
-19.3743 0000 89.0597 156
-19.3333 0000 89.0406 167
-19.2941 0000 89.0382 171
-19.2557 0000 89.0419 165
-19.2204 0000 89.0745 166
-19.1838 0000 89.0948 161
-19.1426 0000 89.0737 198
-19.1032 0000 89.0692 206
-19.0624 0000 89.0522 190
-19.0278 0000 89.0911 222
-18.9893 0000 89.0948 263
-18.9509 0000 89.0986 254
-18.9128 0000 89.1064 224
-18.8745 0000 89.1122 193
-18.8394 0000 89.1470 169
-18.8003 0000 89.1445 168
-18.7606 0000 89.1379 177
-18.7212 0000 89.1333 202
-18.6823 0000 89.1329 226
-18.6437 0000 89.1367 230
-18.6057 0000 89.1445 235
-18.5698 0000 89.1731 220
-18.5317 0000 89.1810 204
-18.4921 0000 89.1744 196
-18.4525 0000 89.1677 216
-18.4135 0000 89.1673 232
-18.3725 0000 89.1483 205
-18.3314 0000 89.1272 205
-18.2926 0000 89.1288 207
-18.2554 0000 89.1450 213
-18.2167 0000 89.1466 198
-18.1775 0000 89.1441 183
-18.1374 0000 89.1334 188
-18.1010 0000 89.1578 172
-18.0618 0000 89.1553 164
-18.0220 0000 89.1466 159
-17.9826 0000 89.1421 165
-17.9438 0000 89.1437 184
-17.9050 0000 89.1454 243
-17.8658 0000 89.1429 329
-17.8266 0000 89.1404 384
-17.7876 0000 89.1400 367
-17.7510 0000 89.1623 295
-17.7126 0000 89.1681 309
-17.6715 0000 89.1470 418
-17.6321 0000 89.1424 492
-17.5929 0000 89.1399 513
-17.5539 0000 89.1395 503
-17.5153 0000 89.1432 466
-17.4774 0000 89.1531 398
-17.4422 0000 89.1900 315
-17.4063 0000 89.2207 313
-17.3695 0000 89.2430 321
-17.3324 0000 89.2613 410
-17.2940 0000 89.2671 411
-17.2556 0000 89.2728 388
-17.2176 0000 89.2828 376
-17.1826 0000 89.3239 376
-17.1442 0000 89.3296 398
-17.1050 0000 89.3271 437
-17.0657 0000 89.3246 437
-17.0272 0000 89.3304 390
-16.9892 0000 89.3403 357
-16.9528 0000 89.3669 316
-16.9164 0000 89.3935 346
-16.8759 0000 89.3785 338
-16.8364 0000 89.3739 331
-16.7971 0000 89.3714 314
-16.7586 0000 89.3771 306
-16.7226 0000 89.4079 332
-16.6867 0000 89.4407 315
-16.6488 0000 89.4527 304
-16.6149 0000 89.5063 292
-16.5792 0000 89.5413 317
-16.5408 0000 89.5492 322
-16.5057 0000 89.5904 295
-16.4681 0000 89.6066 243
-16.4319 0000 89.6374 188
-16.3967 0000 89.6786 220
-16.3589 0000 89.6928 286
-16.3200 0000 89.6944 276
-16.2820 0000 89.7065 174
-16.2456 0000 89.7352 121
-16.2011 0000 89.6785 124
-16.1596 0000 89.6530 170
-16.1224 0000 89.6734 182
-16.0890 0000 89.7355 151
-16.0574 0000 89.8165 121
-16.0274 0000 89.9164 127
-15.9884 0000 89.9180 124
-15.9515 0000 89.9427 129
-15.9132 0000 89.9527 148
-15.8738 0000 89.9502 148
-15.8338 0000 89.9413 166
-15.7926 0000 89.9200 194
-15.7525 0000 89.9091 159
-15.7127 0000 89.9023 127
-15.6730 0000 89.8977 120
-15.6338 0000 89.8973 117
-15.5950 0000 89.9010 109
-15.5563 0000 89.9068 112
-15.5172 0000 89.9085 119
-15.4780 0000 89.9080 100
-15.4399 0000 89.9201 78
-15.3988 0000 89.8987 84
-15.3595 0000 89.8983 102
-15.3219 0000 89.9167 85
-15.2858 0000 89.9518 71
-15.2510 0000 90.0016 86
-15.2121 0000 90.0054 101
-15.1753 0000 90.0342 90
-15.1344 0000 90.0149 80
-15.0953 0000 90.0166 66
-15.0544 0000 89.9973 62
-15.0173 0000 90.0220 65
-14.9778 0000 90.0194 66
-14.9380 0000 90.0127 67
-14.8962 0000 89.9829 67
-14.8539 0000 89.9469 77
-14.8120 0000 89.9150 116
-14.7724 0000 89.9104 173
-14.7335 0000 89.9142 188
-14.6942 0000 89.9137 166
-14.6535 0000 89.8965 149
-14.6142 0000 89.8961 112
-14.5769 0000 89.9187 103
-14.5390 0000 89.9350 93
-14.4999 0000 89.9366 89
-14.4612 0000 89.9425 90
-14.4224 0000 89.9483 117
-14.3831 0000 89.9479 157
-14.3440 0000 89.9495 202
-14.3052 0000 89.9554 248
-14.2649 0000 89.9424 334
-14.2251 0000 89.9357 298
-14.1845 0000 89.9185 214
-14.1447 0000 89.9118 170
-14.1052 0000 89.9092 112
-14.0643 0000 89.8879 71
-14.0270 0000 89.9126 54
-13.9902 0000 89.9435 58
-13.9531 0000 89.9704 73
-13.9140 0000 89.9720 102
-13.8748 0000 89.9737 124
-13.8369 0000 89.9900 105
-13.7946 0000 89.9519 96
-13.7546 0000 89.9431 96
-13.7150 0000 89.9385 89
-13.6760 0000 89.9422 105
-13.6372 0000 89.9481 147
-13.5982 0000 89.9518 177
-13.5591 0000 89.9535 185
-13.5198 0000 89.9531 169
-13.4798 0000 89.9443 159
-13.4397 0000 89.9334 154
-13.3990 0000 89.9141 118
-13.3608 0000 89.9284 122
-13.3218 0000 89.9321 121
-13.2822 0000 89.9275 107
-13.2413 0000 89.9062 97
-13.2029 0000 89.9183 131
-13.1625 0000 89.9032 169
-13.1218 0000 89.8840 123
-13.0811 0000 89.8647 92
-13.0406 0000 89.8475 88
-12.9997 0000 89.8262 98
-12.9631 0000 89.8614 88
-12.9259 0000 89.8903 116
-12.8880 0000 89.9087 126
-12.8470 0000 89.8853 126
-12.8063 0000 89.8660 160
-12.7667 0000 89.8614 289
-12.7282 0000 89.8715 339
-12.6892 0000 89.8752 291
-12.6501 0000 89.8790 198
-12.6113 0000 89.8849 143
-12.5715 0000 89.8782 117
-12.5301 0000 89.8485 117
-12.4902 0000 89.8397 104
-12.4495 0000 89.8184 91
-12.4084 0000 89.7929 82
-12.3691 0000 89.7925 91
-12.3314 0000 89.8151 89
-12.2912 0000 89.8021 103
-12.2512 0000 89.7913 148
-12.2118 0000 89.7888 218
-12.1728 0000 89.7926 221
-12.1335 0000 89.7922 166
-12.0938 0000 89.7855 133
-12.0546 0000 89.7872 154
-12.0154 0000 89.7889 218
-11.9761 0000 89.7885 246
-11.9366 0000 89.7839 200
-11.8968 0000 89.7773 168
-11.8575 0000 89.7769 168
-11.8185 0000 89.7807 156
-11.7806 0000 89.8012 120
-11.7419 0000 89.8092 101
-11.7030 0000 89.8151 91
-11.6653 0000 89.8398 100
-11.6261 0000 89.8415 107
-11.5869 0000 89.8432 113
-11.5483 0000 89.8533 113
-11.5111 0000 89.8864 111
-11.4732 0000 89.9070 134
-11.4340 0000 89.9087 125
-11.3944 0000 89.9041 106
-11.3549 0000 89.9016 94
-11.3160 0000 89.9076 92
-11.2769 0000 89.9114 96
-11.2375 0000 89.9110 81
-11.1995 0000 89.9316 62
-11.1604 0000 89.9354 53
-11.1214 0000 89.9392 56
-11.0820 0000 89.9388 75
-11.0415 0000 89.9196 82
-11.0028 0000 89.9297 101
-10.9641 0000 89.9398 121
-10.9245 0000 89.9352 109
-10.8844 0000 89.9222 91
-10.8461 0000 89.9386 92
-10.8068 0000 89.9404 111
-10.7663 0000 89.9211 146
-10.7261 0000 89.9061 160
-10.6852 0000 89.8785 173
-10.6453 0000 89.8697 215
-10.6059 0000 89.8672 234
-10.5667 0000 89.8690 216
-10.5278 0000 89.8770 193
-10.4885 0000 89.8766 208
-10.4488 0000 89.8699 201
-10.4094 0000 89.8695 142
-10.3710 0000 89.8838 101
-10.3326 0000 89.9002 102
-10.2934 0000 89.9019 115
-10.2546 0000 89.9120 150
-10.2155 0000 89.9159 173
-10.1768 0000 89.9260 151
-10.1362 0000 89.9046 152
-10.0966 0000 89.9001 128
-10.0579 0000 89.9102 106
-10.0205 0000 89.9454 100
-9.9827 0000 89.9723 115
-9.9436 0000 89.9761 114
-9.9056 0000 90.0009 113
-9.8671 0000 90.0152 142
-9.8280 0000 90.0211 164
-9.7887 0000 90.0208 156
-9.7491 0000 90.0162 131
-9.7089 0000 90.0011 123
-9.6682 0000 89.9756 160
-9.6286 0000 89.9710 194
-9.5890 0000 89.9664 206
-9.5497 0000 89.9661 193
-9.5105 0000 89.9699 166
-9.4715 0000 89.9758 123
-9.4349 0000 90.0278 95
-9.3960 0000 90.0359 94
-9.3567 0000 90.0376 98
-9.3183 0000 90.0561 110
-9.2791 0000 90.0599 112
-9.2398 0000 90.0595 106
-9.1993 0000 90.0381 85
-9.1597 0000 90.0336 82
-9.1198 0000 90.0227 97
-9.0792 0000 89.9971 106
-9.0397 0000 89.9947 122
-9.0006 0000 89.9985 135
-8.9614 0000 90.0023 129
-8.9220 0000 90.0019 111
-8.8838 0000 90.0246 111
-8.8446 0000 90.0263 115
-8.8067 0000 90.0574 131
-8.7682 0000 90.0738 170
-8.7291 0000 90.0797 183
-8.6904 0000 90.0940 192
-8.6519 0000 90.1126 190
-8.6130 0000 90.1227 216
-8.5736 0000 90.1202 226
-8.5337 0000 90.1093 236
-8.4938 0000 90.0984 247
-8.4544 0000 90.0980 256
-8.4153 0000 90.1039 257
-8.3759 0000 90.1036 247
-8.3358 0000 90.0864 214
-8.2962 0000 90.0818 222
-8.2568 0000 90.0814 262
-8.2167 0000 90.0642 328
-8.1772 0000 90.0617 330
-8.1379 0000 90.0635 281
-8.1000 0000 90.0967 212
-8.0614 0000 90.1131 172
-8.0224 0000 90.1211 167
-7.9832 0000 90.1249 156
-7.9437 0000 90.1224 129
-7.9051 0000 90.1410 110
-7.8662 0000 90.1532 101
-7.8275 0000 90.1675 111
-7.7894 0000 90.1987 124
-7.7491 0000 90.1773 128
-7.7087 0000 90.1538 161
-7.6692 0000 90.1513 170
-7.6299 0000 90.1530 158
-7.5906 0000 90.1547 140
-7.5513 0000 90.1564 135
-7.5119 0000 90.1561 152
-7.4724 0000 90.1536 177
-7.4329 0000 90.1511 194
-7.3937 0000 90.1549 209
-7.3544 0000 90.1567 200
-7.3147 0000 90.1500 154
-7.2752 0000 90.1475 117
-7.2356 0000 90.1429 118
-7.1954 0000 90.1215 132
-7.1559 0000 90.1191 141
-7.1165 0000 90.1166 128
-7.0771 0000 90.1162 118
-7.0381 0000 90.1284 137
-6.9986 0000 90.1239 148
-6.9586 0000 90.1088 122
-6.9191 0000 90.1042 107
-6.8795 0000 90.0996 105
-6.8393 0000 90.0783 123
-6.7993 0000 90.0611 149
-6.7589 0000 90.0334 174
-6.7192 0000 90.0247 216
-6.6799 0000 90.0243 261
-6.6409 0000 90.0344 281
-6.6018 0000 90.0425 264
-6.5627 0000 90.0505 268
-6.5240 0000 90.0711 385
-6.4852 0000 90.0855 419
-6.4460 0000 90.0914 418
-6.4067 0000 90.0952 362
-6.3673 0000 90.0949 269
-6.3280 0000 90.0966 195
-6.2888 0000 90.1005 205
-6.2494 0000 90.1022 226
-6.2107 0000 90.1229 202
-6.1717 0000 90.1330 138
-6.1316 0000 90.1116 100
-6.0920 0000 90.1071 82
-6.0533 0000 90.1277 76
-6.0138 0000 90.1253 77
-5.9743 0000 90.1207 88
-5.9348 0000 90.1183 104
-5.8950 0000 90.1053 116
-5.8549 0000 90.0839 80
-5.8151 0000 90.0689 63
-5.7755 0000 90.0643 60
-5.7317 0000 89.9171 71
-5.6911 0000 89.8769 87
-5.6551 0000 89.9898 91
-5.6202 0000 90.1386 126
-5.5807 0000 90.1361 129
-5.5415 0000 90.1442 111
-5.5035 0000 90.1922 98
-5.4645 0000 90.2066 96
-5.4250 0000 90.2020 92
-5.3852 0000 90.1911 91
-5.3455 0000 90.1803 107
-5.3054 0000 90.1568 118
-5.2658 0000 90.1480 127
-5.2255 0000 90.1182 134
-5.1851 0000 90.0801 133
-5.1446 0000 90.0398 161
-5.1052 0000 90.0374 199
-5.0658 0000 90.0391 225
-5.0267 0000 90.0493 243
-4.9879 0000 90.0741 216
-4.9489 0000 90.0864 221
-4.9097 0000 90.0966 221
-4.8706 0000 90.1088 240
-4.8320 0000 90.1400 262
-4.7925 0000 90.1376 243
-4.7530 0000 90.1330 191
-4.7132 0000 90.1159 164
-4.6737 0000 90.1155 140
-4.6349 0000 90.1383 126
-4.5957 0000 90.1506 135
-4.5570 0000 90.1818 140
-4.5183 0000 90.2109 110
-4.4791 0000 90.2211 91
-4.4397 0000 90.2228 91
-4.4002 0000 90.2204 117
-4.3608 0000 90.2222 155
-4.3214 0000 90.2239 167
-4.2820 0000 90.2257 152
-4.2424 0000 90.2211 144
-4.2028 0000 90.2145 130
-4.1628 0000 90.1847 121
-4.1227 0000 90.1549 144
-4.0829 0000 90.1335 170
-4.0433 0000 90.1269 192
-4.0039 0000 90.1265 197
-3.9647 0000 90.1409 213
-3.9253 0000 90.1406 226
-3.8860 0000 90.1465 180
-3.8468 0000 90.1609 141
-3.8082 0000 90.2069 128
-3.7691 0000 90.2234 121
-3.7302 0000 90.2546 140
-3.6912 0000 90.2795 156
-3.6520 0000 90.2919 185
-3.6129 0000 90.3168 201
-3.5736 0000 90.3228 179
-3.5341 0000 90.3224 167
-3.4946 0000 90.3221 144
-3.4550 0000 90.3154 135
-3.4154 0000 90.3067 149
-3.3759 0000 90.3063 169
-3.3364 0000 90.3018 210
-3.2968 0000 90.2909 232
-3.2574 0000 90.3011 275
-3.2179 0000 90.2987 267
-3.1782 0000 90.2836 214
-3.1387 0000 90.2790 161
-3.0993 0000 90.2808 105
-3.0601 0000 90.3015 84
-3.0199 0000 90.2506 81
-2.9801 0000 90.2271 94
-2.9406 0000 90.2205 117
-2.9010 0000 90.2138 125
-2.8615 0000 90.2114 134
-2.8220 0000 90.2026 127
-2.7825 0000 90.2002 110
-2.7429 0000 90.1872 105
-2.7035 0000 90.1932 105
-2.6643 0000 90.2097 113
-2.6248 0000 90.2093 123
-2.5854 0000 90.2132 117
-2.5459 0000 90.2087 107
-2.5064 0000 90.2020 96
-2.4671 0000 90.2206 87
-2.4277 0000 90.2287 68
-2.3883 0000 90.2368 59
-2.3492 0000 90.2639 65
-2.3097 0000 90.2656 69
-2.2700 0000 90.2421 80
-2.2305 0000 90.2334 103
-2.1910 0000 90.2309 119
-2.1517 0000 90.2495 133
-2.1122 0000 90.2513 175
-2.0728 0000 90.2510 221
-2.0333 0000 90.2485 227
-1.9938 0000 90.2440 202
-1.9542 0000 90.2268 211
-1.9146 0000 90.2138 163
-1.8754 0000 90.2535 132
-1.8360 0000 90.2637 137
-1.7966 0000 90.2676 153
-1.7571 0000 90.2694 174
-1.7177 0000 90.2712 205
-1.6782 0000 90.2708 225
-1.6387 0000 90.2705 240
-1.5993 0000 90.2765 252
-1.5599 0000 90.2972 250
-1.5205 0000 90.3075 181
-1.4811 0000 90.3219 124
-1.4416 0000 90.3237 112
-1.4021 0000 90.3318 111
-1.3627 0000 90.3399 126
-1.3233 0000 90.3712 154
-1.2838 0000 90.3624 162
-1.2443 0000 90.3684 177
-1.2048 0000 90.3681 192
-1.1653 0000 90.3847 209
-1.1258 0000 90.3907 210
-1.0864 0000 90.4136 197
-1.0469 0000 90.4217 186
-1.0074 0000 90.4340 177
-0.9679 0000 90.4569 184
-0.9284 0000 90.4608 165
-0.8889 0000 90.4690 142
-0.8494 0000 90.4686 138
-0.8099 0000 90.4599 146
-0.7703 0000 90.4469 154
-0.7308 0000 90.4254 162
-0.6913 0000 90.4462 179
-0.6518 0000 90.4543 160
-0.6122 0000 90.4688 142
-0.5727 0000 90.4748 128
-0.5332 0000 90.4935 133
-0.4936 0000 90.4995 129
-0.4541 0000 90.5140 103
-0.4146 0000 90.4862 97
-0.3751 0000 90.4880 93
-0.3355 0000 90.4877 84
-0.2960 0000 90.4810 81
-0.2566 0000 90.4490 87
-0.2171 0000 90.4466 96
-0.1776 0000 90.4209 96
-0.1382 0000 90.3932 111
-0.0987 0000 90.3971 124
-0.0591 0000 90.4200 120
-0.0196 0000 90.4197 112
0.0198 0000 90.3919 117
0.0593 0000 90.3916 132
0.0989 0000 90.3955 144
0.1384 0000 90.3909 158
0.1778 0000 90.3716 175
0.2170 0000 90.3270 186
0.2565 0000 90.3246 204
0.2960 0000 90.3242 205
0.3354 0000 90.3134 184
0.3749 0000 90.3067 189
0.4144 0000 90.3106 207
0.4539 0000 90.3166 212
0.4934 0000 90.3184 213
0.5329 0000 90.3139 203
0.5723 0000 90.3051 176
0.6117 0000 90.2943 151
0.6509 0000 90.2623 143
0.6902 0000 90.2346 194
0.7296 0000 90.2301 264
0.7691 0000 90.2319 302
0.8087 0000 90.2442 293
0.8482 0000 90.2481 287
0.8875 0000 90.2372 271
0.9269 0000 90.2243 245
0.9660 0000 90.1924 235
1.0055 0000 90.1899 238
1.0449 0000 90.1833 239
1.0843 0000 90.1788 229
1.1238 0000 90.1827 250
1.1634 0000 90.2034 282
1.2031 0000 90.2200 360
1.2426 0000 90.2217 358
1.2819 0000 90.2088 269
1.3212 0000 90.2021 228
1.3606 0000 90.1976 241
1.4001 0000 90.1994 295
1.4396 0000 90.2033 356
1.4791 0000 90.2072 382
1.5189 0000 90.2280 386
1.5584 0000 90.2382 323
1.5980 0000 90.2463 274
1.6378 0000 90.2671 234
1.6772 0000 90.2667 233
1.7164 0000 90.2475 276
1.7558 0000 90.2429 310
1.7952 0000 90.2363 315
1.8346 0000 90.2318 297
1.8737 0000 90.2083 265
1.9133 0000 90.2227 295
1.9530 0000 90.2350 329
1.9926 0000 90.2453 364
2.0321 0000 90.2492 401
2.0715 0000 90.2467 414
2.1110 0000 90.2443 380
2.1503 0000 90.2398 342
2.1898 0000 90.2374 319
2.2292 0000 90.2349 291
2.2687 0000 90.2367 287
2.3081 0000 90.2343 306
2.3474 0000 90.2277 298
2.3868 0000 90.2232 298
2.4263 0000 90.2271 321
2.4658 0000 90.2331 318
2.5053 0000 90.2349 302
2.5447 0000 90.2303 290
2.5837 0000 90.2047 280
2.6230 0000 90.2023 325
2.6627 0000 90.2147 413
2.7017 0000 90.1933 436
2.7410 0000 90.1867 474
2.7801 0000 90.1695 537
2.8196 0000 90.1692 535
2.8591 0000 90.1731 480
2.8985 0000 90.1749 392
2.9382 0000 90.1872 290
2.9776 0000 90.1869 253
3.0172 0000 90.1908 239
3.0571 0000 90.2158 233
3.0966 0000 90.2176 208
3.1360 0000 90.2130 216
3.1754 0000 90.2148 233
3.2150 0000 90.2209 217
3.2545 0000 90.2226 184
3.2939 0000 90.2244 147
3.3334 0000 90.2241 118
3.3726 0000 90.2154 114
3.4106 0000 90.1583 145
3.4496 0000 90.1411 250
3.4890 0000 90.1387 361
3.5286 0000 90.1447 411
3.5681 0000 90.1486 424
3.6073 0000 90.1420 378
3.6462 0000 90.1228 341
3.6854 0000 90.1141 253
3.7253 0000 90.1327 149
3.7652 0000 90.1513 114
3.8058 0000 90.1973 120
3.8454 0000 90.2054 148
3.8849 0000 90.2072 202
3.9244 0000 90.2090 266
3.9638 0000 90.2087 293
4.0030 0000 90.2021 270
4.0415 0000 90.1682 236
4.0807 0000 90.1615 210
4.1200 0000 90.1591 206
4.1595 0000 90.1630 234
4.1991 0000 90.1691 247
4.2395 0000 90.2045 229
4.2792 0000 90.2148 219
4.3185 0000 90.2081 215
4.3576 0000 90.1994 205
4.3973 0000 90.2097 205
4.4372 0000 90.2262 227
4.4767 0000 90.2280 262
4.5160 0000 90.2256 274
4.5556 0000 90.2295 253
4.5956 0000 90.2482 209
4.6349 0000 90.2458 190
4.6736 0000 90.2244 202
4.7130 0000 90.2220 220
4.7525 0000 90.2259 245
4.7924 0000 90.2425 290
4.8320 0000 90.2485 273
4.8718 0000 90.2608 230
4.9115 0000 90.2668 250
4.9510 0000 90.2708 280
4.9905 0000 90.2747 290
5.0302 0000 90.2828 277
5.0708 0000 90.3162 244
5.1104 0000 90.3222 211
5.1498 0000 90.3220 217
5.1895 0000 90.3280 252
5.2293 0000 90.3403 278
5.2691 0000 90.3506 284
5.3093 0000 90.3714 254
5.3488 0000 90.3732 248
5.3883 0000 90.3750 231
5.4275 0000 90.3705 210
5.4663 0000 90.3512 204
5.5061 0000 90.3636 189
5.5451 0000 90.3506 153
5.5844 0000 90.3461 147
5.6239 0000 90.3479 161
5.6632 0000 90.3455 195
5.7027 0000 90.3474 214
5.7427 0000 90.3639 263
5.7824 0000 90.3700 297
5.8224 0000 90.3844 268
5.8624 0000 90.3989 238
5.9025 0000 90.4176 194
5.9436 0000 90.4595 173
5.9838 0000 90.4782 174
6.0251 0000 90.5244 171
6.0655 0000 90.5495 195
6.1054 0000 90.5597 255
6.1453 0000 90.5700 252
6.1858 0000 90.5951 234
6.2266 0000 90.6265 184
6.2671 0000 90.6516 194
6.3078 0000 90.6809 189
6.3479 0000 90.6955 198
6.3878 0000 90.7058 196
6.4279 0000 90.7203 194
6.4672 0000 90.7137 188
6.5068 0000 90.7155 199
6.5469 0000 90.7300 231
6.5871 0000 90.7467 263
6.6271 0000 90.7570 261
6.6673 0000 90.7737 218
6.7077 0000 90.7924 222
6.7475 0000 90.7985 200
6.7875 0000 90.8088 175
6.8277 0000 90.8255 174
6.8676 0000 90.8316 179
6.9068 0000 90.8250 169
6.9461 0000 90.8204 155
6.9864 0000 90.8371 136
7.0266 0000 90.8496 142
7.0676 0000 90.8832 177
7.1080 0000 90.8999 214
7.1478 0000 90.9060 239
7.1885 0000 90.9312 234
7.2286 0000 90.9415 210
7.2686 0000 90.9519 182
7.3092 0000 90.9728 142
7.3502 0000 91.0023 133
7.3912 0000 91.0339 132
7.4325 0000 91.0677 174
7.4727 0000 91.0801 244
7.5125 0000 91.0863 345
7.5522 0000 91.0881 437
7.5919 0000 91.0900 461
7.6321 0000 91.1025 360
7.6731 0000 91.1298 296
7.7137 0000 91.1487 225
7.7537 0000 91.1570 212
7.7946 0000 91.1823 235
7.8345 0000 91.1884 245
7.8746 0000 91.1988 220
7.9145 0000 91.2028 184
7.9539 0000 91.1982 164
7.9926 0000 91.1809 169
8.0317 0000 91.1700 153
8.0701 0000 91.1463 131
8.1118 0000 91.1865 123
8.1529 0000 91.2161 107
8.1960 0000 91.2819 97
8.2388 0000 91.3413 106
8.2801 0000 91.3731 125
8.3218 0000 91.4113 112
8.3657 0000 91.4901 123
8.4091 0000 91.5604 159
8.4515 0000 91.6093 206
8.4922 0000 91.6283 244
8.5340 0000 91.6666 260
8.5743 0000 91.6771 270
8.6146 0000 91.6875 282
8.6559 0000 91.7151 251
8.6974 0000 91.7470 255
8.7388 0000 91.7768 227
8.7800 0000 91.8022 245
8.8201 0000 91.8084 260
8.8603 0000 91.8167 280
8.9004 0000 91.8229 310
8.9400 0000 91.8205 355
8.9797 0000 91.8181 373
9.0193 0000 91.8157 362
9.0590 0000 91.8154 357
9.0985 0000 91.8109 338
9.1380 0000 91.8063 284
9.1779 0000 91.8082 214
9.2182 0000 91.8187 177
9.2605 0000 91.8614 182
9.3006 0000 91.8675 231
9.3405 0000 91.8694 281
9.3802 0000 91.8692 275
9.4200 0000 91.8689 266
9.4599 0000 91.8708 318
9.4999 0000 91.8748 357
9.5399 0000 91.8789 325
9.5796 0000 91.8786 306
9.6194 0000 91.8783 301
9.6598 0000 91.8888 240
9.7028 0000 91.9423 173
9.7461 0000 92.0000 138
9.7870 0000 92.0170 120
9.8273 0000 92.0253 106
9.8671 0000 92.0251 105
9.9068 0000 92.0248 106
9.9464 0000 92.0202 108
9.9857 0000 92.0135 133
10.0255 0000 92.0133 160
10.0670 0000 92.0410 176
10.1090 0000 92.0751 171
10.1511 0000 92.1115 207
10.1931 0000 92.1457 297
10.2349 0000 92.1756 322
10.2751 0000 92.1818 317
10.3152 0000 92.1858 291
10.3551 0000 92.1877 264
10.3965 0000 92.2112 262
10.4370 0000 92.2217 261
10.4771 0000 92.2258 257
10.5171 0000 92.2277 218
10.5615 0000 92.2964 162
10.6065 0000 92.3739 151
10.6493 0000 92.4190 152
10.6888 0000 92.4123 156
10.7240 0000 92.3429 161
10.7606 0000 92.2952 177
10.7963 0000 92.2345 194
10.8345 0000 92.2105 252
10.8764 0000 92.2405 274
10.9189 0000 92.2790 300
10.9600 0000 92.2982 293
11.0024 0000 92.3346 263
11.0431 0000 92.3473 212
11.0843 0000 92.3665 181
11.1276 0000 92.4160 169
11.1680 0000 92.4244 150
11.2080 0000 92.4263 131
11.2497 0000 92.4520 129
11.2917 0000 92.4820 128
11.3323 0000 92.4925 153
11.3727 0000 92.4988 164
11.4127 0000 92.5007 154
11.4543 0000 92.5242 157
11.4962 0000 92.5521 148
11.5366 0000 92.5605 160
11.5767 0000 92.5625 171
11.6172 0000 92.5709 184
11.6575 0000 92.5771 204
11.6976 0000 92.5790 220
11.7395 0000 92.6070 220
11.7800 0000 92.6154 224
11.8202 0000 92.6195 238
11.8604 0000 92.6236 237
11.9006 0000 92.6277 216
11.9420 0000 92.6469 216
11.9835 0000 92.6683 192
12.0235 0000 92.6703 206
12.0639 0000 92.6765 211
12.1041 0000 92.6806 199
12.1442 0000 92.6826 193
12.1844 0000 92.6867 189
12.2248 0000 92.6929 186
12.2652 0000 92.6992 190
12.3066 0000 92.7185 207
12.3468 0000 92.7226 188
12.3865 0000 92.7202 148
12.4257 0000 92.7113 131
12.4656 0000 92.7110 144
12.5042 0000 92.6935 146
12.5418 0000 92.6651 192
12.5800 0000 92.6432 226
12.6209 0000 92.6559 293
12.6606 0000 92.6536 302
12.7005 0000 92.6533 261
12.7407 0000 92.6574 196
12.7826 0000 92.6832 174
12.8228 0000 92.6873 198
12.8617 0000 92.6741 212
12.9014 0000 92.6717 189
12.9412 0000 92.6715 176
12.9818 0000 92.6799 154
13.0218 0000 92.6818 155
13.0620 0000 92.6859 160
13.1016 0000 92.6814 166
13.1411 0000 92.6768 182
13.1807 0000 92.6744 200
13.2208 0000 92.6764 209
13.2610 0000 92.6805 211
13.3016 0000 92.6889 214
13.3414 0000 92.6887 202
13.3809 0000 92.6841 182
13.4208 0000 92.6839 182
13.4592 0000 92.6664 212
13.4983 0000 92.6575 227
13.5379 0000 92.6551 234
13.5765 0000 92.6397 203
13.6154 0000 92.6286 196
13.6543 0000 92.6176 185
13.6916 0000 92.5871 195
13.7299 0000 92.5695 184
13.7674 0000 92.5412 150
13.8051 0000 92.5172 151
13.8423 0000 92.4867 124
13.8804 0000 92.4670 118
13.9178 0000 92.4387 151
13.9572 0000 92.4342 179
13.9955 0000 92.4167 191
14.0349 0000 92.4121 215
14.0750 0000 92.4162 205
14.1150 0000 92.4182 182
14.1540 0000 92.4093 156
14.1924 0000 92.3940 128
14.2295 0000 92.3635 128
14.2670 0000 92.3374 134
14.3065 0000 92.3350 162
14.3461 0000 92.3327 170
14.3856 0000 92.3303 156
14.4257 0000 92.3344 138
14.4656 0000 92.3363 118
14.5054 0000 92.3361 97
14.5434 0000 92.3164 95
14.5827 0000 92.3119 99
14.6218 0000 92.3052 118
14.6608 0000 92.2963 132
14.6997 0000 92.2875 122
14.7355 0000 92.2441 114
14.7744 0000 92.2353 119
14.8113 0000 92.2049 109
14.8504 0000 92.1982 96
14.8875 0000 92.1700 87
14.9264 0000 92.1612 85
14.9661 0000 92.1609 91
15.0032 0000 92.1327 93
15.0424 0000 92.1282 97
15.0817 0000 92.1236 92
15.1188 0000 92.0954 89
15.1580 0000 92.0909 91
15.1983 0000 92.0971 113
15.2383 0000 92.1012 155
15.2775 0000 92.0966 183
15.3152 0000 92.0749 186
15.3542 0000 92.0682 202
15.3932 0000 92.0615 190
15.4326 0000 92.0591 177
15.4723 0000 92.0589 173
15.5137 0000 92.0780 164
15.5536 0000 92.0799 133
15.5934 0000 92.0818 110
15.6334 0000 92.0859 95
15.6700 0000 92.0534 91
15.7083 0000 92.0403 100
15.7477 0000 92.0379 115
15.7878 0000 92.0419 144
15.8278 0000 92.0460 173
15.8674 0000 92.0457 172
15.9068 0000 92.0433 150
15.9462 0000 92.0409 134
15.9856 0000 92.0385 130
16.0233 0000 92.0190 152
16.0631 0000 92.0209 164
16.1024 0000 92.0185 151
16.1397 0000 91.9946 128
16.1812 0000 92.0137 141
16.2208 0000 92.0134 150
16.2580 0000 91.9895 135
16.2972 0000 91.9850 141
16.3361 0000 91.9783 170
16.3750 0000 91.9716 197
16.4146 0000 91.9714 221
16.4541 0000 91.9711 237
16.4939 0000 91.9730 215
16.5343 0000 91.9814 180
16.5752 0000 91.9940 160
16.6152 0000 91.9980 144
16.6567 0000 92.0171 139
16.6978 0000 92.0319 131
16.7376 0000 92.0338 147
16.7778 0000 92.0400 172
16.8179 0000 92.0440 191
16.8581 0000 92.0502 206
16.8983 0000 92.0564 228
16.9381 0000 92.0583 224
16.9774 0000 92.0559 179
17.0172 0000 92.0578 135
17.0577 0000 92.0661 112
17.1001 0000 92.0938 107
17.1397 0000 92.0935 87
17.1779 0000 92.0804 62
17.2129 0000 92.0372 54
17.2486 0000 92.0004 58
17.2850 0000 91.9701 64
17.3279 0000 92.0021 68
17.3743 0000 92.0662 69
17.4145 0000 92.0724 79
17.4568 0000 92.0979 87
17.5000 0000 92.1321 94
17.5412 0000 92.1468 100
17.5865 0000 92.2003 110
17.6263 0000 92.2022 120
17.6684 0000 92.2256 113
17.7086 0000 92.2318 106
17.7461 0000 92.2122 113
17.7856 0000 92.2120 117
17.8247 0000 92.2074 125
17.8638 0000 92.2028 145
17.9034 0000 92.2026 164
17.9432 0000 92.2045 170
17.9848 0000 92.2236 151
18.0246 0000 92.2255 147
18.0649 0000 92.2316 145
18.1046 0000 92.2335 141
18.1444 0000 92.2354 142
18.1842 0000 92.2373 143
18.2237 0000 92.2371 139
18.2630 0000 92.2346 150
18.3026 0000 92.2344 169
18.3428 0000 92.2406 172
18.3836 0000 92.2511 177
18.4238 0000 92.2573 182
18.4651 0000 92.2721 199
18.5039 0000 92.2653 197
18.5453 0000 92.2823 178
18.5859 0000 92.2906 185
18.6256 0000 92.2925 195
18.6652 0000 92.2923 207
18.7045 0000 92.2899 218
18.7423 0000 92.2745 221
18.7835 0000 92.2893 155
18.8250 0000 92.3063 127
18.8675 0000 92.3319 142
18.9095 0000 92.3531 148
18.9508 0000 92.3679 156
18.9915 0000 92.3784 172
19.0298 0000 92.3674 209
19.0659 0000 92.3370 241
19.1052 0000 92.3346 275
19.1452 0000 92.3386 286
19.1867 0000 92.3556 305
19.2267 0000 92.3596 285
19.2668 0000 92.3637 240
19.3070 0000 92.3699 184
19.3498 0000 92.3976 155
19.3932 0000 92.4297 125
19.4398 0000 92.4898 120
19.4809 0000 92.5024 133
19.5232 0000 92.5259 157
19.5630 0000 92.5278 187
19.6054 0000 92.5513 219
19.6460 0000 92.5597 221
19.6894 0000 92.5918 192
19.7302 0000 92.6023 175
19.7734 0000 92.6323 169
19.8135 0000 92.6363 153
19.8526 0000 92.6318 147
19.8864 0000 92.5840 154
19.9257 0000 92.5816 162
19.9710 0000 92.6288 164
20.0121 0000 92.6415 176
20.0530 0000 92.6521 196
20.0967 0000 92.6864 201
20.1379 0000 92.6991 190
20.1793 0000 92.7140 183
20.2220 0000 92.7397 180
20.2661 0000 92.7762 149
20.3070 0000 92.7868 151
20.3469 0000 92.7887 159
20.3891 0000 92.8101 188
20.4319 0000 92.8358 177
20.4723 0000 92.8421 190
20.5121 0000 92.8440 212
20.5525 0000 92.8502 211
20.5935 0000 92.8608 200
20.6377 0000 92.8974 200
20.6781 0000 92.9036 204
20.7190 0000 92.9142 199
20.7600 0000 92.9248 178
20.8001 0000 92.9289 164
20.8397 0000 92.9287 163
20.8793 0000 92.9285 157
20.9181 0000 92.9217 169
20.9576 0000 92.9215 192
21.0003 0000 92.9451 225
21.0432 0000 92.9709 212
21.0833 0000 92.9750 218
21.1229 0000 92.9748 208
21.1631 0000 92.9789 195
21.2029 0000 92.9808 191
21.2417 0000 92.9741 204
21.2779 0000 92.9478 206
21.3183 0000 92.9541 197
21.3615 0000 92.9821 188
21.4025 0000 92.9927 165
21.4421 0000 92.9925 147
21.4848 0000 93.0161 144
21.5247 0000 93.0181 146
21.5665 0000 93.0352 152
21.6061 0000 93.0350 178
21.6460 0000 93.0370 202
21.6867 0000 93.0455 221
21.7277 0000 93.0561 233
21.7679 0000 93.0602 232
21.8071 0000 93.0579 240
21.8459 0000 93.0511 260
21.8854 0000 93.0509 273
21.9253 0000 93.0529 274
21.9649 0000 93.0527 259
22.0050 0000 93.0569 229
22.0449 0000 93.0588 191
22.0838 0000 93.0543 156
22.1228 0000 93.0498 139
22.1624 0000 93.0496 136
22.2022 0000 93.0515 152
22.2424 0000 93.0557 192
22.2816 0000 93.0533 206
22.3212 0000 93.0532 180
22.3610 0000 93.0552 183
22.4000 0000 93.0506 198
22.4386 0000 93.0439 177
22.4782 0000 93.0438 150
22.5186 0000 93.0501 142
22.5587 0000 93.0543 140
22.6016 0000 93.0780 135
22.6447 0000 93.1039 114
22.6812 0000 93.0820 123
22.7199 0000 93.0753 119
22.7555 0000 93.0469 110
22.7950 0000 93.0468 122
22.8346 0000 93.0466 144
22.8744 0000 93.0486 177
22.9139 0000 93.0485 204
22.9522 0000 93.0396 203
22.9905 0000 93.0308 210
23.0303 0000 93.0328 247
23.0704 0000 93.0370 263
23.1099 0000 93.0369 236
23.1488 0000 93.0324 227
23.1886 0000 93.0344 244
23.2287 0000 93.0386 238
23.2692 0000 93.0450 204
23.3093 0000 93.0492 165
23.3485 0000 93.0469 150
23.3870 0000 93.0402 162
23.4262 0000 93.0379 178
23.4633 0000 93.0205 205
23.5018 0000 93.0138 221
23.5385 0000 92.9942 209
23.5761 0000 92.9811 194
23.6141 0000 92.9701 182
23.6526 0000 92.9635 189
23.6915 0000 92.9591 206
23.7306 0000 92.9568 198
23.7645 0000 92.9177 182
23.8030 0000 92.9111 187
23.8412 0000 92.9023 187
23.8800 0000 92.8979 190
23.9188 0000 92.8935 206
23.9545 0000 92.8674 198
23.9905 0000 92.8435 218
24.0290 0000 92.8369 245
24.0678 0000 92.8325 286
24.1073 0000 92.8324 298
24.1470 0000 92.8345 279
24.1870 0000 92.8387 234
24.2252 0000 92.8300 183
24.2599 0000 92.7975 151
24.2987 0000 92.7931 139
24.3349 0000 92.7714 142
24.3724 0000 92.7584 152
24.4071 0000 92.7260 141
24.4436 0000 92.7065 132
24.4830 0000 92.7064 123
24.5211 0000 92.6977 118
24.5573 0000 92.6761 115
24.5942 0000 92.6588 108
24.6278 0000 92.6199 102
24.6640 0000 92.5983 109
24.7024 0000 92.5918 111
24.7370 0000 92.5595 117
24.7754 0000 92.5529 129
24.8141 0000 92.5486 130
24.8502 0000 92.5270 138
24.8889 0000 92.5227 146
24.9251 0000 92.5011 125
24.9621 0000 92.4860 109
24.9960 0000 92.4494 112
25.0305 0000 92.4172 101
25.0688 0000 92.4107 103
25.1075 0000 92.4064 108
25.1426 0000 92.3784 112
25.1748 0000 92.3312 113
25.2141 0000 92.3311 126
