wt=151627930, DLLFiFo=0
-27.5163 0000 105.3125 138
-27.4732 0000 105.3073 148
-27.4308 0000 105.3071 161
-27.3880 0000 105.3045 168
-27.3442 0000 105.2943 166
-27.3064 0000 105.3265 163
-27.2725 0000 105.3860 189
-27.2355 0000 105.4231 182
-27.1923 0000 105.4180 159
-27.1492 0000 105.4128 144
-27.1068 0000 105.4126 147
-27.0619 0000 105.3950 162
-27.0233 0000 105.4222 175
-26.9798 0000 105.4145 176
-26.9370 0000 105.4119 173
-26.8953 0000 105.4166 160
-26.8567 0000 105.4438 136
-26.8192 0000 105.4785 132
-26.7824 0000 105.5182 126
-26.7430 0000 105.5404 139
-26.6999 0000 105.5352 142
-26.6585 0000 105.5425 154
-26.6170 0000 105.5498 174
-26.5753 0000 105.5546 184
-26.5342 0000 105.5643 184
-26.4931 0000 105.5741 173
-26.4544 0000 105.6013 171
-26.4157 0000 105.6286 152
-26.3750 0000 105.6408 157
-26.3338 0000 105.6506 156
-26.2920 0000 105.6554 151
-26.2533 0000 105.6827 143
-26.2125 0000 105.6949 163
-26.1734 0000 105.7197 183
-26.1316 0000 105.7245 203
-26.0894 0000 105.7268 239
-26.0492 0000 105.7440 205
-26.0077 0000 105.7513 183
-25.9730 0000 105.8086 192
-25.9328 0000 105.8258 216
-25.8920 0000 105.8381 218
-25.8494 0000 105.8379 201
-25.8031 0000 105.8102 179
-25.7623 0000 105.8225 172
-25.7254 0000 105.8648 177
-25.6818 0000 105.8570 179
-25.6363 0000 105.8343 177
-25.5893 0000 105.8016 192
-25.5484 0000 105.8139 201
-25.5099 0000 105.8437 184
-25.4673 0000 105.8434 171
-25.4217 0000 105.8207 171
-25.3785 0000 105.8155 172
-25.3353 0000 105.8103 179
-25.2947 0000 105.8251 172
-25.2518 0000 105.8223 175
-25.2059 0000 105.7971 185
-25.1623 0000 105.7894 194
-25.1197 0000 105.7892 228
-25.0781 0000 105.7964 250
-25.0362 0000 105.8012 235
-24.9939 0000 105.8035 205
-24.9562 0000 105.8407 185
-24.9240 0000 105.9205 208
-24.8860 0000 105.9553 250
-24.8394 0000 105.9250 239
-24.7916 0000 105.8848 226
-24.7396 0000 105.8120 190
-24.6960 0000 105.8043 186
-24.6534 0000 105.8041 189
-24.6159 0000 105.8438 201
-24.5829 0000 105.9185 193
-24.5409 0000 105.9233 155
-24.4935 0000 105.8855 118
-24.4448 0000 105.8378 98
-24.4012 0000 105.8301 88
-24.3588 0000 105.8323 84
-24.3162 0000 105.8320 94
-24.2735 0000 105.8318 113
-24.2312 0000 105.8340 127
-24.1927 0000 105.8663 135
-24.1541 0000 105.8985 164
-24.1168 0000 105.9408 199
-24.0748 0000 105.9455 219
-24.0333 0000 105.9553 222
-23.9994 0000 106.0251 214
-23.9617 0000 106.0649 213
-23.9268 0000 106.1273 211
-23.8888 0000 106.1647 208
-23.8467 0000 106.1694 215
-23.8042 0000 106.1717 220
-23.7618 0000 106.1739 219
-23.7200 0000 106.1812 210
-23.6778 0000 106.1859 195
-23.6379 0000 106.2083 189
-23.5951 0000 106.2080 174
-23.5517 0000 106.2027 169
-23.5089 0000 106.2024 173
-23.4668 0000 106.2072 178
-23.4240 0000 106.2069 190
-23.3769 0000 106.1715 205
-23.3311 0000 106.1462 233
-23.2889 0000 106.1509 221
-23.2489 0000 106.1732 177
-23.2052 0000 106.1654 144
-23.1627 0000 106.1677 117
-23.1260 0000 106.2176 102
-23.0944 0000 106.3102 96
-23.0467 0000 106.2698 107
-22.9994 0000 106.2318 126
-22.9569 0000 106.2341 123
-22.9144 0000 106.2363 113
-22.8719 0000 106.2386 113
-22.8294 0000 106.2408 119
-22.7863 0000 106.2380 119
-22.7434 0000 106.2377 107
-22.7078 0000 106.2978 100
-22.6655 0000 106.3025 122
-22.6224 0000 106.2997 171
-22.5801 0000 106.3045 219
-22.5379 0000 106.3092 247
-22.4954 0000 106.3115 230
-22.4599 0000 106.3741 181
-22.4255 0000 106.4468 145
-22.3844 0000 106.4616 127
-22.3489 0000 106.5243 125
-22.3025 0000 106.4938 160
-22.2555 0000 106.4583 182
-22.2108 0000 106.4429 191
-22.1668 0000 106.4325 197
-22.1242 0000 106.4348 212
-22.0825 0000 106.4446 209
-22.0442 0000 106.4846 178
-22.0048 0000 106.5146 172
-21.9578 0000 106.4790 171
-21.9118 0000 106.4511 144
-21.8689 0000 106.4508 132
-21.8254 0000 106.4455 135
-21.7811 0000 106.4326 158
-21.7348 0000 106.4022 184
-21.6924 0000 106.4069 209
-21.6476 0000 106.3890 224
-21.6081 0000 106.4190 234
-21.5700 0000 106.4615 244
-21.5321 0000 106.5066 315
-21.4901 0000 106.5139 309
-21.4457 0000 106.5010 254
-21.3978 0000 106.4554 214
-21.3537 0000 106.4451 208
-21.3077 0000 106.4171 193
-21.2607 0000 106.3791 199
-21.2167 0000 106.3687 216
-21.1749 0000 106.3785 244
-21.1386 0000 106.4387 254
-21.0971 0000 106.4510 233
-21.0553 0000 106.4608 217
-21.0126 0000 106.4631 225
-20.9700 0000 106.4653 243
-20.9295 0000 106.4877 283
-20.8896 0000 106.5152 268
-20.8477 0000 106.5250 245
-20.8064 0000 106.5399 213
-20.7703 0000 106.6027 194
-20.7276 0000 106.6049 198
-20.6819 0000 106.5794 222
-20.6384 0000 106.5741 226
-20.5949 0000 106.5688 242
-20.5492 0000 106.5433 219
-20.5055 0000 106.5355 181
-20.4633 0000 106.5428 151
-20.4265 0000 106.6006 139
-20.3843 0000 106.6079 127
-20.3448 0000 106.6404 135
-20.3024 0000 106.6452 160
-20.2599 0000 106.6500 179
-20.2177 0000 106.6573 180
-20.1773 0000 106.6823 172
-20.1307 0000 106.6467 196
-20.0835 0000 106.6060 183
-20.0373 0000 106.5755 165
-19.9899 0000 106.5324 121
-19.9446 0000 106.5094 108
-19.9019 0000 106.5117 101
-19.8641 0000 106.5619 104
-19.8234 0000 106.5843 127
-19.7833 0000 106.6118 160
-19.7411 0000 106.6191 189
-19.6999 0000 106.6365 204
-19.6520 0000 106.5883 181
-19.6077 0000 106.5755 156
-19.5747 0000 106.6737 151
-19.5440 0000 106.7947 165
-19.5014 0000 106.7995 173
-19.4574 0000 106.7891 170
-19.4064 0000 106.7105 168
-19.3561 0000 106.6370 192
-19.3121 0000 106.6267 233
-19.2660 0000 106.5961 257
-19.2235 0000 106.6009 279
-19.1843 0000 106.6385 301
-19.1415 0000 106.6408 301
-19.0985 0000 106.6406 293
-19.0555 0000 106.6403 294
-19.0119 0000 106.6350 302
-18.9657 0000 106.6020 317
-18.9214 0000 106.5891 307
-18.8774 0000 106.5787 303
-18.8320 0000 106.5533 289
-18.7895 0000 106.5581 281
-18.7499 0000 106.5931 276
-18.7100 0000 106.6257 242
-18.6650 0000 106.6053 235
-18.6218 0000 106.6025 208
-18.5780 0000 106.5947 175
-18.5338 0000 106.5818 150
-18.4876 0000 106.5488 142
-18.4487 0000 106.5914 142
-18.4088 0000 106.6240 142
-18.3622 0000 106.5859 144
-18.3220 0000 106.6159 163
-18.2835 0000 106.6636 173
-18.2450 0000 106.7114 178
-18.2043 0000 106.7364 188
-18.1558 0000 106.6781 187
-18.1111 0000 106.6601 186
-18.0649 0000 106.6271 194
-18.0198 0000 106.6041 193
-17.9819 0000 106.6594 213
-17.9400 0000 106.6718 228
-17.8997 0000 106.7019 236
-17.8564 0000 106.6991 265
-17.8101 0000 106.6635 292
-17.7629 0000 106.6178 254
-17.7152 0000 106.5671 241
-17.6697 0000 106.5391 228
-17.6239 0000 106.5085 186
-17.5797 0000 106.4957 170
-17.5317 0000 106.4400 163
-17.4873 0000 106.4246 168
-17.4414 0000 106.3916 197
-17.3954 0000 106.3586 201
-17.3515 0000 106.3483 216
-17.3076 0000 106.3380 210
-17.2649 0000 106.3403 182
-17.2230 0000 106.3526 167
-17.1849 0000 106.4078 181
-17.1425 0000 106.4151 193
-17.1030 0000 106.4552 191
-17.0582 0000 106.4348 203
-17.0123 0000 106.4018 190
-16.9687 0000 106.3940 185
-16.9287 0000 106.4290 196
-16.8986 0000 106.5776 210
-16.8621 0000 106.6531 238
-16.8153 0000 106.6099 247
-16.7681 0000 106.5617 231
-16.7203 0000 106.5060 180
-16.6742 0000 106.4704 163
-16.6307 0000 106.4651 188
-16.5853 0000 106.4372 234
-16.5397 0000 106.4067 194
-16.4934 0000 106.3686 160
-16.4523 0000 106.3911 140
-16.4208 0000 106.5270 141
-16.3809 0000 106.5646 187
-16.3380 0000 106.5669 224
-16.2979 0000 106.6020 218
-16.2527 0000 106.5765 222
-16.2094 0000 106.5737 226
-16.1688 0000 106.6038 228
-16.1299 0000 106.6541 232
-16.0880 0000 106.6690 243
-16.0412 0000 106.6233 276
-15.9933 0000 106.5649 304
-15.9488 0000 106.5470 271
-15.9014 0000 106.4938 209
-15.8585 0000 106.4960 190
-15.8163 0000 106.5059 227
-15.7736 0000 106.5107 283
-15.7309 0000 106.5155 305
-15.6872 0000 106.5077 307
-15.6427 0000 106.4898 365
-15.5974 0000 106.4618 501
-15.5538 0000 106.4539 530
-15.5101 0000 106.4461 447
-15.4646 0000 106.4156 301
-15.4202 0000 106.3977 220
-15.3745 0000 106.3647 175
-15.3267 0000 106.3040 142
-15.2803 0000 106.2609 151
-15.2392 0000 106.2858 161
-15.1977 0000 106.3057 198
-15.1570 0000 106.3357 206
-15.1124 0000 106.3153 218
-15.0692 0000 106.3125 216
-15.0286 0000 106.3450 225
-14.9869 0000 106.3624 286
-14.9442 0000 106.3672 337
-14.9004 0000 106.3568 331
-14.8561 0000 106.3414 307
-14.8127 0000 106.3361 270
-14.7702 0000 106.3434 221
-14.7313 0000 106.3987 173
-14.6865 0000 106.3757 146
-14.6413 0000 106.3477 127
-14.5934 0000 106.2819 119
-14.5467 0000 106.2338 109
-14.5039 0000 106.2361 109
-14.4668 0000 106.3164 115
-14.4330 0000 106.4422 137
-14.3951 0000 106.5126 153
-14.3520 0000 106.5124 164
-14.3089 0000 106.5121 179
-14.2729 0000 106.6104 197
-14.2370 0000 106.7088 234
-14.1991 0000 106.7819 256
-14.1556 0000 106.7766 244
-14.1095 0000 106.7358 226
-14.0659 0000 106.7305 213
-14.0229 0000 106.7327 211
-13.9794 0000 106.7274 220
-13.9358 0000 106.7221 233
-13.8924 0000 106.7193 238
-13.8492 0000 106.7190 224
-13.8019 0000 106.6605 194
-13.7570 0000 106.6349 172
-13.7119 0000 106.6068 173
-13.6687 0000 106.6066 151
-13.6257 0000 106.6088 129
-13.5836 0000 106.6237 127
-13.5465 0000 106.7120 125
-13.5098 0000 106.8054 121
-13.4734 0000 106.9040 128
-13.4334 0000 106.9519 163
-13.3910 0000 106.9643 173
-13.3474 0000 106.9589 163
-13.3055 0000 106.9790 164
-13.2664 0000 107.0396 188
-13.2286 0000 107.1206 209
-13.1873 0000 107.1509 229
-13.1459 0000 107.1785 236
-13.1025 0000 107.1782 190
-13.0587 0000 107.1703 158
-13.0145 0000 107.1573 156
-12.9680 0000 107.1087 165
-12.9242 0000 107.1008 172
-12.8811 0000 107.1030 169
-12.8377 0000 107.1027 154
-12.7982 0000 107.1609 138
-12.7598 0000 107.2369 155
-12.7176 0000 107.2544 198
-12.6746 0000 107.2592 236
-12.6330 0000 107.2869 237
-12.5903 0000 107.2968 238
-12.5487 0000 107.3245 222
-12.5034 0000 107.2936 229
-12.4597 0000 107.2882 228
-12.4179 0000 107.3134 225
-12.3753 0000 107.3258 233
-12.3350 0000 107.3739 242
-12.2935 0000 107.4042 234
-12.2482 0000 107.3733 249
-12.2016 0000 107.3220 216
-12.1542 0000 107.2554 187
-12.1039 0000 107.1431 163
-12.0593 0000 107.1225 155
-12.0198 0000 107.1857 136
-11.9897 0000 107.4045 118
-11.9525 0000 107.5062 146
-11.9122 0000 107.5596 166
-11.8694 0000 107.5695 149
-11.8242 0000 107.5410 121
-11.7802 0000 107.5305 122
-11.7370 0000 107.5353 147
-11.6942 0000 107.5452 182
-11.6524 0000 107.5729 204
-11.6107 0000 107.6033 179
-11.5688 0000 107.6311 171
-11.5219 0000 107.5719 131
-11.4743 0000 107.5001 115
-11.4303 0000 107.4895 99
-11.3867 0000 107.4867 95
-11.3451 0000 107.5195 103
-11.3062 0000 107.5984 122
-11.2664 0000 107.6645 140
-11.2234 0000 107.6719 130
-11.1781 0000 107.6409 118
-11.1326 0000 107.6047 99
-11.0883 0000 107.5891 96
-11.0469 0000 107.6271 95
-11.0038 0000 107.6344 93
-10.9599 0000 107.6264 95
-10.9143 0000 107.5877 105
-10.8715 0000 107.6002 103
-10.8336 0000 107.7022 110
-10.7984 0000 107.8555 153
-10.7585 0000 107.9244 212
-10.7161 0000 107.9446 258
-10.6729 0000 107.9520 272
-10.6319 0000 108.0004 269
-10.5889 0000 108.0104 279
-10.5453 0000 108.0100 312
-10.5017 0000 108.0097 335
-10.4581 0000 108.0094 326
-10.4145 0000 108.0090 294
-10.3685 0000 107.9625 270
-10.3261 0000 107.9853 242
-10.2825 0000 107.9849 229
-10.2388 0000 107.9820 211
-10.1953 0000 107.9843 194
-10.1535 0000 108.0199 186
-10.1118 0000 108.0581 184
-10.0718 0000 108.1297 192
-10.0285 0000 108.1345 205
-9.9844 0000 108.1265 214
-9.9389 0000 108.0876 220
-9.8935 0000 108.0513 255
-9.8483 0000 108.0175 228
-9.8041 0000 108.0069 199
-9.7607 0000 108.0092 182
-9.7175 0000 108.0191 182
-9.6746 0000 108.0316 186
-9.6323 0000 108.0596 180
-9.5884 0000 108.0541 188
-9.5437 0000 108.0306 209
-9.5024 0000 108.0791 203
-9.4600 0000 108.1045 197
-9.4181 0000 108.1427 192
-9.3728 0000 108.1064 139
-9.3268 0000 108.0546 116
-9.2797 0000 107.9773 102
-9.2353 0000 107.9615 104
-9.1906 0000 107.9355 131
-9.1469 0000 107.9326 160
-9.1032 0000 107.9297 174
-9.0597 0000 107.9319 163
-9.0165 0000 107.9419 147
-8.9738 0000 107.9621 147
-8.9312 0000 107.9848 112
-8.8965 0000 108.1876 94
-8.8572 0000 108.2876 107
-8.8135 0000 108.2873 115
-8.7702 0000 108.2947 112
-8.7269 0000 108.3046 109
-8.6830 0000 108.2991 111
-8.6371 0000 108.2473 117
-8.5932 0000 108.2418 117
-8.5495 0000 108.2389 119
-8.5051 0000 108.2231 124
-8.4602 0000 108.1919 135
-8.4181 0000 108.2301 142
-8.3767 0000 108.2864 155
-8.3335 0000 108.2964 136
-8.2900 0000 108.3012 115
-8.2433 0000 108.2262 114
-8.1979 0000 108.1821 115
-8.1533 0000 108.1586 127
-8.1113 0000 108.1994 157
-8.0681 0000 108.2119 168
-8.0247 0000 108.2193 156
-7.9809 0000 108.2138 165
-7.9368 0000 108.2031 178
-7.8938 0000 108.2208 155
-7.8529 0000 108.2925 152
-7.8140 0000 108.4211 193
-7.7724 0000 108.4775 229
-7.7292 0000 108.4900 255
-7.6859 0000 108.5026 287
-7.6430 0000 108.5255 353
-7.5993 0000 108.5251 385
-7.5562 0000 108.5428 359
-7.5127 0000 108.5502 345
-7.4694 0000 108.5628 314
-7.4258 0000 108.5676 268
-7.3817 0000 108.5569 219
-7.3375 0000 108.5436 192
-7.2929 0000 108.5174 223
-7.2494 0000 108.5248 247
-7.2050 0000 108.5064 224
-7.1608 0000 108.4905 202
-7.1159 0000 108.4566 202
-7.0735 0000 108.4975 202
-7.0335 0000 108.6082 239
-6.9910 0000 108.6466 288
-6.9473 0000 108.6488 279
-6.9048 0000 108.6847 261
-6.8626 0000 108.7335 291
-6.8193 0000 108.7486 284
-6.7766 0000 108.7819 273
-6.7335 0000 108.8048 218
-6.6886 0000 108.7708 189
-6.6437 0000 108.7342 143
-6.5998 0000 108.7313 138
-6.5557 0000 108.7205 141
-6.5119 0000 108.7202 135
-6.4685 0000 108.7327 135
-6.4265 0000 108.7919 144
-6.3835 0000 108.8174 159
-6.3416 0000 108.8818 180
-6.2984 0000 108.9022 195
-6.2554 0000 108.9304 214
-6.2116 0000 108.9300 215
-6.1683 0000 108.9504 206
-6.1248 0000 108.9604 214
-6.0821 0000 109.0015 224
-6.0384 0000 109.0063 260
-5.9939 0000 108.9826 313
-5.9500 0000 108.9822 326
-5.9063 0000 108.9871 320
-5.8633 0000 109.0178 350
-5.8202 0000 109.0434 362
-5.7765 0000 109.0508 398
-5.7333 0000 109.0764 401
-5.6896 0000 109.0813 427
-5.6458 0000 109.0835 444
-5.6021 0000 109.0909 433
-5.5584 0000 109.0957 396
-5.5146 0000 109.0980 357
-5.4708 0000 109.1028 331
-5.4277 0000 109.1310 324
-5.3837 0000 109.1280 301
-5.3397 0000 109.1198 284
-5.2950 0000 109.0883 268
-5.2511 0000 109.0879 263
-5.2080 0000 109.1161 273
-5.1641 0000 109.1157 255
-5.1186 0000 109.0478 223
-5.0741 0000 109.0215 210
-5.0297 0000 108.9977 220
-4.9861 0000 109.0052 214
-4.9431 0000 109.0437 207
-4.9001 0000 109.0849 204
-4.8570 0000 109.1183 208
-4.8126 0000 109.0945 192
-4.7685 0000 109.0812 200
-4.7242 0000 109.0626 211
-4.6790 0000 108.9999 203
-4.6349 0000 108.9892 169
-4.5902 0000 108.9473 132
-4.5457 0000 108.9132 111
-4.5019 0000 108.9154 107
-4.4591 0000 108.9669 141
-4.4162 0000 109.0158 179
-4.3729 0000 109.0414 254
-4.3293 0000 109.0566 264
-4.2856 0000 109.0666 287
-4.2414 0000 109.0507 244
-4.1967 0000 109.0035 172
-4.1515 0000 108.9305 134
-4.1068 0000 108.8834 137
-4.0627 0000 108.8649 175
-4.0189 0000 108.8697 179
-3.9757 0000 108.9057 144
-3.9334 0000 108.9935 147
-3.8904 0000 109.0450 162
-3.8476 0000 109.1070 186
-3.8043 0000 109.1430 182
-3.7606 0000 109.1504 161
-3.7160 0000 109.1085 124
-3.6699 0000 108.9679 98
-3.6227 0000 108.7549 128
-3.5793 0000 108.7804 165
-3.5356 0000 108.7878 194
-3.4922 0000 108.8108 189
-3.4485 0000 108.8182 143
-3.4079 0000 109.0461 112
-3.3651 0000 109.1184 142
-3.3222 0000 109.1882 183
-3.2775 0000 109.1306 229
-3.2333 0000 109.1043 281
-3.1886 0000 109.0416 313
-3.1446 0000 109.0308 314
-3.1007 0000 109.0278 315
-3.0569 0000 109.0326 322
-3.0126 0000 109.0011 302
-2.9686 0000 108.9851 288
-2.9239 0000 108.9147 270
-2.8795 0000 108.8651 229
-2.8353 0000 108.8258 211
-2.7913 0000 108.8151 192
-2.7472 0000 108.7811 185
-2.7034 0000 108.7833 174
-2.6599 0000 108.8114 172
-2.6161 0000 108.8162 147
-2.5724 0000 108.8184 119
-2.5286 0000 108.8232 111
-2.4854 0000 108.8902 137
-2.4419 0000 108.9209 173
-2.3981 0000 108.9180 204
-2.3540 0000 108.8891 214
-2.3101 0000 108.8809 182
-2.2663 0000 108.8779 145
-2.2221 0000 108.8309 128
-2.1780 0000 108.7865 160
-2.1340 0000 108.7706 171
-2.0906 0000 108.8143 243
-2.0469 0000 108.8346 319
-2.0033 0000 108.8498 254
-1.9592 0000 108.8157 188
-1.9154 0000 108.8024 183
-1.8716 0000 108.8098 214
-1.8278 0000 108.8094 218
-1.7840 0000 108.7987 192
-1.7402 0000 108.8009 158
-1.6967 0000 108.8471 141
-1.6531 0000 108.8908 163
-1.6095 0000 108.9215 163
-1.5657 0000 108.9264 160
-1.5219 0000 108.9286 148
-1.4781 0000 108.9282 128
-1.4344 0000 108.9563 122
-1.3904 0000 108.9093 117
-1.3466 0000 108.9011 108
-1.3028 0000 108.9034 107
-1.2591 0000 108.9341 109
-1.2155 0000 108.9778 113
-1.1717 0000 108.9722 104
-1.1276 0000 108.8552 104
-1.0837 0000 108.8186 124
-1.0400 0000 108.8131 131
-0.9962 0000 108.8049 129
-0.9524 0000 108.8071 123
-0.9087 0000 108.8197 106
-0.8650 0000 108.8763 91
-0.8212 0000 108.8707 98
-0.7774 0000 108.8600 114
-0.7337 0000 108.8467 117
-0.6899 0000 108.8049 109
-0.6461 0000 108.8408 106
-0.6023 0000 108.8896 97
-0.5586 0000 108.9022 112
-0.5148 0000 108.8966 131
-0.4710 0000 108.8859 142
-0.4273 0000 108.9062 142
-0.3835 0000 108.9188 132
-0.3396 0000 108.9495 101
-0.2958 0000 108.9543 74
-0.2520 0000 108.9721 76
-0.2081 0000 109.0184 92
-0.1642 0000 109.0596 109
-0.1202 0000 109.1345 137
-0.0760 0000 109.2666 152
-0.0320 0000 109.3105 167
0.0120 0000 109.3517 169
0.0561 0000 109.4321 181
0.1001 0000 109.4577 204
0.1441 0000 109.4938 225
0.1880 0000 109.4934 221
0.2320 0000 109.5009 217
0.2762 0000 109.5735 217
0.3203 0000 109.6175 211
0.3644 0000 109.6484 226
0.4083 0000 109.6480 231
0.4523 0000 109.6555 231
0.4963 0000 109.6681 233
0.5405 0000 109.7095 260
0.5845 0000 109.7170 285
0.6286 0000 109.7454 286
0.6726 0000 109.7528 298
0.7170 0000 109.8073 312
0.7609 0000 109.8095 318
0.8049 0000 109.8118 304
0.8489 0000 109.8166 264
0.8929 0000 109.8188 211
0.9371 0000 109.8446 188
0.9814 0000 109.8835 166
1.0258 0000 109.9354 164
1.0705 0000 110.0136 172
1.1150 0000 110.0604 167
1.1590 0000 110.0626 176
1.2031 0000 110.0701 187
1.2472 0000 110.0776 207
1.2913 0000 110.0825 230
1.3356 0000 110.1109 244
1.3796 0000 110.1105 267
1.4233 0000 110.0734 295
1.4672 0000 110.0652 293
1.5109 0000 110.0307 259
1.5547 0000 110.0146 246
1.5987 0000 110.0116 192
1.6429 0000 110.0243 146
1.6878 0000 110.0973 134
1.7324 0000 110.1415 129
1.7769 0000 110.1805 116
1.8209 0000 110.1749 112
1.8644 0000 110.1325 124
1.9081 0000 110.1059 135
1.9521 0000 110.1055 113
1.9962 0000 110.1077 93
2.0413 0000 110.1834 99
2.0863 0000 110.2487 115
2.1314 0000 110.3140 134
2.1754 0000 110.3084 154
2.2195 0000 110.3080 172
2.2637 0000 110.3181 172
2.3080 0000 110.3282 145
2.3527 0000 110.3673 125
2.3970 0000 110.3775 105
2.4421 0000 110.4402 89
2.4863 0000 110.4425 84
2.5317 0000 110.5159 86
2.5766 0000 110.5629 109
2.6210 0000 110.5731 123
2.6653 0000 110.5832 118
2.7108 0000 110.6594 107
2.7564 0000 110.7356 112
2.8014 0000 110.7801 110
2.8456 0000 110.7771 133
2.8903 0000 110.8058 156
2.9347 0000 110.8133 167
2.9790 0000 110.8156 150
3.0225 0000 110.7782 118
3.0664 0000 110.7646 83
3.1074 0000 110.6032 71
3.1506 0000 110.5527 97
3.1948 0000 110.5523 114
3.2396 0000 110.5836 95
3.2842 0000 110.6070 92
3.3292 0000 110.6462 117
3.3737 0000 110.6590 129
3.4186 0000 110.6903 118
3.4631 0000 110.7058 111
3.5080 0000 110.7345 101
3.5524 0000 110.7446 79
3.5975 0000 110.7813 66
3.6427 0000 110.8232 76
3.6877 0000 110.8599 77
3.7320 0000 110.8595 73
3.7761 0000 110.8538 69
3.8203 0000 110.8535 73
3.8648 0000 110.8610 82
3.9098 0000 110.8924 92
3.9543 0000 110.9026 103
3.9988 0000 110.9129 119
4.0442 0000 110.9602 108
4.0925 0000 111.1188 85
4.1423 0000 111.3336 100
4.1889 0000 111.4184 124
4.2344 0000 111.4606 139
4.2790 0000 111.4682 125
4.3230 0000 111.4545 113
4.3660 0000 111.4036 99
4.4090 0000 111.3527 106
4.4529 0000 111.3364 124
4.4974 0000 111.3413 141
4.5422 0000 111.3569 129
4.5878 0000 111.3991 117
4.6331 0000 111.4334 106
4.6779 0000 111.4463 116
4.7232 0000 111.4806 135
4.7679 0000 111.4908 150
4.8131 0000 111.5171 138
4.8585 0000 111.5514 104
4.9053 0000 111.6337 80
4.9490 0000 111.6093 74
4.9931 0000 111.5983 83
5.0367 0000 111.5686 85
5.0812 0000 111.5735 80
5.1246 0000 111.5385 80
5.1673 0000 111.4849 77
5.2112 0000 111.4685 80
5.2566 0000 111.5001 100
5.3012 0000 111.5077 116
5.3470 0000 111.5500 107
5.3944 0000 111.6429 109
5.4414 0000 111.7253 135
5.4857 0000 111.7196 182
5.5280 0000 111.6552 226
5.5716 0000 111.6281 218
5.6143 0000 111.5771 198
5.6575 0000 111.5394 200
5.7019 0000 111.5390 196
5.7467 0000 111.5493 189
5.7914 0000 111.5596 151
5.8457 0000 111.8501 107
5.8956 0000 112.0076 122
5.9396 0000 111.9938 114
5.9847 0000 112.0095 105
6.0349 0000 112.1753 103
6.0801 0000 112.1936 138
6.1259 0000 112.2281 174
6.1722 0000 112.2761 182
6.2186 0000 112.3294 208
6.2632 0000 112.3290 247
6.3069 0000 112.3044 285
6.3491 0000 112.2396 298
6.3931 0000 112.2258 307
6.4368 0000 112.2013 341
6.4812 0000 112.1982 324
6.5266 0000 112.2193 257
6.5713 0000 112.2242 205
6.6158 0000 112.2238 190
6.6603 0000 112.2208 206
6.7048 0000 112.2204 200
6.7481 0000 112.1878 172
6.7922 0000 112.1767 139
6.8369 0000 112.1790 130
6.8815 0000 112.1812 134
6.9265 0000 112.1916 145
6.9715 0000 112.2046 143
7.0169 0000 112.2256 122
7.0598 0000 112.1850 117
7.1043 0000 112.1819 123
7.1503 0000 112.2191 125
7.1983 0000 112.3045 124
7.2438 0000 112.3256 126
7.2912 0000 112.3951 116
7.3344 0000 112.3624 98
7.3798 0000 112.3808 96
7.4226 0000 112.3374 109
7.4680 0000 112.3585 119
7.5150 0000 112.4145 139
7.5620 0000 112.4733 168
7.6068 0000 112.4756 186
7.6504 0000 112.4536 175
7.6944 0000 112.4398 177
7.7388 0000 112.4340 181
7.7837 0000 112.4417 185
7.8302 0000 112.4843 199
7.8751 0000 112.4919 197
7.9209 0000 112.5184 190
7.9646 0000 112.4965 154
8.0087 0000 112.4853 135
8.0506 0000 112.4258 120
8.0925 0000 112.3662 121
8.1339 0000 112.2960 132
8.1787 0000 112.3010 128
8.2235 0000 112.3059 123
8.2683 0000 112.3109 125
8.3140 0000 112.3346 131
8.3587 0000 112.3369 145
8.4036 0000 112.3446 146
8.4487 0000 112.3549 129
8.4936 0000 112.3625 105
8.5378 0000 112.3541 92
8.5817 0000 112.3402 95
8.6232 0000 112.2754 101
8.6676 0000 112.2723 102
8.7122 0000 112.2745 99
8.7582 0000 112.3036 96
8.8043 0000 112.3354 108
8.8490 0000 112.3377 122
8.8929 0000 112.3239 149
8.9386 0000 112.3476 123
8.9832 0000 112.3472 101
9.0316 0000 112.4247 91
9.0815 0000 112.5292 113
9.1287 0000 112.5799 154
9.1734 0000 112.5822 184
9.2195 0000 112.6114 204
9.2643 0000 112.6137 187
9.3068 0000 112.5729 157
9.3509 0000 112.5617 149
9.3918 0000 112.4913 145
9.4347 0000 112.4586 133
9.4768 0000 112.4125 136
9.5220 0000 112.4228 137
9.5672 0000 112.4358 126
9.6119 0000 112.4381 125
9.6563 0000 112.4350 136
9.7008 0000 112.4319 131
9.7455 0000 112.4341 117
9.7922 0000 112.4741 114
9.8387 0000 112.5086 105
9.8835 0000 112.5136 108
9.9302 0000 112.5508 110
9.9748 0000 112.5504 118
10.0193 0000 112.5500 141
10.0645 0000 112.5603 171
10.1112 0000 112.5976 200
10.1576 0000 112.6295 190
10.2022 0000 112.6291 182
10.2469 0000 112.6314 172
10.2895 0000 112.5959 153
10.3295 0000 112.5147 143
10.3722 0000 112.4820 141
10.4117 0000 112.3956 165
10.4530 0000 112.3387 172
10.4966 0000 112.3222 165
10.5409 0000 112.3191 150
10.5857 0000 112.3240 128
10.6307 0000 112.3317 112
10.6773 0000 112.3662 101
10.7243 0000 112.4087 118
10.7719 0000 112.4594 133
10.8191 0000 112.5047 146
10.8653 0000 112.5312 160
10.9063 0000 112.4716 164
10.9503 0000 112.4631 173
10.9929 0000 112.4304 192
11.0346 0000 112.3843 191
11.0784 0000 112.3731 209
11.1233 0000 112.3781 223
11.1681 0000 112.3830 227
11.2126 0000 112.3826 218
11.2571 0000 112.3822 197
11.3036 0000 112.4140 166
11.3504 0000 112.4512 151
11.3949 0000 112.4507 136
11.4391 0000 112.4449 119
11.4785 0000 112.3639 118
11.5184 0000 112.2910 116
11.5622 0000 112.2798 111
11.6064 0000 112.2767 108
11.6511 0000 112.2790 109
11.6972 0000 112.3054 106
11.7422 0000 112.3130 107
11.7842 0000 112.2750 98
11.8259 0000 112.2317 102
11.8751 0000 112.3037 105
11.9232 0000 112.3596 123
11.9707 0000 112.4048 165
12.0172 0000 112.4366 171
12.0624 0000 112.4469 174
12.1069 0000 112.4465 177
12.1507 0000 112.4353 169
12.1933 0000 112.4080 167
12.2382 0000 112.4130 161
12.2823 0000 112.4071 150
12.3256 0000 112.3906 124
12.3675 0000 112.3526 108
12.4165 0000 112.4193 118
12.4623 0000 112.4376 127
12.5067 0000 112.4372 124
12.5484 0000 112.3964 121
12.5873 0000 112.3155 122
12.6282 0000 112.2641 131
12.6723 0000 112.2583 149
12.7191 0000 112.2927 177
12.7641 0000 112.3003 173
12.8083 0000 112.2971 132
12.8555 0000 112.3369 88
12.9041 0000 112.3955 82
12.9491 0000 112.4031 86
12.9958 0000 112.4349 110
13.0412 0000 112.4479 143
13.0877 0000 112.4770 157
13.1350 0000 112.5168 171
13.1826 0000 112.5594 209
13.2297 0000 112.5966 194
13.2779 0000 112.6472 168
13.3282 0000 112.7275 170
13.3748 0000 112.7567 185
13.4195 0000 112.7589 193
13.4666 0000 112.7935 192
13.5123 0000 112.8092 174
13.5577 0000 112.8222 148
13.6012 0000 112.8082 121
13.6346 0000 112.6569 110
13.6713 0000 112.5515 122
13.7149 0000 112.5403 126
13.7577 0000 112.5183 134
13.8045 0000 112.5501 116
13.8502 0000 112.5658 108
13.8952 0000 112.5734 102
13.9394 0000 112.5702 98
13.9857 0000 112.5939 93
14.0273 0000 112.5558 98
14.0676 0000 112.5015 96
14.1087 0000 112.4581 112
14.1504 0000 112.4227 125
14.1946 0000 112.4195 163
14.2390 0000 112.4190 195
14.2823 0000 112.4051 208
14.3240 0000 112.3697 186
14.3690 0000 112.3773 165
14.4207 0000 112.4708 156
14.4728 0000 112.5698 180
14.5227 0000 112.6392 229
14.5674 0000 112.6414 269
14.6116 0000 112.6382 275
14.6583 0000 112.6674 273
14.7036 0000 112.6776 248
14.7487 0000 112.6852 216
14.7901 0000 112.6470 181
14.8330 0000 112.6277 161
14.8728 0000 112.5707 147
14.9133 0000 112.5218 127
14.9521 0000 112.4515 132
14.9914 0000 112.3892 131
15.0338 0000 112.3645 128
15.0753 0000 112.3291 147
15.1198 0000 112.3313 161
15.1659 0000 112.3523 152
15.2111 0000 112.3625 150
15.2639 0000 112.4641 147
15.3098 0000 112.4824 155
15.3546 0000 112.4873 152
15.3978 0000 112.4733 146
15.4408 0000 112.4567 143
15.4892 0000 112.5046 136
15.5356 0000 112.5283 134
15.5840 0000 112.5762 138
15.6298 0000 112.5918 152
15.6803 0000 112.6640 174
15.7256 0000 112.6743 200
15.7700 0000 112.6738 222
15.8130 0000 112.6571 229
15.8562 0000 112.6431 222
15.9006 0000 112.6426 201
15.9452 0000 112.6448 172
15.9870 0000 112.6147 156
16.0309 0000 112.6088 168
16.0755 0000 112.6110 184
16.1215 0000 112.6293 201
16.1704 0000 112.6800 231
16.2202 0000 112.7415 250
16.2655 0000 112.7517 263
16.3127 0000 112.7836 260
16.3576 0000 112.7885 272
16.4025 0000 112.7933 281
16.4474 0000 112.7982 283
16.4949 0000 112.8328 275
16.5434 0000 112.8781 296
16.5919 0000 112.9235 326
16.6400 0000 112.9635 312
16.6873 0000 112.9954 311
16.7322 0000 113.0003 289
16.7764 0000 112.9971 260
16.8209 0000 112.9966 238
16.8665 0000 113.0096 238
16.9142 0000 113.0442 241
16.9623 0000 113.0843 271
17.0078 0000 113.0946 264
17.0525 0000 113.0967 223
17.0952 0000 113.0773 160
17.1324 0000 112.9984 119
17.1801 0000 113.0330 112
17.2295 0000 113.0866 116
17.2785 0000 113.1347 131
17.3305 0000 113.2154 142
17.3790 0000 113.2582 158
17.4233 0000 113.2550 186
17.4685 0000 113.2626 211
17.5158 0000 113.2919 242
17.5613 0000 113.3022 232
17.6083 0000 113.3288 201
17.6556 0000 113.3580 197
17.7045 0000 113.4036 165
17.7575 0000 113.4926 162
17.8101 0000 113.5763 166
17.8572 0000 113.6029 156
17.9059 0000 113.6459 150
17.9510 0000 113.6508 136
17.9981 0000 113.6775 120
18.0430 0000 113.6796 119
18.0870 0000 113.6737 122
18.1318 0000 113.6758 128
18.1766 0000 113.6780 128
18.2206 0000 113.6720 120
18.2659 0000 113.6797 108
18.3185 0000 113.7607 101
18.3718 0000 113.8500 100
18.4244 0000 113.9313 105
18.4746 0000 113.9880 123
18.5222 0000 114.0174 127
18.5660 0000 114.0087 126
18.6097 0000 114.0000 127
18.6549 0000 114.0049 140
18.6997 0000 114.0070 155
18.7416 0000 113.9792 180
18.7862 0000 113.9787 190
18.8332 0000 114.0026 178
18.8789 0000 114.0130 178
18.9267 0000 114.0452 179
18.9730 0000 114.0610 152
19.0247 0000 114.1314 131
19.0709 0000 114.1473 125
19.1158 0000 114.1494 127
19.1635 0000 114.1789 131
19.2089 0000 114.1866 144
19.2535 0000 114.1860 147
19.2978 0000 114.1827 139
19.3415 0000 114.1740 127
19.3867 0000 114.1789 123
19.4352 0000 114.2166 128
19.4795 0000 114.2133 112
19.5235 0000 114.2073 95
19.5607 0000 114.1357 94
19.6098 0000 114.1788 96
19.6595 0000 114.2274 104
19.7126 0000 114.3089 107
19.7623 0000 114.3576 113
19.8155 0000 114.4392 114
19.8650 0000 114.4852 121
19.9105 0000 114.4928 143
19.9554 0000 114.4950 161
20.0037 0000 114.5301 194
20.0483 0000 114.5295 215
20.0927 0000 114.5262 223
20.1373 0000 114.5256 221
20.1825 0000 114.5305 214
20.2271 0000 114.5300 201
20.2708 0000 114.5212 184
20.3157 0000 114.5234 171
20.3618 0000 114.5365 173
20.4105 0000 114.5743 197
20.4587 0000 114.6067 193
20.5036 0000 114.6089 198
20.5473 0000 114.6001 208
20.5913 0000 114.5940 215
20.6330 0000 114.5660 217
20.6776 0000 114.5655 199
20.7183 0000 114.5293 174
20.7617 0000 114.5178 163
20.8063 0000 114.5172 151
20.8548 0000 114.5523 149
20.9048 0000 114.6011 138
20.9551 0000 114.6526 150
21.0046 0000 114.6960 159
21.0525 0000 114.7256 199
21.1002 0000 114.7525 204
21.1460 0000 114.7629 209
21.1913 0000 114.7678 214
21.2365 0000 114.7728 208
21.2824 0000 114.7832 185
21.3307 0000 114.8156 161
21.3726 0000 114.7903 118
21.4154 0000 114.7733 103
21.4563 0000 114.7398 112
21.5028 0000 114.7557 123
21.5511 0000 114.7881 137
21.5986 0000 114.8123 120
21.6438 0000 114.8172 123
21.6960 0000 114.8826 144
21.7454 0000 114.9233 145
21.7916 0000 114.9365 140
21.8444 0000 115.0075 137
21.8948 0000 115.0564 124
21.9408 0000 115.0669 113
21.9826 0000 115.0416 115
22.0283 0000 115.0493 117
22.0800 0000 115.1093 115
22.1170 0000 115.0427 105
22.1595 0000 115.0228 91
22.1987 0000 114.9755 86
22.2431 0000 114.9722 87
22.2890 0000 114.9827 92
22.3389 0000 115.0261 104
22.3881 0000 115.0641 100
22.4386 0000 115.1132 100
22.4888 0000 115.1595 115
22.5287 0000 115.1176 120
22.5630 0000 115.0289 123
22.6070 0000 115.0229 125
22.6510 0000 115.0168 126
22.6924 0000 114.9887 139
22.7371 0000 114.9882 150
22.7818 0000 114.9877 158
22.8298 0000 115.0146 159
22.8765 0000 115.0306 169
22.9218 0000 115.0356 168
22.9672 0000 115.0405 175
23.0205 0000 115.1116 196
23.0675 0000 115.1303 219
23.1126 0000 115.1326 226
23.1599 0000 115.1541 234
23.2047 0000 115.1535 220
23.2497 0000 115.1557 208
23.2954 0000 115.1635 195
23.3432 0000 115.1877 165
23.3879 0000 115.1872 145
23.4292 0000 115.1591 133
23.4736 0000 115.1558 112
23.5193 0000 115.1635 98
23.5718 0000 115.2264 98
23.6227 0000 115.2755 115
23.6728 0000 115.3191 118
23.7268 0000 115.3932 126
23.7828 0000 115.4838 133
23.8337 0000 115.5331 132
23.8792 0000 115.5381 133
23.9233 0000 115.5320 138
23.9677 0000 115.5287 144
24.0135 0000 115.5364 144
24.0673 0000 115.6078 149
24.1151 0000 115.6322 166
24.1686 0000 115.7009 186
24.2151 0000 115.7142 198
24.2620 0000 115.7303 197
24.3113 0000 115.7658 182
24.3565 0000 115.7680 181
24.4019 0000 115.7730 185
24.4513 0000 115.8085 206
24.4957 0000 115.8052 222
24.5405 0000 115.8046 231
24.5860 0000 115.8096 227
24.6343 0000 115.8368 204
24.6794 0000 115.8390 197
24.7242 0000 115.8384 194
24.7732 0000 115.8711 191
24.8194 0000 115.8817 204
24.8695 0000 115.9227 230
24.9147 0000 115.9249 237
24.9594 0000 115.9243 231
25.0042 0000 115.9237 216
25.0525 0000 115.9509 212
25.0977 0000 115.9531 202
25.1439 0000 115.9636 196
25.1893 0000 115.9686 198
25.2388 0000 116.0041 193
25.2890 0000 116.0452 206
25.3348 0000 116.0529 220
25.3799 0000 116.0551 238
25.4290 0000 116.0879 228
25.4745 0000 116.0928 217
25.5196 0000 116.0950 212
25.5651 0000 116.0999 211
25.6157 0000 116.1438 223
25.6707 0000 116.2211 233
25.7173 0000 116.2344 241
25.7661 0000 116.2644 233
25.8109 0000 116.2637 242
25.8556 0000 116.2630 255
25.9007 0000 116.2652 263
25.9458 0000 116.2673 255
25.9909 0000 116.2694 229
26.0349 0000 116.2631 205
26.0788 0000 116.2569 190
26.1239 0000 116.2590 176
26.1735 0000 116.2945 168
26.2182 0000 116.2938 162
26.2629 0000 116.2931 168
26.3076 0000 116.2924 178
26.3477 0000 116.2582 175
26.3920 0000 116.2547 177
26.4408 0000 116.2847 183
26.4863 0000 116.2895 177
26.5325 0000 116.2999 172
26.5783 0000 116.3076 170
26.6233 0000 116.3096 175
26.6733 0000 116.3479 193
26.7237 0000 116.3890 188
26.7745 0000 116.4328 197
26.8254 0000 116.4767 192
26.8720 0000 116.4899 214
26.9209 0000 116.5199 254
26.9699 0000 116.5498 252
27.0153 0000 116.5546 254
27.0612 0000 116.5622 251
27.1066 0000 116.5670 235
27.1517 0000 116.5691 215
27.1960 0000 116.5655 202
27.2395 0000 116.5563 193
27.2787 0000 116.5164 194
27.3214 0000 116.5017 175
27.3703 0000 116.5316 145
27.4158 0000 116.5364 137
27.4608 0000 116.5384 145
27.5067 0000 116.5460 152
27.5584 0000 116.5954 145
27.6047 0000 116.6058 143
27.6557 0000 116.6497 147
27.7067 0000 116.6936 138
27.7514 0000 116.6928 133
27.7949 0000 116.6836 133
27.8392 0000 116.6799 148
27.8838 0000 116.6791 173
27.9285 0000 116.6783 195
27.9699 0000 116.6551 230
28.0194 0000 116.6878 268
28.0685 0000 116.7177 247
28.1140 0000 116.7225 227
28.1587 0000 116.7217 203
28.2090 0000 116.7600 186
28.2602 0000 116.8039 203
28.3122 0000 116.8535 204
28.3626 0000 116.8918 218
28.4138 0000 116.9358 208
28.4651 0000 116.9798 222
28.5094 0000 116.9762 220
28.5480 0000 116.9333 204
28.5877 0000 116.8988 203
28.6324 0000 116.8980 194
28.6771 0000 116.8971 184
28.7214 0000 116.8935 177
28.7711 0000 116.9262 173
28.8158 0000 116.9254 188
28.8551 0000 116.8881 199
28.8998 0000 116.8873 211
