wt=150945334, DLLFiFo=0
-25.1204 0000 88.8460 114
-25.0823 0000 88.8494 136
-25.0442 0000 88.8528 157
-25.0064 0000 88.8583 163
-24.9691 0000 88.8679 159
-24.9337 0000 88.8899 159
-24.8968 0000 88.9016 138
-24.8655 0000 88.9524 128
-24.8294 0000 88.9702 128
-24.7910 0000 88.9716 106
-24.7504 0000 88.9586 74
-24.7069 0000 88.9249 65
-24.6720 0000 88.9510 73
-24.6336 0000 88.9524 95
-24.5987 0000 88.9785 112
-24.5634 0000 89.0026 142
-24.5253 0000 89.0060 142
-24.4889 0000 89.0218 142
-24.4524 0000 89.0377 144
-24.4187 0000 89.0721 133
-24.3802 0000 89.0735 154
-24.3417 0000 89.0749 191
-24.3055 0000 89.0928 182
-24.2679 0000 89.1004 172
-24.2297 0000 89.1038 146
-24.1967 0000 89.1445 127
-24.1591 0000 89.1521 130
-24.1208 0000 89.1555 144
-24.0829 0000 89.1611 151
-24.0450 0000 89.1666 147
-24.0061 0000 89.1660 134
-23.9673 0000 89.1653 114
-23.9294 0000 89.1709 105
-23.8949 0000 89.2012 134
-23.8601 0000 89.2295 157
-23.8215 0000 89.2309 169
-23.7824 0000 89.2282 161
-23.7427 0000 89.2214 169
-23.7042 0000 89.2228 187
-23.6722 0000 89.2718 173
-23.6370 0000 89.2981 141
-23.6024 0000 89.3285 132
-23.5636 0000 89.3279 118
-23.5250 0000 89.3293 112
-23.4870 0000 89.3349 120
-23.4532 0000 89.3716 134
-23.4098 0000 89.3378 136
-23.3704 0000 89.3331 129
-23.3321 0000 89.3366 126
-23.2980 0000 89.3712 136
-23.2594 0000 89.3726 140
-23.2213 0000 89.3783 129
-23.1833 0000 89.3839 130
-23.1441 0000 89.3812 144
-23.1047 0000 89.3764 163
-23.0658 0000 89.3759 187
-23.0250 0000 89.3608 175
-22.9861 0000 89.3602 155
-22.9541 0000 89.4114 142
-22.9218 0000 89.4606 164
-22.8843 0000 89.4704 174
-22.8487 0000 89.4947 156
-22.8097 0000 89.4941 148
-22.7670 0000 89.4645 151
-22.7272 0000 89.4577 140
-22.6880 0000 89.4551 124
-22.6453 0000 89.4255 147
-22.6042 0000 89.4083 192
-22.5658 0000 89.4119 233
-22.5272 0000 89.4134 223
-22.4880 0000 89.4108 196
-22.4469 0000 89.3937 182
-22.4069 0000 89.3848 145
-22.3680 0000 89.3843 120
-22.3293 0000 89.3858 112
-22.2912 0000 89.3915 149
-22.2542 0000 89.4055 194
-22.2155 0000 89.4070 217
-22.1782 0000 89.4190 242
-22.1392 0000 89.4184 248
-22.1011 0000 89.4241 252
-22.0654 0000 89.4485 249
-22.0280 0000 89.4605 250
-21.9901 0000 89.4683 202
-21.9506 0000 89.4636 158
-21.9101 0000 89.4506 129
-21.8685 0000 89.4294 118
-21.8293 0000 89.4268 110
-21.7898 0000 89.4222 130
-21.7503 0000 89.4175 146
-21.7106 0000 89.4108 122
-21.6685 0000 89.3854 114
-21.6283 0000 89.3746 108
-21.5867 0000 89.3534 85
-21.5457 0000 89.3363 101
-21.5073 0000 89.3400 119
-21.4699 0000 89.3519 102
-21.4307 0000 89.3494 96
-21.3897 0000 89.3323 116
-21.3502 0000 89.3277 147
-21.3131 0000 89.3417 174
-21.2749 0000 89.3475 207
-21.2364 0000 89.3512 208
-21.1975 0000 89.3507 191
-21.1583 0000 89.3482 163
-21.1196 0000 89.3498 130
-21.0811 0000 89.3535 112
-21.0429 0000 89.3592 110
-21.0047 0000 89.3650 121
-20.9655 0000 89.3625 133
-20.9265 0000 89.3620 130
-20.8886 0000 89.3699 118
-20.8514 0000 89.3840 119
-20.8089 0000 89.3545 100
-20.7687 0000 89.3437 108
-20.7300 0000 89.3453 121
-20.6908 0000 89.3428 136
-20.6518 0000 89.3423 135
-20.6128 0000 89.3419 115
-20.5736 0000 89.3394 109
-20.5317 0000 89.3141 109
-20.4885 0000 89.2784 146
-20.4484 0000 89.2676 211
-20.4109 0000 89.2796 263
-20.3734 0000 89.2916 346
-20.3361 0000 89.3057 444
-20.2981 0000 89.3136 484
-20.2592 0000 89.3131 468
-20.2195 0000 89.3065 456
-20.1800 0000 89.3019 412
-20.1413 0000 89.3036 335
-20.1026 0000 89.3052 319
-20.0634 0000 89.3027 344
-20.0241 0000 89.3002 317
-19.9849 0000 89.2977 256
-19.9450 0000 89.2890 212
-19.9058 0000 89.2865 190
-19.8666 0000 89.2841 250
-19.8286 0000 89.2919 305
-19.7889 0000 89.2853 274
-19.7487 0000 89.2745 206
-19.7093 0000 89.2700 166
-19.6703 0000 89.2695 167
-19.6318 0000 89.2733 179
-19.5931 0000 89.2749 170
-19.5562 0000 89.2932 151
-19.5177 0000 89.2969 155
-19.4797 0000 89.3048 156
-19.4416 0000 89.3127 148
-19.4043 0000 89.3268 149
-19.3669 0000 89.3409 139
-19.3277 0000 89.3384 159
-19.2883 0000 89.3339 177
-19.2493 0000 89.3335 180
-19.2080 0000 89.3123 198
-19.1671 0000 89.2953 188
-19.1277 0000 89.2907 201
-19.0885 0000 89.2883 213
-19.0511 0000 89.3024 207
-19.0142 0000 89.3206 187
-18.9779 0000 89.3451 173
-18.9384 0000 89.3406 168
-18.8999 0000 89.3443 180
-18.8614 0000 89.3481 208
-18.8223 0000 89.3476 236
-18.7838 0000 89.3514 248
-18.7459 0000 89.3614 230
-18.7083 0000 89.3734 192
-18.6715 0000 89.3938 172
-18.6351 0000 89.4183 137
-18.5968 0000 89.4241 134
-18.5602 0000 89.4466 146
-18.5214 0000 89.4482 166
-18.4846 0000 89.4686 178
-18.4462 0000 89.4744 165
-18.4065 0000 89.4678 155
-18.3624 0000 89.4196 141
-18.3196 0000 89.3839 149
-18.2802 0000 89.3793 175
-18.2416 0000 89.3830 191
-18.2021 0000 89.3785 188
-18.1609 0000 89.3573 172
-18.1273 0000 89.4088 200
-18.0941 0000 89.4645 265
-18.0564 0000 89.4765 314
-18.0173 0000 89.4761 319
-17.9759 0000 89.4529 269
-17.9334 0000 89.4192 265
-17.8916 0000 89.3918 247
-17.8523 0000 89.3893 241
-17.8150 0000 89.4055 238
-17.7768 0000 89.4134 240
-17.7390 0000 89.4254 267
-17.7006 0000 89.4312 284
-17.6656 0000 89.4703 277
-17.6282 0000 89.4865 307
-17.5904 0000 89.4986 351
-17.5547 0000 89.5314 328
-17.5143 0000 89.5185 262
-17.4731 0000 89.4973 254
-17.4334 0000 89.4906 225
-17.3998 0000 89.5443 223
-17.3642 0000 89.5792 242
-17.3276 0000 89.6038 284
-17.2891 0000 89.6096 296
-17.2502 0000 89.6113 307
-17.2111 0000 89.6108 290
-17.1720 0000 89.6104 243
-17.1331 0000 89.6120 206
-17.0952 0000 89.6241 207
-17.0555 0000 89.6174 218
-17.0149 0000 89.6024 244
-16.9758 0000 89.6019 279
-16.9365 0000 89.5994 255
-16.8982 0000 89.6073 203
-16.8647 0000 89.6652 189
-16.8276 0000 89.6856 203
-16.7911 0000 89.7123 184
-16.7545 0000 89.7390 181
-16.7162 0000 89.7469 169
-16.6792 0000 89.7694 177
-16.6411 0000 89.7794 185
-16.6041 0000 89.8019 195
-16.5653 0000 89.8056 239
-16.5259 0000 89.8031 294
-16.4881 0000 89.8173 297
-16.4497 0000 89.8252 279
-16.4131 0000 89.8519 269
-16.3751 0000 89.8640 246
-16.3382 0000 89.8886 186
-16.3079 0000 89.9823 137
-16.2765 0000 90.0656 133
-16.2396 0000 90.0903 151
-16.1995 0000 90.0815 165
-16.1575 0000 90.0517 174
-16.1181 0000 90.0492 159
-16.0786 0000 90.0466 139
-16.0375 0000 90.0252 139
-15.9957 0000 89.9976 135
-15.9559 0000 89.9908 133
-15.9142 0000 89.9632 134
-15.8751 0000 89.9648 136
-15.8366 0000 89.9727 134
-15.7980 0000 89.9786 123
-15.7638 0000 90.0347 133
-15.7255 0000 90.0447 161
-15.6904 0000 90.0904 178
-15.6545 0000 90.1277 173
-15.6203 0000 90.1839 175
-15.5823 0000 90.1981 162
-15.5453 0000 90.2229 168
-15.5058 0000 90.2203 175
-15.4663 0000 90.2178 235
-15.4258 0000 90.2047 327
-15.3863 0000 90.2022 415
-15.3470 0000 90.2017 437
-15.3079 0000 90.2034 435
-15.2712 0000 90.2324 412
-15.2328 0000 90.2424 368
-15.1947 0000 90.2567 294
-15.1583 0000 90.2899 247
-15.1226 0000 90.3315 197
-15.0887 0000 90.3942 182
-15.0531 0000 90.4380 195
-15.0165 0000 90.4691 206
-14.9787 0000 90.4877 253
-14.9398 0000 90.4935 243
-14.9012 0000 90.5015 214
-14.8657 0000 90.5475 197
-14.8277 0000 90.5639 219
-14.7892 0000 90.5741 258
-14.7517 0000 90.5968 241
-14.7148 0000 90.6260 246
-14.6775 0000 90.6509 205
-14.6384 0000 90.6547 198
-14.5993 0000 90.6585 199
-14.5605 0000 90.6665 196
-14.5226 0000 90.6851 188
-14.4837 0000 90.6910 154
-14.4470 0000 90.7244 148
-14.4091 0000 90.7430 165
-14.3710 0000 90.7595 158
-14.3312 0000 90.7548 151
-14.2915 0000 90.7523 168
-14.2527 0000 90.7603 170
-14.2162 0000 90.7959 161
-14.1804 0000 90.8420 168
-14.1416 0000 90.8501 177
-14.1041 0000 90.8751 203
-14.0653 0000 90.8831 195
-14.0262 0000 90.8891 163
-13.9877 0000 90.9014 139
-13.9502 0000 90.9264 136
-13.9103 0000 90.9217 118
-13.8698 0000 90.9086 152
-13.8309 0000 90.9166 232
-13.7920 0000 90.9247 219
-13.7523 0000 90.9222 192
-13.7133 0000 90.9281 169
-13.6751 0000 90.9447 153
-13.6355 0000 90.9442 127
-13.5987 0000 90.9799 110
-13.5626 0000 91.0240 130
-13.5254 0000 91.0555 139
-13.4862 0000 91.0593 161
-13.4461 0000 91.0525 171
-13.4064 0000 91.0500 173
-13.3671 0000 91.0538 176
-13.3279 0000 91.0577 194
-13.2875 0000 91.0466 245
-13.2452 0000 91.0101 266
-13.2012 0000 90.9503 261
-13.1591 0000 90.9160 249
-13.1155 0000 90.8605 248
-13.0761 0000 90.8622 226
-13.0419 0000 90.9338 201
-13.0043 0000 90.9610 191
-12.9689 0000 91.0179 172
-12.9318 0000 91.0515 152
-12.8941 0000 91.0765 151
-12.8545 0000 91.0761 159
-12.8153 0000 91.0821 165
-12.7771 0000 91.1008 153
-12.7375 0000 91.1004 165
-12.6982 0000 91.1043 214
-12.6586 0000 91.1039 306
-12.6187 0000 91.0992 403
-12.5794 0000 91.1031 476
-12.5405 0000 91.1133 509
-12.5006 0000 91.1086 502
-12.4601 0000 91.0955 474
-12.4201 0000 91.0887 424
-12.3808 0000 91.0926 349
-12.3417 0000 91.1007 287
-12.3024 0000 91.1045 253
-12.2628 0000 91.1041 230
-12.2252 0000 91.1335 210
-12.1884 0000 91.1735 247
-12.1502 0000 91.1944 246
-12.1106 0000 91.1940 220
-12.0695 0000 91.1723 183
-12.0297 0000 91.1698 136
-11.9904 0000 91.1737 118
-11.9508 0000 91.1733 100
-11.9110 0000 91.1707 101
-11.8714 0000 91.1703 102
-11.8333 0000 91.1934 110
-11.7934 0000 91.1887 129
-11.7508 0000 91.1437 126
-11.7141 0000 91.1879 110
-11.6754 0000 91.2024 118
-11.6362 0000 91.2084 139
-11.5963 0000 91.2038 146
-11.5567 0000 91.2034 150
-11.5174 0000 91.2094 182
-11.4788 0000 91.2239 213
-11.4393 0000 91.2256 243
-11.3996 0000 91.2252 265
-11.3600 0000 91.2249 268
-11.3205 0000 91.2266 237
-11.2810 0000 91.2283 217
-11.2416 0000 91.2322 189
-11.2019 0000 91.2318 149
-11.1623 0000 91.2314 130
-11.1228 0000 91.2332 131
-11.0834 0000 91.2371 138
-11.0448 0000 91.2537 147
-11.0038 0000 91.2320 135
-10.9628 0000 91.2082 160
-10.9227 0000 91.2015 183
-10.8828 0000 91.1968 201
-10.8431 0000 91.1943 222
-10.8034 0000 91.1939 225
-10.7637 0000 91.1914 205
-10.7237 0000 91.1847 197
-10.6838 0000 91.1800 192
-10.6429 0000 91.1584 154
-10.6030 0000 91.1537 134
-10.5636 0000 91.1576 147
-10.5255 0000 91.1827 181
-10.4860 0000 91.1845 198
-10.4452 0000 91.1650 221
-10.4051 0000 91.1561 276
-10.3651 0000 91.1493 282
-10.3256 0000 91.1511 242
-10.2864 0000 91.1570 218
-10.2462 0000 91.1482 226
-10.2060 0000 91.1371 259
-10.1663 0000 91.1346 267
-10.1267 0000 91.1343 222
-10.0866 0000 91.1254 206
-10.0449 0000 91.0889 215
-10.0054 0000 91.0906 193
-9.9671 0000 91.1136 174
-9.9276 0000 91.1153 153
-9.8882 0000 91.1192 137
-9.8489 0000 91.1252 127
-9.8118 0000 91.1695 136
-9.7709 0000 91.1457 152
-9.7311 0000 91.1432 175
-9.6915 0000 91.1428 202
-9.6519 0000 91.1424 239
-9.6121 0000 91.1399 283
-9.5714 0000 91.1183 312
-9.5318 0000 91.1179 348
-9.4935 0000 91.1430 398
-9.4543 0000 91.1511 414
-9.4144 0000 91.1465 412
-9.3755 0000 91.1589 325
-9.3377 0000 91.1946 228
-9.2996 0000 91.2240 184
-9.2581 0000 91.1875 180
-9.2162 0000 91.1424 217
-9.1767 0000 91.1442 245
-9.1370 0000 91.1417 235
-9.0969 0000 91.1328 237
-9.0570 0000 91.1260 230
-9.0164 0000 91.1065 196
-8.9779 0000 91.1295 214
-8.9385 0000 91.1333 267
-8.8988 0000 91.1308 309
-8.8590 0000 91.1262 283
-8.8192 0000 91.1237 237
-8.7796 0000 91.1233 193
-8.7380 0000 91.0825 161
-8.6981 0000 91.0758 159
-8.6585 0000 91.0754 167
-8.6190 0000 91.0771 177
-8.5802 0000 91.0937 204
-8.5406 0000 91.0934 214
-8.5018 0000 91.1100 206
-8.4613 0000 91.0905 249
-8.4205 0000 91.0646 275
-8.3807 0000 91.0621 333
-8.3408 0000 91.0553 394
-8.3008 0000 91.0464 408
-8.2612 0000 91.0461 351
-8.2220 0000 91.0542 330
-8.1825 0000 91.0559 344
-8.1429 0000 91.0555 321
-8.1035 0000 91.0594 298
-8.0641 0000 91.0654 321
-8.0247 0000 91.0692 374
-7.9851 0000 91.0689 420
-7.9453 0000 91.0642 411
-7.9055 0000 91.0596 359
-7.8659 0000 91.0592 307
-7.8264 0000 91.0610 252
-7.7875 0000 91.0776 228
-7.7472 0000 91.0623 290
-7.7076 0000 91.0619 323
-7.6677 0000 91.0531 377
-7.6277 0000 91.0442 441
-7.5881 0000 91.0438 396
-7.5487 0000 91.0498 300
-7.5092 0000 91.0516 265
-7.4698 0000 91.0554 232
-7.4311 0000 91.0784 176
-7.3926 0000 91.1057 160
-7.3544 0000 91.1415 134
-7.3158 0000 91.1687 128
-7.2764 0000 91.1726 126
-7.2366 0000 91.1680 139
-7.1960 0000 91.1442 143
-7.1550 0000 91.1077 189
-7.1149 0000 91.0967 254
-7.0754 0000 91.0985 299
-7.0357 0000 91.0981 314
-6.9962 0000 91.0999 294
-6.9559 0000 91.0825 246
-6.9160 0000 91.0757 238
-6.8758 0000 91.0584 237
-6.8370 0000 91.0814 201
-6.7984 0000 91.1087 216
-6.7591 0000 91.1168 227
-6.7193 0000 91.1143 218
-6.6793 0000 91.1033 198
-6.6387 0000 91.0753 213
-6.5984 0000 91.0558 219
-6.5587 0000 91.0534 226
-6.5182 0000 91.0296 226
-6.4781 0000 91.0144 240
-6.4379 0000 90.9971 239
-6.3981 0000 90.9925 221
-6.3584 0000 90.9900 181
-6.3187 0000 90.9854 148
-6.2791 0000 90.9871 151
-6.2395 0000 90.9868 187
-6.1998 0000 90.9822 232
-6.1602 0000 90.9818 282
-6.1206 0000 90.9836 319
-6.0811 0000 90.9875 308
-6.0423 0000 91.0126 241
-6.0035 0000 91.0378 219
-5.9641 0000 91.0438 186
-5.9246 0000 91.0498 161
-5.8853 0000 91.0580 156
-5.8469 0000 91.1002 163
-5.8076 0000 91.1104 190
-5.7682 0000 91.1165 230
-5.7284 0000 91.1119 260
-5.6884 0000 91.1009 312
-5.6486 0000 91.0942 391
-5.6089 0000 91.0938 437
-5.5688 0000 91.0786 413
-5.5289 0000 91.0698 407
-5.4884 0000 91.0397 428
-5.4484 0000 91.0266 438
-5.4086 0000 91.0177 482
-5.3689 0000 91.0174 514
-5.3294 0000 91.0213 462
-5.2901 0000 91.0316 362
-5.2507 0000 91.0419 283
-5.2118 0000 91.0670 238
-5.1726 0000 91.0837 286
-5.1324 0000 91.0642 348
-5.0923 0000 91.0469 276
-5.0527 0000 91.0465 215
-5.0140 0000 91.0823 203
-4.9746 0000 91.0926 228
-4.9357 0000 91.1242 222
-4.8962 0000 91.1281 208
-4.8566 0000 91.1299 184
-4.8170 0000 91.1317 171
-4.7773 0000 91.1314 207
-4.7377 0000 91.1353 283
-4.6979 0000 91.1264 364
-4.6575 0000 91.0963 491
-4.6176 0000 91.0853 571
-4.5778 0000 91.0807 579
-4.5383 0000 91.0847 492
-4.4989 0000 91.0971 410
-4.4595 0000 91.1074 383
-4.4200 0000 91.1155 343
-4.3814 0000 91.1620 320
-4.3424 0000 91.1958 334
-4.3030 0000 91.2082 393
-4.2638 0000 91.2292 452
-4.2246 0000 91.2544 416
-4.1850 0000 91.2583 396
-4.1454 0000 91.2601 337
-4.1055 0000 91.2512 282
-4.0652 0000 91.2211 294
-4.0255 0000 91.2186 287
-3.9860 0000 91.2289 251
-3.9469 0000 91.2606 235
-3.9077 0000 91.2837 232
-3.8680 0000 91.2855 256
-3.8284 0000 91.2915 224
-3.7887 0000 91.2933 169
-3.7491 0000 91.2951 149
-3.7096 0000 91.3054 173
-3.6706 0000 91.3456 233
-3.6309 0000 91.3495 262
-3.5913 0000 91.3535 222
-3.5516 0000 91.3553 165
-3.5117 0000 91.3443 137
-3.4719 0000 91.3375 98
-3.4320 0000 91.3308 71
-3.3945 0000 91.4692 70
-3.3561 0000 91.5565 94
-3.3161 0000 91.5412 121
-3.2764 0000 91.5430 119
-3.2367 0000 91.5448 87
-3.1978 0000 91.6044 71
-3.1585 0000 91.6383 84
-3.1187 0000 91.6401 100
-3.0793 0000 91.6676 114
-3.0396 0000 91.6694 144
-3.0000 0000 91.6884 160
-2.9604 0000 91.6966 173
-2.9206 0000 91.7027 182
-2.8809 0000 91.7088 186
-2.8412 0000 91.7128 178
-2.8014 0000 91.7167 168
-2.7622 0000 91.7678 176
-2.7226 0000 91.7825 193
-2.6833 0000 91.8251 192
-2.6436 0000 91.8376 188
-2.6040 0000 91.8609 173
-2.5642 0000 91.8627 177
-2.5244 0000 91.8688 137
-2.4411 0000 87.8517 99
-2.4014 0000 87.7818 186
-2.3625 0000 87.7815 304
-2.3237 0000 87.7852 366
-2.2847 0000 87.7747 289
-2.2459 0000 87.7845 227
-2.2073 0000 87.8108 207
-2.1684 0000 87.8125 161
-2.1293 0000 87.7897 114
-2.1271 0000 92.0009 71
-2.0872 0000 92.0006 75
-2.0476 0000 92.0347 74
-2.0083 0000 92.1097 77
-1.9689 0000 92.1719 81
-1.9288 0000 92.1543 83
-1.8891 0000 92.1777 77
-1.8494 0000 92.2075 74
-1.8096 0000 92.2374 72
-1.7697 0000 92.2457 79
-1.7300 0000 92.2777 84
-1.6901 0000 92.2882 111
-1.6505 0000 92.3397 157
-1.6106 0000 92.3480 175
-1.5707 0000 92.3715 158
-1.5309 0000 92.3927 179
-1.4909 0000 92.3989 170
-1.4510 0000 92.4094 144
-1.4112 0000 92.4415 127
-1.3714 0000 92.4996 133
-1.3315 0000 92.5079 139
-1.2915 0000 92.5184 148
-1.2517 0000 92.5657 175
-1.2117 0000 92.5719 205
-1.1717 0000 92.5846 214
-1.1318 0000 92.6167 206
-1.0918 0000 92.6467 247
-1.0518 0000 92.6573 290
-1.0118 0000 92.6634 296
-0.9718 0000 92.6783 222
-0.9318 0000 92.7040 206
-0.8918 0000 92.7189 211
-0.8517 0000 92.7489 208
-0.8117 0000 92.7529 210
-0.7716 0000 92.7548 194
-0.7316 0000 92.7566 166
-0.6915 0000 92.7867 161
-0.6515 0000 92.7972 175
-0.6114 0000 92.8034 181
-0.5713 0000 92.8422 164
-0.5312 0000 92.8527 143
-0.4911 0000 92.8915 129
-0.4510 0000 92.9303 166
-0.4109 0000 92.9452 213
-0.3708 0000 92.9405 270
-0.3307 0000 92.9228 316
-0.2906 0000 92.9247 305
-0.2506 0000 92.9244 294
-0.2105 0000 92.9240 300
-0.1704 0000 92.9302 305
-0.1302 0000 92.9516 279
-0.0901 0000 92.9622 272
-0.0499 0000 92.9793 284
-0.0098 0000 92.9877 271
0.0304 0000 92.9982 249
0.0705 0000 93.0044 224
0.1107 0000 93.0237 191
0.1510 0000 93.0538 194
0.1912 0000 93.0709 184
0.2314 0000 93.1011 180
0.2717 0000 93.1225 142
0.3118 0000 93.1266 125
0.3520 0000 93.1328 116
0.3925 0000 93.1869 109
0.4327 0000 93.1997 113
0.4730 0000 93.2255 142
0.5132 0000 93.2317 168
0.5534 0000 93.2380 170
0.5937 0000 93.2573 140
0.6339 0000 93.2569 131
0.6740 0000 93.2522 125
0.7141 0000 93.2497 115
0.7542 0000 93.2428 111
0.7944 0000 93.2425 124
0.8346 0000 93.2531 174
0.8749 0000 93.2615 231
0.9151 0000 93.2655 265
0.9552 0000 93.2674 289
0.9954 0000 93.2692 319
1.0356 0000 93.2667 344
1.0757 0000 93.2642 336
1.1158 0000 93.2638 304
1.1561 0000 93.2701 254
1.1966 0000 93.3090 191
1.2370 0000 93.3240 158
1.2772 0000 93.3324 151
1.3174 0000 93.3342 149
1.3576 0000 93.3339 151
1.3978 0000 93.3335 157
1.4379 0000 93.3332 179
1.4782 0000 93.3394 220
1.5184 0000 93.3478 248
1.5590 0000 93.3802 237
1.5993 0000 93.3843 199
1.6394 0000 93.3818 160
1.6793 0000 93.3596 142
1.7191 0000 93.3308 115
1.7592 0000 93.3283 111
1.7997 0000 93.3542 121
1.8399 0000 93.3560 124
1.8801 0000 93.3579 132
1.9206 0000 93.3750 133
1.9604 0000 93.3507 166
2.0002 0000 93.3285 164
2.0406 0000 93.3456 143
2.0805 0000 93.3256 175
2.1207 0000 93.3275 253
2.1609 0000 93.3293 302
2.2010 0000 93.3246 281
2.2410 0000 93.3177 250
2.2810 0000 93.3087 241
2.3205 0000 93.2690 231
2.3603 0000 93.2490 212
2.3994 0000 93.1876 203
2.4390 0000 93.1611 230
2.4790 0000 93.1521 264
2.5188 0000 93.1343 228
2.5588 0000 93.1296 190
2.5994 0000 93.1554 174
2.6406 0000 93.2096 141
2.6818 0000 93.2660 138
2.7224 0000 93.2897 167
2.7621 0000 93.2697 180
2.8026 0000 93.2868 226
2.8427 0000 93.2843 245
2.8827 0000 93.2752 256
2.9224 0000 93.2552 240
2.9625 0000 93.2505 265
3.0026 0000 93.2502 299
3.0428 0000 93.2520 295
3.0829 0000 93.2495 262
3.1230 0000 93.2492 238
3.1632 0000 93.2510 210
3.2034 0000 93.2529 168
3.2436 0000 93.2569 152
3.2842 0000 93.2762 183
3.3244 0000 93.2781 203
3.3646 0000 93.2821 192
3.4048 0000 93.2840 158
3.4455 0000 93.3055 129
3.4860 0000 93.3204 133
3.5268 0000 93.3485 161
3.5671 0000 93.3525 173
3.6073 0000 93.3544 167
3.6473 0000 93.3497 172
3.6870 0000 93.3297 195
3.7270 0000 93.3250 220
3.7673 0000 93.3290 206
3.8074 0000 93.3265 194
3.8475 0000 93.3240 189
3.8876 0000 93.3236 171
3.9276 0000 93.3189 167
3.9676 0000 93.3099 193
4.0075 0000 93.3030 216
4.0478 0000 93.3070 206
4.0880 0000 93.3089 179
4.1287 0000 93.3282 156
4.1690 0000 93.3323 158
4.2092 0000 93.3341 143
4.2487 0000 93.3120 135
4.2889 0000 93.3138 137
4.3290 0000 93.3113 152
4.3691 0000 93.3110 164
4.4095 0000 93.3194 179
4.4499 0000 93.3278 208
4.4911 0000 93.3603 267
4.5313 0000 93.3643 334
4.5716 0000 93.3662 349
4.6118 0000 93.3680 306
4.6521 0000 93.3743 237
4.6923 0000 93.3739 184
4.7321 0000 93.3627 169
4.7720 0000 93.3536 182
4.8122 0000 93.3555 198
4.8525 0000 93.3595 203
4.8927 0000 93.3614 186
4.9313 0000 93.3130 161
4.9710 0000 93.2974 184
5.0110 0000 93.2927 258
5.0510 0000 93.2902 345
5.0912 0000 93.2899 396
5.1313 0000 93.2896 402
5.1715 0000 93.2914 397
5.2116 0000 93.2889 363
5.2515 0000 93.2821 310
5.2915 0000 93.2774 282
5.3316 0000 93.2771 243
5.3711 0000 93.2593 198
5.4111 0000 93.2568 153
5.4513 0000 93.2565 141
5.4923 0000 93.2824 141
5.5336 0000 93.3126 165
5.5751 0000 93.3517 168
5.6156 0000 93.3601 176
5.6558 0000 93.3598 171
5.6957 0000 93.3529 162
5.7358 0000 93.3526 152
5.7759 0000 93.3501 136
5.8159 0000 93.3476 129
5.8561 0000 93.3473 135
5.8964 0000 93.3514 138
5.9367 0000 93.3554 131
5.9774 0000 93.3704 128
6.0197 0000 93.4248 137
6.0604 0000 93.4376 158
6.1007 0000 93.4417 194
6.1406 0000 93.4348 227
6.1806 0000 93.4301 276
6.2209 0000 93.4342 356
6.2613 0000 93.4383 429
6.3014 0000 93.4380 489
6.3416 0000 93.4377 519
6.3816 0000 93.4330 453
6.4216 0000 93.4305 314
6.4622 0000 93.4390 213
6.5046 0000 93.4934 198
6.5453 0000 93.5062 209
6.5866 0000 93.5322 211
6.6278 0000 93.5560 191
6.6682 0000 93.5601 203
6.7087 0000 93.5664 216
6.7489 0000 93.5661 216
6.7898 0000 93.5833 202
6.8314 0000 93.6159 164
6.8719 0000 93.6221 159
6.9121 0000 93.6219 163
6.9523 0000 93.6216 168
6.9928 0000 93.6278 162
7.0335 0000 93.6385 150
7.0749 0000 93.6645 154
7.1165 0000 93.6950 140
7.1571 0000 93.7034 143
7.1973 0000 93.7032 151
7.2374 0000 93.7007 150
7.2788 0000 93.7267 141
7.3192 0000 93.7308 138
7.3593 0000 93.7283 162
7.3988 0000 93.7127 172
7.4400 0000 93.7321 195
7.4802 0000 93.7319 181
7.5214 0000 93.7535 144
7.5623 0000 93.7664 131
7.6042 0000 93.8013 148
7.6457 0000 93.8273 158
7.6864 0000 93.8358 174
7.7277 0000 93.8575 198
7.7682 0000 93.8638 195
7.8087 0000 93.8680 184
7.8491 0000 93.8721 161
7.8894 0000 93.8718 142
7.9307 0000 93.8935 139
7.9716 0000 93.9064 132
8.0138 0000 93.9435 119
8.0569 0000 94.0004 122
8.1006 0000 94.0662 136
8.1418 0000 94.0836 176
8.1847 0000 94.1340 213
8.2250 0000 94.1337 228
8.2651 0000 94.1312 230
8.3055 0000 94.1331 224
8.3448 0000 94.1130 227
8.3848 0000 94.1083 203
8.4252 0000 94.1103 165
8.4653 0000 94.1056 150
8.5042 0000 94.0789 181
8.5444 0000 94.0786 203
8.5853 0000 94.0893 204
8.6270 0000 94.1155 159
8.6706 0000 94.1747 134
8.7142 0000 94.2362 137
8.7569 0000 94.2779 140
8.7988 0000 94.3064 161
8.8392 0000 94.3083 162
8.8795 0000 94.3080 137
8.9170 0000 94.2569 114
8.9571 0000 94.2523 111
8.9992 0000 94.2829 130
9.0407 0000 94.3047 142
9.0813 0000 94.3088 177
9.1223 0000 94.3196 217
9.1632 0000 94.3304 228
9.2048 0000 94.3522 223
9.2453 0000 94.3542 189
9.2859 0000 94.3583 175
9.3264 0000 94.3603 167
9.3679 0000 94.3799 137
9.4083 0000 94.3818 129
9.4487 0000 94.3816 134
9.4893 0000 94.3857 142
9.5300 0000 94.3921 158
9.5708 0000 94.3984 179
9.6116 0000 94.4070 209
9.6521 0000 94.4090 246
9.6933 0000 94.4220 237
9.7352 0000 94.4482 250
9.7767 0000 94.4657 253
9.8177 0000 94.4765 244
9.8596 0000 94.5006 210
9.9017 0000 94.5291 235
9.9426 0000 94.5377 241
9.9845 0000 94.5618 199
10.0266 0000 94.5881 194
10.0672 0000 94.5923 198
10.1083 0000 94.6031 195
10.1516 0000 94.6494 167
10.1926 0000 94.6580 140
10.2336 0000 94.6666 139
10.2758 0000 94.6952 135
10.3179 0000 94.7216 144
10.3585 0000 94.7235 158
10.3993 0000 94.7299 171
10.4402 0000 94.7363 166
10.4806 0000 94.7361 164
10.5206 0000 94.7291 171
10.5613 0000 94.7333 172
10.6050 0000 94.7841 167
10.6460 0000 94.7928 177
10.6869 0000 94.7992 183
10.7281 0000 94.8100 160
10.7692 0000 94.8209 148
10.8097 0000 94.8206 153
10.8498 0000 94.8159 146
10.8905 0000 94.8201 139
10.9325 0000 94.8421 151
10.9732 0000 94.8462 148
11.0144 0000 94.8571 146
11.0582 0000 94.9058 167
11.0997 0000 94.9211 180
11.1422 0000 94.9520 149
11.1842 0000 94.9740 147
11.2247 0000 94.9737 148
11.2636 0000 94.9512 147
11.3034 0000 94.9420 156
11.3437 0000 94.9395 163
11.3845 0000 94.9437 174
11.4246 0000 94.9390 205
11.4649 0000 94.9365 224
11.5050 0000 94.9318 192
11.5450 0000 94.9249 164
11.5853 0000 94.9224 161
11.6230 0000 94.8843 155
11.6626 0000 94.8729 150
11.7024 0000 94.8638 153
11.7412 0000 94.8413 164
11.7810 0000 94.8322 158
11.8206 0000 94.8208 149
11.8597 0000 94.8028 148
11.8983 0000 94.7781 128
11.9379 0000 94.7667 145
11.9780 0000 94.7620 164
12.0179 0000 94.7551 207
12.0581 0000 94.7526 240
12.0983 0000 94.7501 186
12.1385 0000 94.7476 109
12.1758 0000 94.7052 88
12.2178 0000 94.7271 98
12.2578 0000 94.7224 124
12.2977 0000 94.7155 151
12.3350 0000 94.6753 171
12.3746 0000 94.6640 184
12.4137 0000 94.6482 197
12.4502 0000 94.5970 195
12.4885 0000 94.5701 180
12.5254 0000 94.5256 167
12.5659 0000 94.5275 177
12.6060 0000 94.5250 205
12.6462 0000 94.5226 230
12.6865 0000 94.5223 238
12.7264 0000 94.5176 208
12.7666 0000 94.5151 176
12.8069 0000 94.5149 175
12.8474 0000 94.5168 182
12.8878 0000 94.5188 169
12.9278 0000 94.5141 141
12.9656 0000 94.4829 132
13.0033 0000 94.4494 120
13.0432 0000 94.4447 126
13.0835 0000 94.4445 123
13.1236 0000 94.4420 125
13.1597 0000 94.3909 135
13.1959 0000 94.3398 136
13.2336 0000 94.3086 152
13.2735 0000 94.3040 157
13.3136 0000 94.3015 149
13.3543 0000 94.3079 116
13.3982 0000 94.3518 91
13.4400 0000 94.3714 93
13.4810 0000 94.3800 105
13.5205 0000 94.3709 117
13.5584 0000 94.3419 135
13.5975 0000 94.3284 144
13.6372 0000 94.3215 155
13.6770 0000 94.3168 149
13.7160 0000 94.3011 126
13.7562 0000 94.3008 125
13.7944 0000 94.2763 132
13.8320 0000 94.2452 124
13.8710 0000 94.2317 135
13.9103 0000 94.2204 141
13.9503 0000 94.2179 136
13.9893 0000 94.2044 135
14.0289 0000 94.1976 123
14.0676 0000 94.1797 123
14.1068 0000 94.1684 131
14.1472 0000 94.1703 132
14.1877 0000 94.1745 121
14.2277 0000 94.1720 110
14.2677 0000 94.1696 102
14.3105 0000 94.2001 89
14.3515 0000 94.2087 87
14.3914 0000 94.2062 94
14.4298 0000 94.1861 105
14.4702 0000 94.1881 106
14.5103 0000 94.1878 114
14.5503 0000 94.1854 123
14.5885 0000 94.1631 127
14.6286 0000 94.1628 157
14.6686 0000 94.1603 174
14.7079 0000 94.1513 165
14.7469 0000 94.1378 148
14.7862 0000 94.1287 148
14.8263 0000 94.1285 165
14.8669 0000 94.1326 180
14.9078 0000 94.1411 193
14.9499 0000 94.1629 187
14.9904 0000 94.1670 185
15.0308 0000 94.1690 175
15.0697 0000 94.1555 180
15.1092 0000 94.1486 181
15.1463 0000 94.1153 174
15.1841 0000 94.0909 196
15.2244 0000 94.0928 202
15.2661 0000 94.1101 173
15.3048 0000 94.0945 159
15.3449 0000 94.0942 153
15.3856 0000 94.1005 161
15.4274 0000 94.1179 180
15.4670 0000 94.1132 177
15.5073 0000 94.1151 155
15.5476 0000 94.1171 129
15.5873 0000 94.1124 113
15.6242 0000 94.0791 101
15.6629 0000 94.0634 108
15.7004 0000 94.0368 127
15.7407 0000 94.0387 136
15.7807 0000 94.0385 153
15.8212 0000 94.0426 184
15.8632 0000 94.0621 199
15.9032 0000 94.0618 231
15.9433 0000 94.0616 259
15.9838 0000 94.0657 273
16.0243 0000 94.0698 276
16.0643 0000 94.0695 260
16.1035 0000 94.0605 253
16.1438 0000 94.0624 267
16.1845 0000 94.0687 250
16.2247 0000 94.0706 213
16.2646 0000 94.0682 199
16.3048 0000 94.0701 198
16.3453 0000 94.0742 184
16.3856 0000 94.0761 170
16.4254 0000 94.0737 173
16.4656 0000 94.0756 174
16.5098 0000 94.1171 178
16.5503 0000 94.1212 195
16.5893 0000 94.1099 210
16.6298 0000 94.1141 178
16.6696 0000 94.1116 152
16.7092 0000 94.1069 140
16.7492 0000 94.1066 131
16.7912 0000 94.1262 120
16.8315 0000 94.1281 131
16.8736 0000 94.1476 148
16.9167 0000 94.1781 134
16.9577 0000 94.1867 140
17.0004 0000 94.2128 161
17.0391 0000 94.1993 157
17.0817 0000 94.2233 156
17.1197 0000 94.2031 174
17.1595 0000 94.2007 181
17.1997 0000 94.2026 187
17.2439 0000 94.2419 186
17.2842 0000 94.2439 185
17.3240 0000 94.2414 189
17.3645 0000 94.2455 181
17.4059 0000 94.2584 157
17.4527 0000 94.3221 142
17.4969 0000 94.3615 135
17.5377 0000 94.3678 146
17.5782 0000 94.3719 165
17.6190 0000 94.3783 187
17.6616 0000 94.4022 216
17.7043 0000 94.4262 207
17.7455 0000 94.4370 199
17.7865 0000 94.4455 183
17.8292 0000 94.4695 186
17.8707 0000 94.4825 187
17.9160 0000 94.5308 192
17.9573 0000 94.5416 199
17.9983 0000 94.5501 199
18.0415 0000 94.5786 210
18.0855 0000 94.6137 193
18.1292 0000 94.6466 192
18.1724 0000 94.6751 237
18.2135 0000 94.6836 259
18.2541 0000 94.6878 250
18.2940 0000 94.6852 208
18.3341 0000 94.6849 153
18.3771 0000 94.7112 124
18.4182 0000 94.7198 115
18.4618 0000 94.7505 110
18.5056 0000 94.7835 120
18.5494 0000 94.8165 110
18.5935 0000 94.8517 109
18.6374 0000 94.8846 103
18.6783 0000 94.8910 110
18.7229 0000 94.9307 116
18.7678 0000 94.9726 103
18.8125 0000 95.0123 109
18.8584 0000 95.0632 120
18.9021 0000 95.0940 128
18.9438 0000 95.1071 141
18.9853 0000 95.1179 149
19.0308 0000 95.1644 160
19.0725 0000 95.1775 183
19.1163 0000 95.2084 197
19.1593 0000 95.2326 241
19.2011 0000 95.2457 272
19.2423 0000 95.2543 289
19.2849 0000 95.2741 247
19.3279 0000 95.2983 226
19.3697 0000 95.3114 197
19.4138 0000 95.3446 170
19.4584 0000 95.3823 174
19.5065 0000 95.4490 169
19.5519 0000 95.4934 161
19.5964 0000 95.5289 166
19.6430 0000 95.5823 146
19.6882 0000 95.6246 138
19.7343 0000 95.6736 123
19.7786 0000 95.7069 134
19.8197 0000 95.7133 127
19.8637 0000 95.7444 118
19.9090 0000 95.7867 125
19.9566 0000 95.8470 113
20.0041 0000 95.9074 108
20.0469 0000 95.9273 123
20.0915 0000 95.9630 137
20.1380 0000 96.0144 146
20.1803 0000 96.0299 149
20.2223 0000 96.0431 152
20.2686 0000 96.0923 150
20.3109 0000 96.1078 144
20.3570 0000 96.1548 146
20.3984 0000 96.1635 150
20.4399 0000 96.1722 156
20.4811 0000 96.1787 166
20.5221 0000 96.1829 162
20.5627 0000 96.1848 153
20.6034 0000 96.1868 148
20.6443 0000 96.1910 145
20.6847 0000 96.1907 143
20.7245 0000 96.1859 144
20.7666 0000 96.1991 168
20.8078 0000 96.2056 169
20.8518 0000 96.2346 149
20.8944 0000 96.2523 159
20.9354 0000 96.2565 201
20.9752 0000 96.2517 241
21.0153 0000 96.2492 242
21.0560 0000 96.2512 259
21.0969 0000 96.2554 291
21.1373 0000 96.2551 276
21.1771 0000 96.2503 228
21.2166 0000 96.2432 183
21.2570 0000 96.2429 157
21.2976 0000 96.2449 141
21.3380 0000 96.2446 128
21.3784 0000 96.2443 123
21.4182 0000 96.2395 124
21.4585 0000 96.2392 125
21.5026 0000 96.2682 139
21.5467 0000 96.2972 136
21.5882 0000 96.3059 158
21.6294 0000 96.3124 186
21.6704 0000 96.3166 205
21.7113 0000 96.3209 215
21.7520 0000 96.3228 238
21.7929 0000 96.3270 276
21.8353 0000 96.3425 267
21.8768 0000 96.3513 251
21.9195 0000 96.3690 253
21.9596 0000 96.3665 260
22.0002 0000 96.3684 260
22.0414 0000 96.3749 246
22.0824 0000 96.3791 234
22.1230 0000 96.3811 209
22.1637 0000 96.3831 179
22.2031 0000 96.3760 165
22.2438 0000 96.3780 163
22.2850 0000 96.3844 182
22.3253 0000 96.3842 208
22.3663 0000 96.3884 213
22.4116 0000 96.4264 206
22.4535 0000 96.4374 184
22.4959 0000 96.4530 158
22.5425 0000 96.5001 141
22.5837 0000 96.5066 135
22.6247 0000 96.5108 131
22.6656 0000 96.5150 127
22.7060 0000 96.5147 131
22.7466 0000 96.5167 137
22.7869 0000 96.5164 141
22.8273 0000 96.5161 134
22.8652 0000 96.4978 134
22.9052 0000 96.4953 122
22.9458 0000 96.4973 110
22.9886 0000 96.5150 98
23.0292 0000 96.5170 102
23.0704 0000 96.5235 113
23.1104 0000 96.5210 125
23.1510 0000 96.5230 137
23.1950 0000 96.5498 172
23.2366 0000 96.5586 191
23.2796 0000 96.5786 168
23.3206 0000 96.5829 150
23.3603 0000 96.5781 136
23.3935 0000 96.5259 132
23.4325 0000 96.5166 131
23.4731 0000 96.5186 126
23.5199 0000 96.5658 124
23.5565 0000 96.5384 130
23.5927 0000 96.5088 120
23.6326 0000 96.5063 118
23.6735 0000 96.5105 110
23.7135 0000 96.5080 113
23.7522 0000 96.4965 132
23.7921 0000 96.4940 158
23.8333 0000 96.5005 174
23.8745 0000 96.5070 183
23.9160 0000 96.5158 194
23.9566 0000 96.5178 206
23.9965 0000 96.5153 199
24.0371 0000 96.5173 169
24.0770 0000 96.5148 146
24.1192 0000 96.5281 147
24.1594 0000 96.5279 137
24.1968 0000 96.5073 132
24.2367 0000 96.5048 151
24.2766 0000 96.5023 168
24.3168 0000 96.5021 188
24.3580 0000 96.5086 224
24.3986 0000 96.5106 263
24.4385 0000 96.5081 274
24.4787 0000 96.5079 233
24.5189 0000 96.5077 181
24.5591 0000 96.5074 156
24.5994 0000 96.5072 149
24.6396 0000 96.5069 142
24.6808 0000 96.5135 134
24.7252 0000 96.5426 141
24.7697 0000 96.5717 125
24.8106 0000 96.5760 115
24.8505 0000 96.5735 113
24.8894 0000 96.5642 115
24.9220 0000 96.5121 120
24.9622 0000 96.5119 133
25.0024 0000 96.5116 156
25.0430 0000 96.5136 175
25.0845 0000 96.5224 188
25.1247 0000 96.5222 203
25.1636 0000 96.5130 208
25.2028 0000 96.5060 205
25.2433 0000 96.5080 203
25.2905 0000 96.5552 197
25.3331 0000 96.5708 196
25.3736 0000 96.5728 206
25.4142 0000 96.5748 216
25.4544 0000 96.5746 231
25.4942 0000 96.5721 244
25.5341 0000 96.5696 236
25.5747 0000 96.5716 238
25.6155 0000 96.5759 280
25.6568 0000 96.5825 313
25.6997 0000 96.6003 275
25.7406 0000 96.6046 270
25.7815 0000 96.6089 261
25.8221 0000 96.6110 220
25.8626 0000 96.6130 200
