wt=150553288, DLLFiFo=0
-25.1669 0000 89.1633 126
-25.1281 0000 89.1626 166
-25.0920 0000 89.1806 173
-25.0547 0000 89.1902 194
-25.0174 0000 89.1998 236
-24.9798 0000 89.2074 242
-24.9428 0000 89.2192 221
-24.9040 0000 89.2185 197
-24.8655 0000 89.2199 188
-24.8273 0000 89.2233 144
-24.7885 0000 89.2227 101
-24.7500 0000 89.2240 96
-24.7118 0000 89.2275 123
-24.6732 0000 89.2289 168
-24.6353 0000 89.2344 196
-24.5962 0000 89.2317 217
-24.5586 0000 89.2393 209
-24.5218 0000 89.2531 211
-24.4833 0000 89.2545 202
-24.4448 0000 89.2559 162
-24.4095 0000 89.2800 179
-24.3718 0000 89.2877 231
-24.3333 0000 89.2891 239
-24.2941 0000 89.2863 212
-24.2556 0000 89.2877 200
-24.2188 0000 89.3016 187
-24.1803 0000 89.3030 202
-24.1408 0000 89.2982 207
-24.1017 0000 89.2955 189
-24.0626 0000 89.2927 149
-24.0229 0000 89.2859 120
-23.9823 0000 89.2728 136
-23.9446 0000 89.2804 153
-23.9078 0000 89.2943 149
-23.8698 0000 89.2998 165
-23.8313 0000 89.3013 164
-23.7916 0000 89.2944 137
-23.7496 0000 89.2710 145
-23.7099 0000 89.2642 167
-23.6688 0000 89.2470 151
-23.6299 0000 89.2464 133
-23.5942 0000 89.2685 144
-23.5582 0000 89.2886 142
-23.5213 0000 89.3024 168
-23.4850 0000 89.3204 251
-23.4464 0000 89.3219 310
-23.4104 0000 89.3420 295
-23.3735 0000 89.3558 311
-23.3352 0000 89.3594 310
-23.2957 0000 89.3546 265
-23.2563 0000 89.3499 198
-23.2171 0000 89.3472 145
-23.1785 0000 89.3486 128
-23.1397 0000 89.3480 130
-23.1008 0000 89.3474 126
-23.0616 0000 89.3448 114
-23.0228 0000 89.3442 99
-22.9841 0000 89.3457 97
-22.9431 0000 89.3285 126
-22.9044 0000 89.3300 153
-22.8653 0000 89.3273 155
-22.8261 0000 89.3247 124
-22.7875 0000 89.3262 96
-22.7522 0000 89.3525 104
-22.7155 0000 89.3685 99
-22.6768 0000 89.3700 92
-22.6379 0000 89.3695 106
-22.5993 0000 89.3710 127
-22.5615 0000 89.3787 123
-22.5258 0000 89.4031 114
-22.4893 0000 89.4212 138
-22.4499 0000 89.4165 142
-22.4069 0000 89.3848 137
-22.3675 0000 89.3801 128
-22.3285 0000 89.3796 131
-22.2894 0000 89.3770 148
-22.2502 0000 89.3744 147
-22.2107 0000 89.3697 140
-22.1712 0000 89.3651 149
-22.1323 0000 89.3645 140
-22.0947 0000 89.3744 115
-22.0566 0000 89.3801 101
-22.0179 0000 89.3816 104
-21.9793 0000 89.3832 127
-21.9398 0000 89.3785 137
-21.8995 0000 89.3677 105
-21.8564 0000 89.3340 66
-21.8204 0000 89.3563 41
-21.7853 0000 89.3869 41
-21.7469 0000 89.3906 58
-21.7093 0000 89.4004 105
-21.6714 0000 89.4083 146
-21.6345 0000 89.4244 127
-21.5971 0000 89.4363 120
-21.5587 0000 89.4400 126
-21.5192 0000 89.4354 126
-21.4781 0000 89.4183 126
-21.4371 0000 89.4012 146
-21.3946 0000 89.3717 177
-21.3548 0000 89.3650 179
-21.3161 0000 89.3666 164
-21.2787 0000 89.3786 175
-21.2400 0000 89.3802 177
-21.2023 0000 89.3901 136
-21.1672 0000 89.4208 142
-21.1302 0000 89.4369 134
-21.0953 0000 89.4697 117
-21.0568 0000 89.4734 103
-21.0179 0000 89.4729 98
-20.9786 0000 89.4704 126
-20.9391 0000 89.4658 171
-20.8994 0000 89.4591 193
-20.8589 0000 89.4462 184
-20.8202 0000 89.4479 199
-20.7812 0000 89.4474 187
-20.7429 0000 89.4532 144
-20.7092 0000 89.4964 105
-20.6711 0000 89.5043 87
-20.6304 0000 89.4893 101
-20.5924 0000 89.4971 136
-20.5554 0000 89.5133 143
-20.5164 0000 89.5129 132
-20.4766 0000 89.5062 125
-20.4376 0000 89.5058 148
-20.3983 0000 89.5033 165
-20.3593 0000 89.5029 136
-20.3206 0000 89.5045 98
-20.2818 0000 89.5062 88
-20.2447 0000 89.5224 126
-20.2057 0000 89.5220 153
-20.1652 0000 89.5091 125
-20.1257 0000 89.5045 115
-20.0870 0000 89.5062 114
-20.0516 0000 89.5369 118
-20.0145 0000 89.5532 131
-19.9762 0000 89.5590 136
-19.9386 0000 89.5710 136
-19.8995 0000 89.5706 128
-19.8607 0000 89.5723 123
-19.8238 0000 89.5906 106
-19.7834 0000 89.5777 101
-19.7424 0000 89.5607 123
-19.7032 0000 89.5582 149
-19.6646 0000 89.5619 180
-19.6249 0000 89.5553 194
-19.5847 0000 89.5445 182
-19.5459 0000 89.5461 155
-19.5101 0000 89.5748 132
-19.4757 0000 89.6161 144
-19.4367 0000 89.6157 156
-19.3974 0000 89.6132 156
-19.3586 0000 89.6148 135
-19.3181 0000 89.6019 116
-19.2791 0000 89.6015 101
-19.2391 0000 89.5928 111
-19.1991 0000 89.5841 145
-19.1617 0000 89.5982 140
-19.1231 0000 89.6020 137
-19.0845 0000 89.6057 120
-19.0450 0000 89.6012 104
-19.0055 0000 89.5966 94
-18.9664 0000 89.5962 103
-18.9287 0000 89.6083 107
-18.8897 0000 89.6079 129
-18.8501 0000 89.6033 161
-18.8095 0000 89.5883 176
-18.7716 0000 89.5983 169
-18.7339 0000 89.6104 182
-18.6968 0000 89.6288 145
-18.6586 0000 89.6367 121
-18.6200 0000 89.6404 123
-18.5829 0000 89.6588 138
-18.5443 0000 89.6625 132
-18.5054 0000 89.6642 122
-18.4666 0000 89.6659 113
-18.4290 0000 89.6801 107
-18.3948 0000 89.7255 94
-18.3555 0000 89.7230 82
-18.3157 0000 89.7164 97
-18.2757 0000 89.7076 120
-18.2331 0000 89.6739 118
-18.1930 0000 89.6630 103
-18.1528 0000 89.6522 93
-18.1117 0000 89.6330 111
-18.0724 0000 89.6305 99
-18.0351 0000 89.6468 107
-17.9966 0000 89.6526 115
-17.9579 0000 89.6564 126
-17.9197 0000 89.6643 123
-17.8812 0000 89.6701 119
-17.8417 0000 89.6656 119
-17.8024 0000 89.6630 115
-17.7635 0000 89.6647 109
-17.7252 0000 89.6726 121
-17.6870 0000 89.6805 129
-17.6517 0000 89.7177 119
-17.6138 0000 89.7297 123
-17.5772 0000 89.7543 122
-17.5392 0000 89.7644 146
-17.4994 0000 89.7577 193
-17.4590 0000 89.7447 237
-17.4194 0000 89.7401 254
-17.3807 0000 89.7439 239
-17.3443 0000 89.7706 173
-17.3081 0000 89.7994 136
-17.2695 0000 89.8052 113
-17.2320 0000 89.8215 110
-17.1931 0000 89.8231 101
-17.1535 0000 89.8185 99
-17.1108 0000 89.7826 101
-17.0719 0000 89.7842 108
-17.0360 0000 89.8172 107
-16.9976 0000 89.8251 99
-16.9583 0000 89.8226 107
-16.9197 0000 89.8284 128
-16.8815 0000 89.8384 144
-16.8426 0000 89.8401 148
-16.8036 0000 89.8417 146
-16.7646 0000 89.8434 130
-16.7256 0000 89.8450 114
-16.6864 0000 89.8446 122
-16.6477 0000 89.8483 158
-16.6103 0000 89.8667 176
-16.5719 0000 89.8746 169
-16.5331 0000 89.8783 132
-16.4945 0000 89.8841 99
-16.4572 0000 89.9046 86
-16.4180 0000 89.9041 80
-16.3767 0000 89.8807 75
-16.3351 0000 89.8552 83
-16.2957 0000 89.8526 83
-16.2557 0000 89.8438 82
-16.2120 0000 89.7953 118
-16.1705 0000 89.7698 221
-16.1290 0000 89.7443 284
-16.0898 0000 89.7439 253
-16.0520 0000 89.7580 188
-16.0166 0000 89.7993 130
-15.9786 0000 89.8114 112
-15.9405 0000 89.8235 133
-15.9032 0000 89.8440 160
-15.8650 0000 89.8540 157
-15.8269 0000 89.8660 133
-15.7871 0000 89.8593 127
-15.7473 0000 89.8526 134
-15.7077 0000 89.8480 156
-15.6683 0000 89.8454 168
-15.6295 0000 89.8492 141
-15.5908 0000 89.8550 98
-15.5550 0000 89.8922 100
-15.5169 0000 89.9043 123
-15.4772 0000 89.8996 127
-15.4376 0000 89.8950 121
-15.3988 0000 89.8987 117
-15.3603 0000 89.9067 120
-15.3225 0000 89.9229 133
-15.2816 0000 89.9037 106
-15.2412 0000 89.8907 95
-15.2020 0000 89.8902 89
-15.1633 0000 89.8960 101
-15.1240 0000 89.8956 143
-15.0844 0000 89.8910 173
-15.0472 0000 89.9135 150
-15.0123 0000 89.9633 169
-14.9737 0000 89.9713 191
-14.9346 0000 89.9729 185
-14.8953 0000 89.9725 171
-14.8566 0000 89.9783 157
-14.8177 0000 89.9821 171
-14.7784 0000 89.9816 222
-14.7391 0000 89.9812 268
-14.6998 0000 89.9807 259
-14.6602 0000 89.9761 212
-14.6190 0000 89.9526 202
-14.5787 0000 89.9396 238
-14.5390 0000 89.9350 328
-14.4994 0000 89.9304 331
-14.4603 0000 89.9320 322
-14.4207 0000 89.9274 310
-14.3812 0000 89.9249 274
-14.3418 0000 89.9223 211
-14.3027 0000 89.9240 151
-14.2678 0000 89.9780 118
-14.2323 0000 90.0237 128
-14.1940 0000 90.0358 131
-14.1567 0000 90.0606 127
-14.1191 0000 90.0811 160
-14.0796 0000 90.0786 167
-14.0399 0000 90.0740 179
-13.9995 0000 90.0588 167
-13.9600 0000 90.0563 155
-13.9206 0000 90.0559 139
-13.8840 0000 90.0890 138
-13.8448 0000 90.0907 150
-13.8056 0000 90.0924 135
-13.7663 0000 90.0919 112
-13.7256 0000 90.0747 113
-13.6863 0000 90.0743 101
-13.6473 0000 90.0781 100
-13.6086 0000 90.0860 125
-13.5696 0000 90.0898 143
-13.5303 0000 90.0894 133
-13.4922 0000 90.1058 114
-13.4546 0000 90.1284 124
-13.4170 0000 90.1511 108
-13.3777 0000 90.1507 102
-13.3378 0000 90.1440 99
-13.2950 0000 90.0974 117
-13.2550 0000 90.0886 151
-13.2157 0000 90.0881 167
-13.1768 0000 90.0940 204
-13.1382 0000 90.1041 291
-13.0992 0000 90.1079 354
-13.0601 0000 90.1117 335
-13.0223 0000 90.1323 240
-12.9850 0000 90.1592 194
-12.9462 0000 90.1672 158
-12.9084 0000 90.1878 132
-12.8685 0000 90.1810 133
-12.8273 0000 90.1554 158
-12.7878 0000 90.1529 171
-12.7487 0000 90.1567 166
-12.7095 0000 90.1584 161
-12.6704 0000 90.1622 169
-12.6318 0000 90.1723 177
-12.5934 0000 90.1866 203
-12.5539 0000 90.1841 201
-12.5129 0000 90.1606 171
-12.4729 0000 90.1518 175
-12.4335 0000 90.1514 180
-12.3971 0000 90.1930 177
-12.3590 0000 90.2115 221
-12.3206 0000 90.2258 296
-12.2831 0000 90.2528 291
-12.2442 0000 90.2587 257
-12.2036 0000 90.2415 242
-12.1638 0000 90.2348 224
-12.1244 0000 90.2344 210
-12.0842 0000 90.2235 199
-12.0441 0000 90.2126 181
-12.0052 0000 90.2185 166
-11.9686 0000 90.2602 191
-11.9327 0000 90.3124 248
-11.8947 0000 90.3330 285
-11.8571 0000 90.3600 322
-11.8173 0000 90.3554 277
-11.7755 0000 90.3192 176
-11.7335 0000 90.2789 133
-11.6934 0000 90.2680 109
-11.6522 0000 90.2402 100
-11.6125 0000 90.2356 96
-11.5733 0000 90.2394 102
-11.5346 0000 90.2496 120
-11.4967 0000 90.2723 122
-11.4574 0000 90.2741 103
-11.4178 0000 90.2716 80
-11.3783 0000 90.2691 82
-11.3391 0000 90.2729 104
-11.2990 0000 90.2620 140
-11.2596 0000 90.2616 154
-11.2201 0000 90.2591 160
-11.1805 0000 90.2567 142
-11.1412 0000 90.2584 108
-11.1035 0000 90.2854 83
-11.0658 0000 90.3123 92
-11.0265 0000 90.3141 100
-10.9864 0000 90.3032 124
-10.9458 0000 90.2838 149
-10.9060 0000 90.2772 162
-10.8661 0000 90.2684 161
-10.8266 0000 90.2680 185
-10.7876 0000 90.2739 229
-10.7484 0000 90.2777 239
-10.7091 0000 90.2795 198
-10.6694 0000 90.2749 143
-10.6299 0000 90.2724 114
-10.5907 0000 90.2762 102
-10.5533 0000 90.3095 94
-10.5174 0000 90.3702 84
-10.4782 0000 90.3741 99
-10.4388 0000 90.3737 121
-10.4007 0000 90.3965 122
-10.3602 0000 90.3793 146
-10.3193 0000 90.3536 140
-10.2787 0000 90.3322 143
-10.2365 0000 90.2834 205
-10.1972 0000 90.2851 327
-10.1586 0000 90.2995 348
-10.1203 0000 90.3201 328
-10.0828 0000 90.3535 228
-10.0458 0000 90.3973 198
-10.0082 0000 90.4307 169
-9.9676 0000 90.4092 180
-9.9278 0000 90.4025 174
-9.8888 0000 90.4106 165
-9.8499 0000 90.4207 171
-9.8102 0000 90.4161 187
-9.7703 0000 90.4073 198
-9.7307 0000 90.4048 204
-9.6914 0000 90.4066 196
-9.6516 0000 90.3999 169
-9.6121 0000 90.3995 143
-9.5730 0000 90.4054 128
-9.5336 0000 90.4050 118
-9.4941 0000 90.4047 109
-9.4555 0000 90.4211 115
-9.4178 0000 90.4545 141
-9.3784 0000 90.4541 138
-9.3395 0000 90.4643 118
-9.3002 0000 90.4681 152
-9.2609 0000 90.4719 213
-9.2217 0000 90.4758 248
-9.1824 0000 90.4796 256
-9.1434 0000 90.4877 279
-9.1049 0000 90.5063 356
-9.0661 0000 90.5207 320
-9.0270 0000 90.5266 277
-8.9880 0000 90.5368 221
-8.9504 0000 90.5744 177
-8.9112 0000 90.5803 139
-8.8716 0000 90.5778 146
-8.8304 0000 90.5416 267
-8.7906 0000 90.5348 435
-8.7509 0000 90.5302 502
-8.7111 0000 90.5235 450
-8.6712 0000 90.5147 365
-8.6309 0000 90.4974 254
-8.5905 0000 90.4759 210
-8.5509 0000 90.4734 186
-8.5131 0000 90.5089 203
-8.4740 0000 90.5170 226
-8.4351 0000 90.5293 213
-8.3971 0000 90.5605 171
-8.3605 0000 90.6235 166
-8.3214 0000 90.6316 199
-8.2818 0000 90.6291 239
-8.2423 0000 90.6287 255
-8.2029 0000 90.6304 236
-8.1634 0000 90.6301 190
-8.1239 0000 90.6297 153
-8.0856 0000 90.6568 146
-8.0461 0000 90.6585 150
-8.0048 0000 90.6158 168
-7.9634 0000 90.5732 262
-7.9236 0000 90.5665 389
-7.8841 0000 90.5661 497
-7.8446 0000 90.5636 560
-7.8046 0000 90.5527 555
-7.7647 0000 90.5438 646
-7.7262 0000 90.5646 626
-7.6870 0000 90.5726 579
-7.6479 0000 90.5807 501
-7.6088 0000 90.5909 425
-7.5696 0000 90.5969 380
-7.5301 0000 90.5965 307
-7.4906 0000 90.5982 216
-7.4516 0000 90.6084 157
-7.4128 0000 90.6270 126
-7.3732 0000 90.6245 94
-7.3346 0000 90.6474 78
-7.2963 0000 90.6767 62
-7.2568 0000 90.6784 54
-7.2187 0000 90.7140 63
-7.1801 0000 90.7369 105
-7.1407 0000 90.7407 195
-7.1013 0000 90.7446 282
-7.0615 0000 90.7358 317
-7.0217 0000 90.7291 394
-6.9820 0000 90.7244 404
-6.9424 0000 90.7241 313
-6.9032 0000 90.7322 235
-6.8648 0000 90.7614 230
-6.8258 0000 90.7780 195
-6.7852 0000 90.7480 229
-6.7452 0000 90.7349 290
-6.7058 0000 90.7409 330
-6.6665 0000 90.7469 283
-6.6272 0000 90.7529 222
-6.5885 0000 90.7758 189
-6.5494 0000 90.7882 186
-6.5098 0000 90.7878 175
-6.4701 0000 90.7853 160
-6.4306 0000 90.7850 138
-6.3910 0000 90.7846 112
-6.3515 0000 90.7843 100
-6.3120 0000 90.7860 104
-6.2725 0000 90.7899 117
-6.2342 0000 90.8256 130
-6.1948 0000 90.8316 125
-6.1557 0000 90.8461 108
-6.1165 0000 90.8563 94
-6.0776 0000 90.8772 88
-6.0388 0000 90.9023 82
-6.0001 0000 90.9316 95
-5.9614 0000 90.9589 93
-5.9210 0000 90.9330 99
-5.8804 0000 90.9009 97
-5.8399 0000 90.8708 108
-5.8003 0000 90.8705 108
-5.7607 0000 90.8701 99
-5.7212 0000 90.8740 84
-5.6819 0000 90.8843 95
-5.6432 0000 90.9115 145
-5.6036 0000 90.9112 217
-5.5639 0000 90.9087 259
-5.5243 0000 90.9084 271
-5.4846 0000 90.9059 260
-5.4449 0000 90.9034 247
-5.4054 0000 90.9052 239
-5.3664 0000 90.9282 208
-5.3270 0000 90.9321 198
-5.2873 0000 90.9296 207
-5.2477 0000 90.9293 231
-5.2082 0000 90.9353 247
-5.1691 0000 90.9541 280
-5.1297 0000 90.9601 278
-5.0905 0000 90.9789 250
-5.0503 0000 90.9531 286
-5.0105 0000 90.9485 319
-4.9710 0000 90.9503 323
-4.9309 0000 90.9308 284
-4.8907 0000 90.9071 290
-4.8508 0000 90.8983 257
-4.8110 0000 90.8874 232
-4.7714 0000 90.8891 231
-4.7320 0000 90.8952 235
-4.6924 0000 90.8948 231
-4.6528 0000 90.8987 227
-4.6134 0000 90.9048 215
-4.5739 0000 90.9108 200
-4.5346 0000 90.9232 206
-4.4957 0000 90.9568 235
-4.4563 0000 90.9628 272
-4.4168 0000 90.9710 299
-4.3771 0000 90.9685 293
-4.3375 0000 90.9661 242
-4.2977 0000 90.9594 184
-4.2580 0000 90.9548 179
-4.2184 0000 90.9566 213
-4.1790 0000 90.9647 227
-4.1395 0000 90.9750 218
-4.1000 0000 90.9789 196
-4.0603 0000 90.9743 160
-4.0207 0000 90.9740 142
-3.9819 0000 91.0183 167
-3.9426 0000 91.0349 232
-3.9031 0000 91.0452 335
-3.8635 0000 91.0470 448
-3.8238 0000 91.0445 513
-3.7842 0000 91.0463 523
-3.7450 0000 91.0694 441
-3.7055 0000 91.0754 311
-3.6655 0000 91.0559 288
-3.6254 0000 91.0322 245
-3.5856 0000 91.0213 221
-3.5459 0000 91.0188 209
-3.5063 0000 91.0185 203
-3.4666 0000 91.0160 207
-3.4269 0000 91.0157 224
-3.3873 0000 91.0174 230
-3.3477 0000 91.0192 203
-3.3085 0000 91.0487 159
-3.2696 0000 91.0972 149
-3.2300 0000 91.1011 145
-3.1901 0000 91.0838 149
-3.1505 0000 91.0856 149
-3.1108 0000 91.0874 137
-3.0711 0000 91.0828 115
-3.0310 0000 91.0484 101
-2.9910 0000 91.0204 84
-2.9512 0000 91.0137 66
-2.9107 0000 90.9497 59
-2.8715 0000 90.9812 73
-2.8320 0000 90.9872 86
-2.7926 0000 91.0103 109
-2.7529 0000 91.0057 147
-2.7133 0000 91.0032 183
-2.6736 0000 91.0050 207
-2.6339 0000 91.0004 223
-2.5940 0000 90.9725 230
-2.5541 0000 90.9509 300
-2.5145 0000 90.9484 345
-2.4749 0000 90.9502 341
-2.4352 0000 90.9478 326
-2.3955 0000 90.9410 343
-2.3559 0000 90.9471 448
-2.3164 0000 90.9574 620
-2.2768 0000 90.9549 749
-2.2371 0000 90.9482 819
-2.1974 0000 90.9479 824
-2.1578 0000 90.9518 780
-2.1182 0000 90.9557 746
-2.0787 0000 90.9681 566
-2.0391 0000 90.9742 352
-1.9997 0000 90.9993 228
-1.9601 0000 91.0054 185
-1.9204 0000 91.0008 188
-1.8807 0000 90.9941 203
-1.8411 0000 91.0001 193
-1.8015 0000 91.0083 176
-1.7619 0000 91.0037 158
-1.7222 0000 90.9970 139
-1.6825 0000 90.9925 133
-1.6428 0000 90.9900 140
-1.6032 0000 90.9897 148
-1.5636 0000 90.9915 159
-1.5240 0000 90.9975 175
-1.4845 0000 91.0291 192
-1.4449 0000 91.0437 230
-1.4053 0000 91.0582 283
-1.3656 0000 91.0579 330
-1.3260 0000 91.0554 399
-1.2863 0000 91.0509 432
-1.2466 0000 91.0569 417
-1.2070 0000 91.0609 378
-1.1673 0000 91.0627 314
-1.1278 0000 91.0964 242
-1.0882 0000 91.1535 214
-1.0486 0000 91.1681 181
-1.0089 0000 91.1721 157
-0.9692 0000 91.1568 155
-0.9294 0000 91.0990 164
-0.8897 0000 91.0753 177
-0.8501 0000 91.0771 184
-0.8104 0000 91.0811 195
-0.7707 0000 91.0786 185
-0.7311 0000 91.0889 168
-0.6914 0000 91.1312 152
-0.6517 0000 91.1394 133
-0.6120 0000 91.1412 136
-0.5724 0000 91.1409 164
-0.5327 0000 91.1597 178
-0.4930 0000 91.1679 189
-0.4533 0000 91.1719 186
-0.4136 0000 91.1758 181
-0.3739 0000 91.1968 190
-0.3342 0000 91.2029 197
-0.2944 0000 91.2303 214
-0.2546 0000 91.2620 273
-0.2149 0000 91.2744 282
-0.1752 0000 91.2741 266
-0.1355 0000 91.2653 258
-0.0958 0000 91.2628 252
-0.0561 0000 91.2647 246
-0.0164 0000 91.2686 256
0.0233 0000 91.2470 259
0.0628 0000 91.2189 325
0.1024 0000 91.1802 491
0.1419 0000 91.1437 586
0.1816 0000 91.1413 596
0.2213 0000 91.1452 521
0.2610 0000 91.1577 328
0.3007 0000 91.1638 196
0.3406 0000 91.1911 139
0.3804 0000 91.2207 112
0.4203 0000 91.2481 88
0.4600 0000 91.2499 86
0.4997 0000 91.2432 103
0.5392 0000 91.2194 123
0.5789 0000 91.2191 142
0.6186 0000 91.2230 144
0.6585 0000 91.2462 143
0.6983 0000 91.2544 122
0.7381 0000 91.2669 109
0.7780 0000 91.2943 112
0.8180 0000 91.3217 96
0.8577 0000 91.3278 88
0.8975 0000 91.3275 79
0.9372 0000 91.3250 71
0.9769 0000 91.3247 67
1.0169 0000 91.3521 82
1.0564 0000 91.3326 110
1.0961 0000 91.3323 143
1.1358 0000 91.3341 172
1.1756 0000 91.3359 220
1.2153 0000 91.3334 240
1.2550 0000 91.3352 220
1.2948 0000 91.3413 214
1.3345 0000 91.3410 190
1.3741 0000 91.3343 143
1.4139 0000 91.3361 124
1.4537 0000 91.3421 132
1.4934 0000 91.3418 161
1.5331 0000 91.3372 182
1.5727 0000 91.3305 168
1.6127 0000 91.3515 174
1.6525 0000 91.3576 179
1.6922 0000 91.3551 165
1.7321 0000 91.3698 143
1.7718 0000 91.3716 152
1.8116 0000 91.3755 159
1.8513 0000 91.3709 152
1.8907 0000 91.3492 153
1.9306 0000 91.3660 140
1.9704 0000 91.3720 146
2.0103 0000 91.3781 154
2.0500 0000 91.3821 163
2.0898 0000 91.3817 162
2.1295 0000 91.3814 156
2.1692 0000 91.3832 152
2.2089 0000 91.3829 155
2.2487 0000 91.3826 164
2.2883 0000 91.3758 168
2.3279 0000 91.3691 172
2.3674 0000 91.3581 203
2.4072 0000 91.3620 197
2.4467 0000 91.3531 156
2.4858 0000 91.3187 130
2.5254 0000 91.3162 144
2.5653 0000 91.3223 156
2.6050 0000 91.3241 175
2.6447 0000 91.3237 179
2.6845 0000 91.3277 172
2.7247 0000 91.3551 192
2.7648 0000 91.3740 174
2.8045 0000 91.3758 170
2.8441 0000 91.3691 197
2.8833 0000 91.3452 271
2.9226 0000 91.3236 261
2.9620 0000 91.3126 241
3.0016 0000 91.3080 212
3.0415 0000 91.3162 208
3.0813 0000 91.3201 249
3.1210 0000 91.3219 280
3.1612 0000 91.3429 253
3.2010 0000 91.3490 240
3.2419 0000 91.4021 241
3.2819 0000 91.4145 251
3.3229 0000 91.4698 272
3.3628 0000 91.4758 289
3.4024 0000 91.4712 273
3.4412 0000 91.4346 228
3.4799 0000 91.3916 213
3.5189 0000 91.3635 207
3.5587 0000 91.3674 205
3.5985 0000 91.3714 224
3.6382 0000 91.3710 248
3.6778 0000 91.3664 256
3.7175 0000 91.3683 252
3.7579 0000 91.3957 229
3.7979 0000 91.4060 216
3.8380 0000 91.4207 214
3.8765 0000 91.3755 224
3.9159 0000 91.3667 276
3.9554 0000 91.3599 325
3.9952 0000 91.3639 352
4.0350 0000 91.3678 383
4.0747 0000 91.3675 395
4.1144 0000 91.3672 380
4.1539 0000 91.3626 369
4.1929 0000 91.3388 350
4.2325 0000 91.3364 348
4.2721 0000 91.3339 341
4.3112 0000 91.3144 361
4.3501 0000 91.2885 335
4.3910 0000 91.3287 325
4.4310 0000 91.3391 322
4.4717 0000 91.3729 320
4.5115 0000 91.3790 271
4.5511 0000 91.3765 225
4.5915 0000 91.3997 206
4.6319 0000 91.4229 250
4.6717 0000 91.4268 283
4.7114 0000 91.4265 293
4.7510 0000 91.4219 282
4.7906 0000 91.4216 262
4.8305 0000 91.4256 244
4.8703 0000 91.4296 222
4.9099 0000 91.4271 195
4.9495 0000 91.4247 186
4.9894 0000 91.4308 198
5.0293 0000 91.4390 217
5.0698 0000 91.4622 234
5.1103 0000 91.4854 211
5.1500 0000 91.4872 239
5.1897 0000 91.4869 270
5.2294 0000 91.4866 296
5.2691 0000 91.4863 315
5.3088 0000 91.4860 297
5.3483 0000 91.4814 264
5.3880 0000 91.4811 249
5.4279 0000 91.4872 289
5.4677 0000 91.4891 416
5.5074 0000 91.4888 564
5.5472 0000 91.4906 644
5.5870 0000 91.4946 644
5.6269 0000 91.5007 584
5.6669 0000 91.5068 486
5.7066 0000 91.5087 395
5.7469 0000 91.5233 308
5.7866 0000 91.5230 284
5.8270 0000 91.5420 308
5.8670 0000 91.5502 314
5.9079 0000 91.5799 286
5.9475 0000 91.5775 272
5.9855 0000 91.5344 317
6.0238 0000 91.4978 370
6.0636 0000 91.4996 416
6.1034 0000 91.5015 465
6.1436 0000 91.5161 441
6.1833 0000 91.5158 390
6.2224 0000 91.5006 337
6.2619 0000 91.4960 269
6.3015 0000 91.4915 209
6.3412 0000 91.4933 165
6.3823 0000 91.5272 187
6.4235 0000 91.5612 248
6.4635 0000 91.5694 348
6.5035 0000 91.5756 403
6.5431 0000 91.5731 393
6.5825 0000 91.5643 344
6.6219 0000 91.5576 311
6.6618 0000 91.5616 307
6.7026 0000 91.5870 289
6.7433 0000 91.6102 331
6.7832 0000 91.6142 350
6.8231 0000 91.6182 354
6.8629 0000 91.6180 374
6.9027 0000 91.6198 402
6.9434 0000 91.6409 383
6.9833 0000 91.6450 376
7.0233 0000 91.6511 355
7.0634 0000 91.6594 315
7.1030 0000 91.6570 273
7.1428 0000 91.6567 242
7.1826 0000 91.6586 228
7.2223 0000 91.6583 231
7.2629 0000 91.6773 241
7.3030 0000 91.6834 223
7.3428 0000 91.6853 217
7.3827 0000 91.6893 238
7.4228 0000 91.6955 264
7.4627 0000 91.6995 262
7.5042 0000 91.7357 245
7.5443 0000 91.7418 250
7.5841 0000 91.7437 274
7.6239 0000 91.7434 285
7.6636 0000 91.7432 280
7.7034 0000 91.7429 259
7.7434 0000 91.7490 230
7.7834 0000 91.7531 210
7.8236 0000 91.7614 206
7.8656 0000 91.8062 223
7.9061 0000 91.8209 251
7.9476 0000 91.8550 250
7.9887 0000 91.8805 274
8.0287 0000 91.8845 280
8.0689 0000 91.8928 296
8.1091 0000 91.9012 298
8.1492 0000 91.9073 265
8.1891 0000 91.9092 215
8.2298 0000 91.9261 198
8.2699 0000 91.9323 188
8.3105 0000 91.9471 162
8.3508 0000 91.9576 148
8.3921 0000 91.9853 155
8.4334 0000 92.0130 140
8.4739 0000 92.0256 135
8.5152 0000 92.0533 130
8.5561 0000 92.0724 142
8.5960 0000 92.0743 140
8.6359 0000 92.0762 133
8.6760 0000 92.0802 126
8.7146 0000 92.0584 141
8.7554 0000 92.0754 146
8.7949 0000 92.0708 157
8.8323 0000 92.0275 167
8.8721 0000 92.0273 173
8.9119 0000 92.0270 167
8.9517 0000 92.0268 166
8.9914 0000 92.0243 178
9.0313 0000 92.0262 188
9.0723 0000 92.0475 178
9.1108 0000 92.0236 215
9.1503 0000 92.0190 262
9.1906 0000 92.0273 261
9.2303 0000 92.0249 211
9.2694 0000 92.0139 151
9.3076 0000 91.9857 104
9.3434 0000 91.9188 70
9.3805 0000 91.8735 69
9.4190 0000 91.8517 88
9.4608 0000 91.8858 120
9.5012 0000 91.8963 160
9.5422 0000 91.9175 179
9.5841 0000 91.9516 222
9.6259 0000 91.9858 229
9.6662 0000 91.9941 223
9.7072 0000 92.0132 210
9.7489 0000 92.0452 172
9.7910 0000 92.0815 182
9.8321 0000 92.1028 181
9.8708 0000 92.0853 196
9.9101 0000 92.0764 208
9.9495 0000 92.0697 227
9.9890 0000 92.0652 233
10.0278 0000 92.0498 214
10.0690 0000 92.0711 219
10.1096 0000 92.0838 192
10.1496 0000 92.0878 164
10.1893 0000 92.0854 146
10.2297 0000 92.0959 138
10.2716 0000 92.1279 153
10.3114 0000 92.1277 170
10.3511 0000 92.1253 191
10.3909 0000 92.1250 187
10.4308 0000 92.1269 185
10.4717 0000 92.1439 183
10.5115 0000 92.1436 172
10.5532 0000 92.1714 157
10.5944 0000 92.1927 195
10.6342 0000 92.1924 215
10.6731 0000 92.1792 210
10.7129 0000 92.1790 237
10.7529 0000 92.1809 264
10.7940 0000 92.2000 302
10.8338 0000 92.1998 309
10.8723 0000 92.1801 303
10.9121 0000 92.1799 346
10.9510 0000 92.1667 406
10.9906 0000 92.1643 388
11.0306 0000 92.1662 337
11.0702 0000 92.1638 269
11.1097 0000 92.1592 225
11.1490 0000 92.1525 182
11.1888 0000 92.1523 139
11.2287 0000 92.1542 133
11.2684 0000 92.1518 156
11.3080 0000 92.1494 195
11.3475 0000 92.1448 222
11.3865 0000 92.1338 223
11.4252 0000 92.1185 220
11.4637 0000 92.1010 252
11.5049 0000 92.1202 230
11.5456 0000 92.1329 219
11.5860 0000 92.1412 209
11.6261 0000 92.1453 189
11.6663 0000 92.1515 155
11.7094 0000 92.1965 145
11.7497 0000 92.2028 164
11.7915 0000 92.2305 170
11.8316 0000 92.2346 174
11.8698 0000 92.2128 189
11.9097 0000 92.2147 189
11.9497 0000 92.2167 174
11.9911 0000 92.2380 152
12.0315 0000 92.2464 148
12.0731 0000 92.2699 156
12.1136 0000 92.2783 151
12.1537 0000 92.2823 159
12.1928 0000 92.2735 193
12.2321 0000 92.2668 229
12.2721 0000 92.2687 238
12.3115 0000 92.2642 219
12.3478 0000 92.2187 219
12.3869 0000 92.2098 254
12.4267 0000 92.2096 290
12.4665 0000 92.2094 311
12.5066 0000 92.2135 306
12.5484 0000 92.2391 270
12.5902 0000 92.2648 295
12.6318 0000 92.2883 280
12.6728 0000 92.3031 273
12.7167 0000 92.3547 269
12.7566 0000 92.3566 259
12.7928 0000 92.3111 246
12.8276 0000 92.2483 245
12.8605 0000 92.1619 266
12.8945 0000 92.0907 272
12.9339 0000 92.0862 249
12.9786 0000 92.1484 206
13.0259 0000 92.2408 166
13.0720 0000 92.3182 160
13.1126 0000 92.3287 153
13.1531 0000 92.3372 141
13.1936 0000 92.3456 119
13.2350 0000 92.3648 108
13.2744 0000 92.3602 89
13.3103 0000 92.3125 78
13.3495 0000 92.3059 76
13.3911 0000 92.3272 80
13.4269 0000 92.2795 81
13.4663 0000 92.2750 88
13.5102 0000 92.3244 85
13.5672 0000 92.5293 73
13.6110 0000 92.5767 75
13.6465 0000 92.5246 85
13.6795 0000 92.4444 115
13.7158 0000 92.4031 139
13.7565 0000 92.4137 164
13.7966 0000 92.4178 197
13.8358 0000 92.4111 212
13.8749 0000 92.4022 218
13.9139 0000 92.3934 234
13.9516 0000 92.3694 237
13.9919 0000 92.3757 287
14.0306 0000 92.3625 267
14.0724 0000 92.3860 242
14.1155 0000 92.4247 186
14.1585 0000 92.4611 177
14.2000 0000 92.4804 163
14.2409 0000 92.4931 161
14.2824 0000 92.5123 180
14.3235 0000 92.5272 149
14.3635 0000 92.5291 122
14.4039 0000 92.5354 107
14.4442 0000 92.5417 104
14.4861 0000 92.5652 115
14.5265 0000 92.5715 126
14.5661 0000 92.5691 141
14.6041 0000 92.5494 158
14.6439 0000 92.5491 198
14.6838 0000 92.5511 219
14.7236 0000 92.5508 197
14.7630 0000 92.5463 153
14.8023 0000 92.5417 126
14.8421 0000 92.5415 120
14.8815 0000 92.5369 124
14.9200 0000 92.5237 131
14.9556 0000 92.4781 145
14.9950 0000 92.4735 156
15.0347 0000 92.4733 161
15.0742 0000 92.4709 164
15.1144 0000 92.4750 158
15.1567 0000 92.5028 137
15.2001 0000 92.5415 140
15.2435 0000 92.5801 163
15.2859 0000 92.6080 160
15.3260 0000 92.6121 158
15.3664 0000 92.6183 154
15.4084 0000 92.6419 166
15.4484 0000 92.6438 156
15.4877 0000 92.6392 128
15.5273 0000 92.6368 100
15.5668 0000 92.6344 97
15.6053 0000 92.6212 111
15.6407 0000 92.5755 136
15.6821 0000 92.5925 151
15.7206 0000 92.5793 180
15.7605 0000 92.5812 216
15.8001 0000 92.5788 218
15.8396 0000 92.5764 207
15.8793 0000 92.5761 209
15.9213 0000 92.5997 219
15.9640 0000 92.6297 194
16.0076 0000 92.6684 197
16.0509 0000 92.7049 164
16.0940 0000 92.7393 148
16.1366 0000 92.7672 140
16.1768 0000 92.7713 127
16.2167 0000 92.7732 109
16.2565 0000 92.7729 95
16.2956 0000 92.7662 93
16.3299 0000 92.7118 104
16.3692 0000 92.7072 128
16.4070 0000 92.6874 144
16.4509 0000 92.7283 169
16.4917 0000 92.7389 195
16.5334 0000 92.7581 184
16.5740 0000 92.7665 175
16.6148 0000 92.7771 178
16.6574 0000 92.8050 190
16.6996 0000 92.8286 165
16.7369 0000 92.8045 169
16.7760 0000 92.7977 166
16.8153 0000 92.7931 156
16.8554 0000 92.7972 154
16.8963 0000 92.8077 169
16.9362 0000 92.8096 174
16.9762 0000 92.8115 158
17.0164 0000 92.8156 147
17.0608 0000 92.8608 136
17.1012 0000 92.8671 122
17.1403 0000 92.8603 120
17.1771 0000 92.8319 122
17.2141 0000 92.8056 137
17.2527 0000 92.7945 149
17.2892 0000 92.7639 159
17.3264 0000 92.7398 194
17.3661 0000 92.7395 213
17.4058 0000 92.7393 214
17.4471 0000 92.7541 190
17.4875 0000 92.7604 181
17.5281 0000 92.7688 168
17.5706 0000 92.7945 168
17.6100 0000 92.7920 170
17.6486 0000 92.7809 187
17.6878 0000 92.7763 201
17.7277 0000 92.7782 209
17.7672 0000 92.7758 212
17.8069 0000 92.7755 184
17.8473 0000 92.7817 136
17.8877 0000 92.7880 108
17.9304 0000 92.8159 103
17.9710 0000 92.8242 94
18.0133 0000 92.8478 87
18.0530 0000 92.8475 85
18.0927 0000 92.8473 84
18.1324 0000 92.8470 81
18.1718 0000 92.8445 80
18.2111 0000 92.8399 82
18.2483 0000 92.8180 97
18.2885 0000 92.8221 121
18.3303 0000 92.8413 134
18.3707 0000 92.8475 143
18.4111 0000 92.8537 163
18.4515 0000 92.8600 190
18.4915 0000 92.8619 191
18.5319 0000 92.8681 189
18.5725 0000 92.8765 196
18.6168 0000 92.9174 195
18.6573 0000 92.9236 192
18.6994 0000 92.9450 184
18.7396 0000 92.9491 184
18.7800 0000 92.9553 177
18.8197 0000 92.9551 173
18.8594 0000 92.9548 165
18.8968 0000 92.9350 156
18.9362 0000 92.9325 140
18.9762 0000 92.9344 135
19.0166 0000 92.9407 137
19.0563 0000 92.9404 138
19.0954 0000 92.9358 148
19.1346 0000 92.9312 185
19.1733 0000 92.9222 238
19.2099 0000 92.8960 268
19.2496 0000 92.8957 310
19.2912 0000 92.9128 376
19.3311 0000 92.9146 393
19.3716 0000 92.9209 376
19.4138 0000 92.9423 319
19.4542 0000 92.9485 281
19.4943 0000 92.9526 226
19.5337 0000 92.9502 190
19.5729 0000 92.9456 186
19.6120 0000 92.9410 198
19.6493 0000 92.9212 228
19.6887 0000 92.9187 232
19.7255 0000 92.8946 223
19.7641 0000 92.8857 221
19.8030 0000 92.8789 194
19.8418 0000 92.8722 170
19.8799 0000 92.8589 175
19.9205 0000 92.8673 176
19.9612 0000 92.8757 189
20.0032 0000 92.8950 182
20.0462 0000 92.9229 189
20.0877 0000 92.9378 182
20.1302 0000 92.9614 162
20.1722 0000 92.9807 172
20.2126 0000 92.9869 175
20.2557 0000 93.0149 169
20.2962 0000 93.0211 175
20.3355 0000 93.0187 159
20.3728 0000 92.9989 146
20.4105 0000 92.9835 147
20.4475 0000 92.9615 170
20.4841 0000 92.9374 185
20.5235 0000 92.9350 211
20.5633 0000 92.9369 236
20.6029 0000 92.9367 272
20.6406 0000 92.9212 329
20.6800 0000 92.9188 325
20.7201 0000 92.9229 340
20.7602 0000 92.9270 343
20.7998 0000 92.9268 294
20.8394 0000 92.9265 252
20.8782 0000 92.9198 213
20.9145 0000 92.8935 174
20.9532 0000 92.8868 170
20.9928 0000 92.8865 179
21.0387 0000 92.9362 193
21.0792 0000 92.9425 201
21.1190 0000 92.9444 204
21.1592 0000 92.9485 208
21.1990 0000 92.9504 215
21.2414 0000 92.9719 239
21.2818 0000 92.9782 233
21.3242 0000 92.9997 195
21.3646 0000 93.0059 175
21.4048 0000 93.0101 168
21.4449 0000 93.0142 170
21.4839 0000 93.0096 166
21.5190 0000 92.9747 167
21.5546 0000 92.9441 168
21.5947 0000 92.9482 201
21.6348 0000 92.9523 231
21.6741 0000 92.9500 231
21.7131 0000 92.9454 220
21.7524 0000 92.9430 226
21.7922 0000 92.9450 228
21.8335 0000 92.9578 218
21.8768 0000 92.9858 223
21.9178 0000 92.9965 202
21.9640 0000 93.0462 191
22.0047 0000 93.0547 199
22.0446 0000 93.0567 180
22.0841 0000 93.0565 153
22.1231 0000 93.0519 139
22.1621 0000 93.0474 123
22.2019 0000 93.0494 109
22.2415 0000 93.0492 100
22.2816 0000 93.0533 94
22.3250 0000 93.0814 87
22.3610 0000 93.0552 93
22.4009 0000 93.0571 96
22.4466 0000 93.1026 107
22.4868 0000 93.1068 132
22.5266 0000 93.1087 160
22.5668 0000 93.1129 187
22.6102 0000 93.1410 186
22.6530 0000 93.1647 207
22.6929 0000 93.1667 212
22.7321 0000 93.1644 194
22.7720 0000 93.1664 148
22.8121 0000 93.1706 128
22.8517 0000 93.1704 143
22.8921 0000 93.1768 155
22.9332 0000 93.1875 158
22.9740 0000 93.1960 169
23.0171 0000 93.2220 193
23.0597 0000 93.2436 166
23.0999 0000 93.2478 146
23.1400 0000 93.2520 144
23.1796 0000 93.2518 160
23.2182 0000 93.2451 162
23.2565 0000 93.2363 162
23.2958 0000 93.2340 172
23.3353 0000 93.2338 175
23.3752 0000 93.2358 172
23.4147 0000 93.2357 165
23.4545 0000 93.2377 151
23.4950 0000 93.2441 131
23.5391 0000 93.2766 127
23.5830 0000 93.3069 113
23.6238 0000 93.3155 107
23.6639 0000 93.3197 103
23.7001 0000 93.2956 100
23.7384 0000 93.2868 93
23.7773 0000 93.2823 96
23.8171 0000 93.2843 103
23.8566 0000 93.2842 105
23.8996 0000 93.3080 106
23.9394 0000 93.3100 116
23.9783 0000 93.3055 122
24.0175 0000 93.3032 119
24.0570 0000 93.3031 114
24.0931 0000 93.2791 119
24.1326 0000 93.2789 110
24.1715 0000 93.2745 99
24.2107 0000 93.2722 100
24.2527 0000 93.2894 102
24.2926 0000 93.2915 108
24.3333 0000 93.3000 103
24.3744 0000 93.3108 95
24.4219 0000 93.3650 91
24.4627 0000 93.3735 93
24.5060 0000 93.3995 102
24.5462 0000 93.4037 103
24.5902 0000 93.4340 97
24.6301 0000 93.4360 101
24.6654 0000 93.4077 113
24.7049 0000 93.4075 126
24.7416 0000 93.3878 123
24.7804 0000 93.3834 120
24.8187 0000 93.3746 112
24.8578 0000 93.3723 103
24.8983 0000 93.3787 102
24.9382 0000 93.3807 106
24.9744 0000 93.3589 112
25.0165 0000 93.3761 102
25.0554 0000 93.3717 107
25.0913 0000 93.3477 126
25.1273 0000 93.3237 119
25.1661 0000 93.3192 121
25.2056 0000 93.3191 123
25.2454 0000 93.3212 120
25.2849 0000 93.3211 124
25.3257 0000 93.3296 133
25.3659 0000 93.3338 142
