wt=150130925, DLLFiFo=0
-25.5258 0000 91.6317 101
-25.4911 0000 91.6629 93
-25.4558 0000 91.6899 120
-25.4198 0000 91.7127 133
-25.3833 0000 91.7312 142
-25.3516 0000 91.7837 139
-25.3178 0000 91.8214 122
-25.2836 0000 91.8569 131
-25.2440 0000 91.8542 149
-25.2030 0000 91.8429 181
-25.1625 0000 91.8338 208
-25.1210 0000 91.8182 202
-25.0792 0000 91.8006 227
-25.0386 0000 91.7914 216
-24.9980 0000 91.7823 188
-24.9595 0000 91.7880 160
-24.9229 0000 91.8066 142
-24.8890 0000 91.8443 155
-24.8517 0000 91.8586 163
-24.8129 0000 91.8622 147
-24.7712 0000 91.8445 107
-24.7225 0000 91.7779 83
-24.6759 0000 91.7262 112
-24.6342 0000 91.7086 116
-24.5933 0000 91.6973 116
-24.5558 0000 91.7095 83
-24.5230 0000 91.7557 85
-24.4904 0000 91.8040 109
-24.4502 0000 91.7970 129
-24.4102 0000 91.7922 127
-24.3741 0000 91.8150 115
-24.3356 0000 91.8208 130
-24.2935 0000 91.8010 173
-24.2545 0000 91.8025 171
-24.2160 0000 91.8083 127
-24.1763 0000 91.8056 93
-24.1305 0000 91.7581 77
-24.0899 0000 91.7490 72
-24.0514 0000 91.7548 79
-24.0138 0000 91.7670 92
-23.9776 0000 91.7898 102
-23.9388 0000 91.7935 80
-23.9017 0000 91.8100 62
-23.8626 0000 91.8115 63
-23.8273 0000 91.8408 61
-23.7913 0000 91.8658 65
-23.7476 0000 91.8333 60
-23.7027 0000 91.7922 59
-23.6622 0000 91.7831 59
-23.6236 0000 91.7889 79
-23.5856 0000 91.7990 99
-23.5491 0000 91.8198 88
-23.5054 0000 91.7873 117
-23.4637 0000 91.7697 184
-23.4240 0000 91.7670 248
-23.3840 0000 91.7622 256
-23.3444 0000 91.7595 262
-23.3052 0000 91.7611 246
-23.2667 0000 91.7670 186
-23.2284 0000 91.7749 121
-23.1957 0000 91.8256 87
-23.1627 0000 91.8741 90
-23.1258 0000 91.8928 96
-23.0867 0000 91.8945 113
-23.0534 0000 91.9409 113
-23.0178 0000 91.9703 105
-22.9808 0000 91.9891 91
-22.9430 0000 92.0014 83
-22.8997 0000 91.9710 81
-22.8510 0000 91.9000 92
-22.8099 0000 91.8867 83
-22.7682 0000 91.8691 81
-22.7315 0000 91.8900 65
-22.6937 0000 91.9024 59
-22.6580 0000 91.9318 67
-22.6169 0000 91.9185 72
-22.5802 0000 91.9394 72
-22.5555 0000 92.0544 77
-22.5305 0000 92.1675 101
-22.4947 0000 92.1970 148
-22.4574 0000 92.2138 152
-22.4132 0000 92.1769 157
-22.3714 0000 92.1593 169
-22.3251 0000 92.1053 188
-22.2793 0000 92.0556 185
-22.2284 0000 91.9653 230
-22.1841 0000 91.9264 298
-22.1424 0000 91.9089 330
-22.1021 0000 91.9021 199
-22.0682 0000 91.9465 133
-22.0316 0000 91.9696 127
-21.9974 0000 92.0120 129
-21.9592 0000 92.0223 129
-21.9197 0000 92.0219 129
-21.8772 0000 91.9979 136
-21.8361 0000 91.9847 128
-21.7926 0000 91.9522 118
-21.7491 0000 91.9197 150
-21.7061 0000 91.8915 154
-21.6664 0000 91.8890 121
-21.6281 0000 91.8993 95
-21.5915 0000 91.9224 72
-21.5551 0000 91.9476 77
-21.5161 0000 91.9515 69
-21.4768 0000 91.9533 55
-21.4383 0000 91.9614 67
-21.3993 0000 91.9653 89
-21.3616 0000 91.9799 96
-21.3256 0000 92.0095 73
-21.3016 0000 92.1376 67
-21.2716 0000 92.2166 84
-21.2353 0000 92.2441 105
-21.1985 0000 92.2673 136
-21.1605 0000 92.2798 167
-21.1214 0000 92.2837 203
-21.0804 0000 92.2726 224
-21.0377 0000 92.2465 213
-20.9945 0000 92.2161 234
-20.9531 0000 92.2007 218
-20.9105 0000 92.1745 172
-20.8678 0000 92.1484 162
-20.8274 0000 92.1416 149
-20.7851 0000 92.1176 150
-20.7429 0000 92.0958 148
-20.7036 0000 92.0976 168
-20.6640 0000 92.0972 165
-20.6261 0000 92.1118 143
-20.5865 0000 92.1114 153
-20.5457 0000 92.1003 172
-20.5028 0000 92.0721 195
-20.4630 0000 92.0696 175
-20.4224 0000 92.0606 166
-20.3796 0000 92.0324 157
-20.3363 0000 91.9999 142
-20.2923 0000 91.9609 119
-20.2522 0000 91.9563 100
-20.2158 0000 91.9837 98
-20.1775 0000 91.9940 121
-20.1391 0000 92.0043 134
-20.0998 0000 92.0061 139
-20.0592 0000 91.9971 132
-20.0189 0000 91.9903 111
-19.9863 0000 92.0520 105
-19.9518 0000 92.0966 103
-19.9127 0000 92.1005 92
-19.8707 0000 92.0787 74
-19.8079 0000 91.8727 62
-19.7480 0000 91.6908 131
-19.7063 0000 91.6712 235
-19.6644 0000 91.6494 296
-19.6239 0000 91.6405 331
-19.5839 0000 91.6358 291
-19.5435 0000 91.6269 230
-19.5047 0000 91.6329 141
-19.4685 0000 91.6623 103
-19.4313 0000 91.6832 127
-19.3882 0000 91.6508 145
-19.3459 0000 91.6248 157
-19.3043 0000 91.6052 152
-19.2629 0000 91.5878 117
-19.2260 0000 91.6108 102
-19.1876 0000 91.6211 93
-19.1479 0000 91.6185 108
-19.1079 0000 91.6138 123
-19.0681 0000 91.6113 132
-19.0307 0000 91.6301 123
-18.9932 0000 91.6489 117
-18.9576 0000 91.6847 104
-18.9222 0000 91.7227 74
-18.8870 0000 91.7629 79
-18.8509 0000 91.7945 97
-18.8118 0000 91.7984 110
-18.7706 0000 91.7830 101
-18.7261 0000 91.7356 125
-18.6838 0000 91.7095 147
-18.6420 0000 91.6878 164
-18.6013 0000 91.6767 140
-18.5597 0000 91.6571 126
-18.5193 0000 91.6481 104
-18.4791 0000 91.6413 101
-18.4384 0000 91.6302 131
-18.3973 0000 91.6149 155
-18.3580 0000 91.6166 157
-18.3209 0000 91.6396 144
-18.2902 0000 91.7246 111
-18.2573 0000 91.7882 134
-18.2182 0000 91.7921 148
-18.1790 0000 91.7960 137
-18.1403 0000 91.8041 119
-18.1032 0000 91.8272 118
-18.0583 0000 91.7755 120
-18.0135 0000 91.7238 117
-17.9720 0000 91.7042 110
-17.9291 0000 91.6717 100
-17.8889 0000 91.6649 98
-17.8489 0000 91.6602 119
-17.8115 0000 91.6811 173
-17.7730 0000 91.6914 199
-17.7341 0000 91.6974 205
-17.6971 0000 91.7226 199
-17.6584 0000 91.7307 194
-17.6149 0000 91.6919 177
-17.5662 0000 91.5997 213
-17.5222 0000 91.5545 249
-17.4803 0000 91.5307 249
-17.4378 0000 91.5004 259
-17.3972 0000 91.4894 223
-17.3552 0000 91.4634 187
-17.3127 0000 91.4332 219
-17.2719 0000 91.4200 235
-17.2299 0000 91.3940 209
-17.1881 0000 91.3702 197
-17.1475 0000 91.3592 161
-17.1055 0000 91.3332 131
-17.0650 0000 91.3222 138
-17.0234 0000 91.3005 169
-16.9810 0000 91.2703 149
-16.9370 0000 91.2232 106
-16.8865 0000 91.1082 73
-16.8344 0000 90.9764 57
-16.7923 0000 90.9485 43
-16.7590 0000 91.0116 35
0.0000 0000 0.0000 0
-16.6865 0000 91.0785 36
-16.6440 0000 91.0463 43
-16.6046 0000 91.0459 40
-16.5649 0000 91.0433 43
-16.5237 0000 91.0238 55
-16.4824 0000 91.0044 73
-16.4424 0000 90.9976 91
-16.4025 0000 90.9929 89
-16.3623 0000 90.9840 65
-16.3204 0000 90.9582 47
-16.2829 0000 90.9789 48
-16.2431 0000 90.9743 51
-16.2009 0000 90.9442 46
-16.1585 0000 90.9120 43
-16.1224 0000 90.9476 45
-16.0835 0000 90.9535 51
-16.0407 0000 90.9171 58
-16.0011 0000 90.9145 60
-15.9661 0000 90.9628 69
-15.9291 0000 90.9899 80
-15.8891 0000 90.9831 93
-15.8502 0000 90.9891 114
-15.8130 0000 91.0141 115
-15.7739 0000 91.0179 105
-15.7348 0000 91.0217 93
-15.6960 0000 91.0298 107
-15.6565 0000 91.0293 119
-15.6163 0000 91.0204 96
-15.5766 0000 91.0179 83
-15.5396 0000 91.0450 111
-15.4974 0000 91.0149 134
-15.4563 0000 90.9954 169
-15.4130 0000 90.9526 183
-15.3730 0000 90.9458 192
-15.3335 0000 90.9454 253
-15.2933 0000 90.9365 320
-15.2529 0000 90.9255 290
-15.2128 0000 90.9187 201
-15.1704 0000 90.8844 136
-15.1295 0000 90.8670 111
-15.0878 0000 90.8412 109
-15.0471 0000 90.8260 92
-15.0049 0000 90.7938 83
-14.9654 0000 90.7934 73
-14.9288 0000 90.8268 99
-14.8904 0000 90.8391 162
-14.8524 0000 90.8556 155
-14.8125 0000 90.8509 134
-14.7716 0000 90.8336 120
-14.7304 0000 90.8120 95
-14.6912 0000 90.8158 72
-14.6535 0000 90.8365 66
-14.6119 0000 90.8107 67
-14.5696 0000 90.7764 78
-14.5265 0000 90.7316 97
-14.4851 0000 90.7079 96
-14.4467 0000 90.7202 98
-14.4091 0000 90.7430 154
-14.3717 0000 90.7679 186
-14.3339 0000 90.7887 219
-14.2970 0000 90.8200 202
-14.2594 0000 90.8429 164
-14.2197 0000 90.8403 112
-14.1784 0000 90.8166 124
-14.1402 0000 90.8331 164
-14.1014 0000 90.8412 223
-14.0639 0000 90.8662 233
-14.0251 0000 90.8742 238
-13.9859 0000 90.8780 229
-13.9467 0000 90.8819 210
-13.9078 0000 90.8899 206
-13.8681 0000 90.8874 217
-13.8281 0000 90.8806 234
-13.7884 0000 90.8781 252
-13.7487 0000 90.8755 244
-13.7105 0000 90.8921 204
-13.6693 0000 90.8705 189
-13.6301 0000 90.8743 168
-13.5912 0000 90.8824 156
-13.5514 0000 90.8777 154
-13.5099 0000 90.8519 166
-13.4702 0000 90.8493 171
-13.4312 0000 90.8553 192
-13.3913 0000 90.8506 227
-13.3513 0000 90.8439 244
-13.3102 0000 90.8223 189
-13.2700 0000 90.8134 118
-13.2286 0000 90.7876 74
-13.1889 0000 90.7850 71
-13.1492 0000 90.7825 80
-13.1099 0000 90.7842 84
-13.0727 0000 90.8156 82
-13.0344 0000 90.8321 93
-12.9981 0000 90.8762 116
-12.9569 0000 90.8525 140
-12.9170 0000 90.8478 169
-12.8781 0000 90.8559 170
-12.8413 0000 90.8936 187
-12.8021 0000 90.8975 227
-12.7611 0000 90.8780 209
-12.7193 0000 90.8458 193
-12.6784 0000 90.8263 153
-12.6359 0000 90.7836 116
-12.5966 0000 90.7874 98
-12.5602 0000 90.8315 121
-12.5223 0000 90.8544 128
-12.4825 0000 90.8498 114
-12.4423 0000 90.8409 85
-12.4038 0000 90.8553 96
-12.3644 0000 90.8570 140
-12.3240 0000 90.8439 162
-12.2842 0000 90.8393 185
-12.2450 0000 90.8452 223
-12.2061 0000 90.8533 262
-12.1678 0000 90.8720 282
-12.1301 0000 90.8992 208
-12.0940 0000 90.9497 173
-12.0566 0000 90.9811 142
-12.0197 0000 91.0210 123
-11.9818 0000 91.0461 97
-11.9444 0000 91.0776 100
-11.9063 0000 91.1006 83
-11.8653 0000 91.0789 75
-11.8288 0000 91.1253 66
-11.7899 0000 91.1355 59
-11.7518 0000 91.1585 59
-11.7120 0000 91.1560 60
-11.6872 0000 91.3835 49
-11.6512 0000 91.4386 50
-11.5935 0000 91.1612 64
-11.5556 0000 91.1864 79
-11.5147 0000 91.1668 122
-11.4763 0000 91.1856 154
-11.4401 0000 91.2384 166
-11.4042 0000 91.2976 208
-11.3651 0000 91.3058 288
-11.3252 0000 91.3011 371
-11.2851 0000 91.2944 372
-11.2456 0000 91.2961 301
-11.2065 0000 91.3042 259
-11.1689 0000 91.3379 230
-11.1306 0000 91.3589 263
-11.0906 0000 91.3542 267
-11.0508 0000 91.3517 207
-11.0114 0000 91.3556 135
-10.9711 0000 91.3445 134
-10.9303 0000 91.3250 174
-10.8902 0000 91.3182 148
-10.8495 0000 91.3008 97
-10.8096 0000 91.2961 71
-10.7704 0000 91.3042 57
-10.7363 0000 91.3955 61
-10.6985 0000 91.4271 73
-10.6593 0000 91.4353 88
-10.6197 0000 91.4370 92
-10.5783 0000 91.4068 82
-10.5378 0000 91.3936 89
-10.4983 0000 91.3953 100
-10.4589 0000 91.3992 106
-10.4188 0000 91.3924 118
-10.3799 0000 91.4048 116
-10.3404 0000 91.4087 102
-10.2976 0000 91.3529 91
-10.2542 0000 91.2886 127
-10.2137 0000 91.2733 184
-10.1725 0000 91.2453 219
-10.1330 0000 91.2470 254
-10.0950 0000 91.2764 293
-10.0557 0000 91.2824 307
-10.0159 0000 91.2799 265
-9.9768 0000 91.2880 215
-9.9392 0000 91.3260 197
-9.9009 0000 91.3512 228
-9.8614 0000 91.3529 216
-9.8214 0000 91.3462 211
-9.7815 0000 91.3415 214
-9.7425 0000 91.3539 204
-9.7049 0000 91.3919 236
-9.6663 0000 91.4128 228
-9.6265 0000 91.4103 192
-9.5899 0000 91.4675 123
-9.5553 0000 91.5632 100
-9.5201 0000 91.6483 96
-9.4813 0000 91.6672 107
-9.4397 0000 91.6305 125
-9.3992 0000 91.6151 203
-9.3593 0000 91.6126 329
-9.3198 0000 91.6165 398
-9.2804 0000 91.6225 325
-9.2390 0000 91.5900 206
-9.1952 0000 91.5085 197
-9.1535 0000 91.4697 248
-9.1137 0000 91.4672 309
-9.0743 0000 91.4732 380
-9.0348 0000 91.4770 419
-8.9951 0000 91.4767 417
-8.9552 0000 91.4720 374
-8.9153 0000 91.4674 315
-8.8760 0000 91.4755 272
-8.8368 0000 91.4858 230
-8.7973 0000 91.4897 154
-8.7620 0000 91.5790 86
-8.7280 0000 91.6984 81
-8.6898 0000 91.7322 90
-8.6513 0000 91.7575 89
-8.6136 0000 91.8021 97
-8.5745 0000 91.8146 83
-8.5342 0000 91.8035 63
-8.4869 0000 91.6426 75
-8.4465 0000 91.6272 120
-8.4059 0000 91.6076 159
-8.3659 0000 91.6029 190
-8.3264 0000 91.6068 191
-8.2870 0000 91.6150 159
-8.2491 0000 91.6552 163
-8.2107 0000 91.6848 153
-8.1709 0000 91.6823 116
-8.1311 0000 91.6819 96
-8.0919 0000 91.6944 144
-8.0523 0000 91.6983 243
-8.0125 0000 91.6958 353
-7.9728 0000 91.6975 423
-7.9331 0000 91.6971 396
-7.8932 0000 91.6946 293
-7.8534 0000 91.6942 230
-7.8135 0000 91.6896 201
-7.7730 0000 91.6721 160
-7.7326 0000 91.6567 127
-7.6920 0000 91.6350 112
-7.6509 0000 91.6025 103
-7.6102 0000 91.5786 130
-7.5701 0000 91.5697 124
-7.5281 0000 91.5138 108
-7.4852 0000 91.4365 86
-7.4395 0000 91.2869 83
-7.3962 0000 91.1950 101
-7.3546 0000 91.1457 97
-7.3144 0000 91.1326 77
-7.2764 0000 91.1726 74
-7.2367 0000 91.1722 86
-7.1965 0000 91.1570 101
-7.1575 0000 91.1736 81
-7.1191 0000 91.2052 66
-7.0810 0000 91.2453 64
-7.0421 0000 91.2662 57
-7.0039 0000 91.3042 80
-6.9664 0000 91.3635 165
-6.9277 0000 91.3887 224
-6.8889 0000 91.4118 215
-6.8497 0000 91.4264 124
-6.8179 0000 91.6419 78
-6.7868 0000 91.8815 117
-6.7471 0000 91.8854 150
-6.7062 0000 91.8550 131
-6.6647 0000 91.8075 104
-6.6255 0000 91.8243 87
-6.5888 0000 91.9140 90
-6.5535 0000 92.0447 106
-6.5143 0000 92.0637 134
-6.4753 0000 92.0892 144
-6.4358 0000 92.0996 138
-6.3960 0000 92.1014 133
-6.3554 0000 92.0774 150
-6.3163 0000 92.1007 152
-6.2772 0000 92.1262 170
-6.2377 0000 92.1366 177
-6.1987 0000 92.1642 168
-6.1591 0000 92.1725 156
-6.1200 0000 92.1980 136
-6.0806 0000 92.2128 106
-6.0342 0000 92.0058 82
-5.9823 0000 91.6216 130
-5.9414 0000 91.5849 168
-5.9008 0000 91.5589 228
-5.8610 0000 91.5564 280
-5.8215 0000 91.5668 273
-5.7819 0000 91.5707 241
-5.7422 0000 91.5725 212
-5.7023 0000 91.5679 186
-5.6619 0000 91.5462 132
-5.6222 0000 91.5458 97
-5.5845 0000 91.6182 83
-5.5461 0000 91.6649 90
-5.5069 0000 91.6860 91
-5.4672 0000 91.6878 79
-5.4283 0000 91.7196 68
-5.3903 0000 91.7857 68
-5.3553 0000 91.9592 85
-5.3163 0000 91.9911 99
-5.2756 0000 91.9585 110
-5.2340 0000 91.8959 115
-5.1935 0000 91.8698 142
-5.1524 0000 91.8201 189
-5.1126 0000 91.8198 215
-5.0728 0000 91.8238 194
-5.0337 0000 91.8492 188
-4.9941 0000 91.8596 184
-4.9543 0000 91.8614 168
-4.9145 0000 91.8610 158
-4.8747 0000 91.8628 152
-4.8346 0000 91.8539 131
-4.7945 0000 91.8429 110
-4.7540 0000 91.8125 97
-4.7135 0000 91.7864 82
-4.6738 0000 91.7882 94
-4.6341 0000 91.7922 109
-4.5950 0000 91.8240 108
-4.5558 0000 91.8516 111
-4.5153 0000 91.8212 99
-4.4745 0000 91.7780 113
-4.4334 0000 91.7198 137
-4.3930 0000 91.6937 162
-4.3526 0000 91.6656 212
-4.3129 0000 91.6674 246
-4.2736 0000 91.6949 217
-4.2346 0000 91.7288 218
-4.1957 0000 91.7756 246
-4.1562 0000 91.7882 226
-4.1164 0000 91.7900 170
-4.0764 0000 91.7811 119
-4.0360 0000 91.7507 88
-3.9932 0000 91.6004 76
-3.9515 0000 91.4975 106
-3.9116 0000 91.4907 120
-3.8720 0000 91.5011 132
-3.8326 0000 91.5178 160
-3.7935 0000 91.5538 160
-3.7540 0000 91.5663 126
-3.7144 0000 91.5767 96
-3.6754 0000 91.6213 99
-3.6354 0000 91.6103 142
-3.5951 0000 91.5778 196
-3.5552 0000 91.5689 217
-3.5153 0000 91.5643 204
-3.4756 0000 91.5661 177
-3.4360 0000 91.5743 140
-3.3969 0000 91.6189 105
-3.3582 0000 91.6850 87
-3.3193 0000 91.7425 117
-3.2798 0000 91.7658 162
-3.2399 0000 91.7611 216
-3.1999 0000 91.7501 254
-3.1596 0000 91.7133 250
-3.1197 0000 91.7044 191
-3.0801 0000 91.7234 126
-3.0417 0000 91.8217 73
-3.0048 0000 92.0405 64
-2.9649 0000 92.0359 69
-2.9242 0000 91.9775 72
-2.8821 0000 91.8010 82
-2.8418 0000 91.7621 129
-2.8020 0000 91.7660 182
-2.7623 0000 91.7743 215
-2.7225 0000 91.7782 207
-2.6829 0000 91.7929 166
-2.6431 0000 91.7990 178
-2.6033 0000 91.8008 233
-2.5634 0000 91.7941 281
-2.5235 0000 91.7851 291
-2.4835 0000 91.7677 312
-2.4439 0000 91.7888 296
-2.4041 0000 91.7927 303
-2.3642 0000 91.7860 294
-2.3239 0000 91.7320 290
-2.2839 0000 91.7188 279
-2.2439 0000 91.6928 213
-2.2040 0000 91.6839 153
-2.1640 0000 91.6621 129
-2.1242 0000 91.6639 114
-2.0842 0000 91.6358 104
-2.0442 0000 91.6140 94
-2.0042 0000 91.5752 97
-1.9640 0000 91.5299 90
-1.9242 0000 91.5253 83
-1.8847 0000 91.5549 82
-1.8451 0000 91.5845 109
-1.8054 0000 91.6013 119
-1.7657 0000 91.6096 121
-1.7260 0000 91.6157 117
-1.6862 0000 91.6154 110
-1.6464 0000 91.6193 104
-1.6066 0000 91.6211 116
-1.5668 0000 91.6144 137
-1.5270 0000 91.6162 158
-1.4873 0000 91.6266 180
-1.4476 0000 91.6520 170
-1.4080 0000 91.6881 163
-1.3684 0000 91.7478 155
-1.3286 0000 91.7539 175
-1.2888 0000 91.7471 178
-1.2489 0000 91.7361 170
-1.2091 0000 91.7336 170
-1.1693 0000 91.7376 186
-1.1295 0000 91.7458 224
-1.0897 0000 91.7477 256
-1.0499 0000 91.7474 237
-1.0100 0000 91.7427 197
-0.9702 0000 91.7360 186
-0.9304 0000 91.7421 178
-0.8906 0000 91.7568 149
-0.8508 0000 91.7844 120
-0.8110 0000 91.7819 113
-0.7711 0000 91.7795 107
-0.7313 0000 91.7491 118
-0.6915 0000 91.7359 131
-0.6517 0000 91.6949 137
-0.6119 0000 91.6967 153
-0.5720 0000 91.7178 168
-0.5322 0000 91.7411 207
-0.4924 0000 91.7472 226
-0.4526 0000 91.7447 215
-0.4127 0000 91.7401 170
-0.3729 0000 91.7441 130
-0.3331 0000 91.7545 104
-0.2931 0000 91.8164 88
-0.2531 0000 91.8827 95
-0.2132 0000 91.8953 134
-0.1733 0000 91.9186 180
-0.1334 0000 91.9333 236
-0.0935 0000 91.9351 228
-0.0538 0000 91.9155 175
-0.0140 0000 91.8958 152
0.0259 0000 91.8891 140
0.0657 0000 91.8759 154
0.1054 0000 91.8433 165
0.1452 0000 91.8387 170
0.1851 0000 91.8642 165
0.2250 0000 91.8746 142
0.2649 0000 91.8721 125
0.3047 0000 91.8654 122
0.3445 0000 91.8672 121
0.3844 0000 91.8776 119
0.4245 0000 91.9031 127
0.4644 0000 91.9092 120
0.5042 0000 91.9153 111
0.5443 0000 91.9430 105
0.5842 0000 91.9512 117
0.6242 0000 91.9638 123
0.6644 0000 92.0151 135
0.7044 0000 92.0277 169
0.7443 0000 92.0274 194
0.7841 0000 92.0228 188
0.8240 0000 92.0246 171
0.8639 0000 92.0221 166
0.9037 0000 92.0132 176
0.9436 0000 92.0150 178
0.9837 0000 92.0405 165
1.0236 0000 92.0402 184
1.0635 0000 92.0399 194
1.1036 0000 92.0654 175
1.1437 0000 92.0823 141
1.1839 0000 92.1142 125
1.2242 0000 92.1484 130
1.2642 0000 92.1631 127
1.3047 0000 92.2102 136
1.3447 0000 92.2164 152
1.3846 0000 92.2182 166
1.4245 0000 92.2200 170
1.4645 0000 92.2197 181
1.5044 0000 92.2215 210
1.5444 0000 92.2255 218
1.5843 0000 92.2295 191
1.6242 0000 92.2270 157
1.6641 0000 92.2223 139
1.7043 0000 92.2435 121
1.7447 0000 92.2777 120
1.7851 0000 92.3098 128
1.8250 0000 92.3094 166
1.8646 0000 92.2897 207
1.9045 0000 92.2829 208
1.9443 0000 92.2761 208
1.9842 0000 92.2714 222
2.0242 0000 92.2775 224
2.0643 0000 92.2901 197
2.1051 0000 92.3438 171
2.1456 0000 92.3802 151
2.1858 0000 92.3971 165
2.2262 0000 92.4205 195
2.2657 0000 92.3964 172
2.3052 0000 92.3702 139
2.3433 0000 92.2641 136
2.3827 0000 92.2335 150
2.4226 0000 92.2332 130
2.4625 0000 92.2285 108
2.5020 0000 92.2088 107
2.5419 0000 92.2106 86
2.5819 0000 92.2146 64
2.6241 0000 92.3372 55
2.6666 0000 92.4687 68
2.7064 0000 92.4597 94
2.7463 0000 92.4572 113
2.7863 0000 92.4612 115
2.8254 0000 92.4155 105
2.8642 0000 92.3611 96
2.9025 0000 92.2809 94
2.9412 0000 92.2202 83
2.9811 0000 92.2198 75
3.0224 0000 92.2864 63
3.0667 0000 92.4913 65
3.1092 0000 92.6078 90
3.1493 0000 92.6140 114
3.1898 0000 92.6375 117
3.2299 0000 92.6436 120
3.2699 0000 92.6411 128
3.3094 0000 92.6191 158
3.3493 0000 92.6166 190
3.3891 0000 92.6098 214
3.4290 0000 92.6030 207
3.4680 0000 92.5637 165
3.5077 0000 92.5503 121
3.5474 0000 92.5392 107
3.5873 0000 92.5345 127
3.6273 0000 92.5363 159
3.6673 0000 92.5403 174
3.7074 0000 92.5443 178
3.7478 0000 92.5613 175
3.7877 0000 92.5588 186
3.8270 0000 92.5325 181
3.8657 0000 92.4846 236
3.9048 0000 92.4497 320
3.9447 0000 92.4493 326
3.9849 0000 92.4576 296
4.0254 0000 92.4789 255
4.0590 0000 92.2454 157
4.0876 0000 91.8341 219
4.1267 0000 91.8102 204
4.1659 0000 91.7884 190
4.2038 0000 91.7237 197
4.2419 0000 91.6656 269
4.2816 0000 91.6631 346
4.3215 0000 91.6671 311
4.3617 0000 91.6839 231
4.4290 0000 92.6186 177
4.4684 0000 92.5987 201
4.5082 0000 92.5919 232
4.5470 0000 92.5548 241
4.5873 0000 92.5631 205
4.6274 0000 92.5693 205
4.6679 0000 92.5863 259
4.7079 0000 92.5881 306
4.7481 0000 92.5943 349
4.7881 0000 92.5962 369
4.8288 0000 92.6175 331
4.8691 0000 92.6280 299
4.9092 0000 92.6320 268
4.9490 0000 92.6252 246
4.9887 0000 92.6184 219
5.0277 0000 92.5878 182
5.0664 0000 92.5485 177
5.1033 0000 92.4595 156
5.1400 0000 92.3619 155
5.1792 0000 92.3422 148
5.2161 0000 92.2555 136
5.2544 0000 92.2078 153
5.2933 0000 92.1816 206
5.3333 0000 92.1835 236
5.3736 0000 92.1982 197
5.4136 0000 92.2001 166
5.4531 0000 92.1912 152
5.4914 0000 92.1478 147
5.5303 0000 92.1195 132
5.5686 0000 92.0783 103
5.6073 0000 92.0478 87
5.6466 0000 92.0325 98
5.6864 0000 92.0322 109
5.7264 0000 92.0362 107
5.7657 0000 92.0230 100
5.8053 0000 92.0162 99
5.8448 0000 92.0073 109
5.8843 0000 91.9984 121
5.9238 0000 91.9917 137
5.9631 0000 91.9785 129
6.0037 0000 91.9975 134
6.0438 0000 92.0058 141
6.0847 0000 92.0313 144
6.1248 0000 92.0397 160
6.1655 0000 92.0609 162
6.2054 0000 92.0627 167
6.2453 0000 92.0646 166
6.2852 0000 92.0643 153
6.3242 0000 92.0447 146
6.3634 0000 92.0293 136
6.4007 0000 91.9688 143
6.4398 0000 91.9513 163
6.4794 0000 91.9468 176
6.5195 0000 91.9529 171
6.5617 0000 92.0107 159
6.6036 0000 92.0577 149
6.6461 0000 92.1198 168
6.6877 0000 92.1605 182
6.7295 0000 92.2055 194
6.7701 0000 92.2224 173
6.8122 0000 92.2717 131
6.8522 0000 92.2736 89
6.8890 0000 92.2043 67
6.9115 0000 91.8170 69
6.9482 0000 91.7481 98
6.9881 0000 91.7521 118
7.0281 0000 91.7561 124
7.0679 0000 91.7580 125
7.1079 0000 91.7641 134
7.1496 0000 91.8046 141
7.1914 0000 91.8494 146
7.2330 0000 91.8877 160
7.2730 0000 91.8918 156
7.3127 0000 91.8893 127
7.3494 0000 91.8247 91
7.3871 0000 91.7815 58
0.0000 0000 0.0000 0
7.4507 0000 91.4492 44
7.4894 0000 91.4276 48
7.5303 0000 91.4529 50
7.5697 0000 91.4484 51
7.6081 0000 91.4203 56
7.6474 0000 91.4137 62
7.6857 0000 91.3856 70
7.7252 0000 91.3811 69
7.7646 0000 91.3766 65
7.8015 0000 91.3208 56
7.8386 0000 91.2694 53
7.8750 0000 91.2052 58
7.9144 0000 91.2006 67
7.9542 0000 91.2046 61
7.9956 0000 91.2384 50
8.0367 0000 91.2680 43
8.0763 0000 91.2678 34
0.0000 0000 0.0000 0
0.0000 0000 0.0000 0
0.0000 0000 0.0000 0
0.0000 0000 0.0000 0
8.2745 0000 91.2664 36
8.3143 0000 91.2704 44
8.3544 0000 91.2787 60
8.3957 0000 91.3104 68
8.4384 0000 91.3656 83
8.4788 0000 91.3803 95
8.5189 0000 91.3886 95
8.5611 0000 91.4353 92
8.6009 0000 91.4372 85
8.6402 0000 91.4305 74
8.6765 0000 91.3683 66
8.7141 0000 91.3318 73
8.7550 0000 91.3550 78
8.7950 0000 91.3611 91
8.8348 0000 91.3630 109
8.8729 0000 91.3350 122
8.9090 0000 91.2729 154
8.9470 0000 91.2449 206
8.9855 0000 91.2255 268
9.0255 0000 91.2316 259
9.0663 0000 91.2527 188
9.1089 0000 91.3036 131
9.1501 0000 91.3311 118
9.1899 0000 91.3329 132
9.2255 0000 91.2644 163
9.2641 0000 91.2471 189
9.3017 0000 91.2128 196
9.3391 0000 91.1763 173
9.3767 0000 91.1420 146
9.4166 0000 91.1481 127
9.4567 0000 91.1564 132
9.4963 0000 91.1561 153
9.5359 0000 91.1558 178
9.5770 0000 91.1811 184
9.6182 0000 91.2086 187
9.6585 0000 91.2190 196
9.6983 0000 91.2230 193
9.7378 0000 91.2206 181
9.7766 0000 91.2076 172
9.8127 0000 91.1519 162
9.8516 0000 91.1410 159
9.8909 0000 91.1365 167
9.9305 0000 91.1363 175
9.9689 0000 91.1190 203
10.0088 0000 91.1230 231
10.0486 0000 91.1270 254
10.0881 0000 91.1268 265
10.1277 0000 91.1265 260
10.1672 0000 91.1263 230
10.2068 0000 91.1260 199
10.2461 0000 91.1215 183
10.2835 0000 91.0894 161
10.3221 0000 91.0742 156
10.3577 0000 91.0145 160
10.3946 0000 90.9738 177
10.4321 0000 90.9439 154
10.4723 0000 90.9542 143
10.5098 0000 90.9243 141
10.5482 0000 90.9071 150
10.5867 0000 90.8920 149
10.6276 0000 90.9129 153
10.6710 0000 90.9700 160
10.7121 0000 90.9932 176
10.7516 0000 90.9929 177
10.7905 0000 90.9842 140
10.8280 0000 90.9542 124
10.8660 0000 90.9328 129
10.9086 0000 90.9771 167
10.9488 0000 90.9875 208
10.9886 0000 90.9915 227
11.0277 0000 90.9849 224
11.0664 0000 90.9740 209
11.1062 0000 90.9781 199
11.1460 0000 90.9821 205
11.1843 0000 90.9649 210
11.2196 0000 90.9052 216
11.2586 0000 90.8986 221
11.2978 0000 90.8941 201
11.3360 0000 90.8769 194
11.3752 0000 90.8725 176
11.4150 0000 90.8765 146
11.4581 0000 90.9272 111
11.5013 0000 90.9779 100
11.5445 0000 91.0286 112
11.5847 0000 91.0369 129
11.6237 0000 91.0303 163
11.6616 0000 91.0089 208
11.7015 0000 91.0129 182
11.7432 0000 91.0424 140
11.7839 0000 91.0592 139
11.8265 0000 91.0994 162
11.8660 0000 91.0991 210
11.9041 0000 91.0798 268
11.9423 0000 91.0626 409
11.9815 0000 91.0581 476
12.0208 0000 91.0557 492
12.0606 0000 91.0598 494
12.1005 0000 91.0638 457
12.1423 0000 91.0934 400
12.1824 0000 91.1016 325
12.2214 0000 91.0950 229
12.2603 0000 91.0863 109
12.3006 0000 91.0967 55
0.0000 0000 0.0000 0
12.3963 0000 91.3092 34
12.4387 0000 91.3452 37
12.4809 0000 91.3792 39
12.5255 0000 91.4430 39
12.5707 0000 91.5132 38
12.6211 0000 91.6499 45
12.6657 0000 91.7118 55
12.7053 0000 91.7116 69
12.7453 0000 91.7156 81
12.7860 0000 91.7283 92
12.8303 0000 91.7859 106
12.8706 0000 91.7943 116
12.9195 0000 91.9078 111
12.9691 0000 92.0300 116
13.0201 0000 92.1697 142
13.0601 0000 92.1716 166
13.0987 0000 92.1585 189
13.1342 0000 92.1066 219
13.1734 0000 92.0999 235
13.2133 0000 92.1019 219
13.2532 0000 92.1038 186
13.2931 0000 92.1057 147
13.3350 0000 92.1313 113
13.3798 0000 92.1914 79
13.4280 0000 92.2925 61
13.4654 0000 92.2642 55
13.5022 0000 92.2295 54
13.5369 0000 92.1690 56
13.5792 0000 92.1989 61
13.6203 0000 92.2159 79
13.6623 0000 92.2416 89
13.7018 0000 92.2392 90
13.7410 0000 92.2325 84
13.7813 0000 92.2388 89
13.8268 0000 92.3054 99
13.8728 0000 92.3785 107
13.9159 0000 92.4171 117
13.9598 0000 92.4644 109
14.0026 0000 92.4988 100
14.0435 0000 92.5115 106
14.0858 0000 92.5394 121
14.1261 0000 92.5457 134
14.1659 0000 92.5454 141
14.2046 0000 92.5322 137
14.2432 0000 92.5190 147
14.2807 0000 92.4929 195
14.3210 0000 92.4991 238
14.3618 0000 92.5097 249
14.4010 0000 92.5030 186
14.4396 0000 92.4898 142
14.4766 0000 92.4593 129
14.5149 0000 92.4418 164
14.5560 0000 92.4567 138
14.5984 0000 92.4867 101
14.6485 0000 92.6010 71
14.6950 0000 92.6744 75
14.7373 0000 92.7023 82
14.7775 0000 92.7064 99
14.8175 0000 92.7083 115
14.8575 0000 92.7102 123
14.8979 0000 92.7165 123
14.9379 0000 92.7184 114
14.9771 0000 92.7117 94
15.0127 0000 92.6660 75
15.0467 0000 92.6030 64
15.0843 0000 92.5789 62
15.1240 0000 92.5787 60
15.1638 0000 92.5785 58
15.2092 0000 92.6388 55
15.2552 0000 92.7056 55
15.3013 0000 92.7725 65
15.3409 0000 92.7701 72
15.3805 0000 92.7677 88
15.4203 0000 92.7675 108
15.4598 0000 92.7651 118
15.4939 0000 92.7042 112
15.5291 0000 92.6563 113
15.5637 0000 92.6019 119
15.6032 0000 92.5995 138
15.6440 0000 92.6101 169
15.6865 0000 92.6380 199
15.7281 0000 92.6572 268
15.7687 0000 92.6656 283
15.8093 0000 92.6740 238
15.8486 0000 92.6694 181
15.8875 0000 92.6605 147
15.9277 0000 92.6646 140
15.9680 0000 92.6708 148
16.0084 0000 92.6770 145
16.0520 0000 92.7158 134
16.0926 0000 92.7242 126
16.1325 0000 92.7261 117
16.1682 0000 92.6847 119
16.2011 0000 92.6152 141
16.2346 0000 92.5522 151
16.2709 0000 92.5174 166
16.3103 0000 92.5150 185
16.3505 0000 92.5191 200
16.3940 0000 92.5577 200
16.4374 0000 92.5942 198
16.4828 0000 92.6501 224
16.5264 0000 92.6888 230
16.5712 0000 92.7384 202
16.6166 0000 92.7944 170
16.6603 0000 92.8332 147
16.6991 0000 92.8242 125
16.7349 0000 92.7850 99
16.7612 0000 92.6526 89
16.7870 0000 92.5162 99
16.8224 0000 92.4749 122
16.8597 0000 92.4509 154
16.8991 0000 92.4485 155
16.9381 0000 92.4418 150
16.9784 0000 92.4480 140
17.0229 0000 92.4952 109
17.0671 0000 92.5381 97
17.1079 0000 92.5487 91
17.1426 0000 92.5009 79
17.1825 0000 92.5028 86
17.2223 0000 92.5047 102
17.2615 0000 92.5001 93
17.2996 0000 92.4847 76
17.3388 0000 92.4801 76
17.3814 0000 92.5079 76
17.4320 0000 92.6114 64
17.4765 0000 92.6565 73
17.5161 0000 92.6562 95
17.5551 0000 92.6495 125
17.5948 0000 92.6492 162
17.6368 0000 92.6706 186
17.6760 0000 92.6660 203
17.7103 0000 92.6160 204
17.7490 0000 92.6071 209
17.7861 0000 92.5830 215
17.8251 0000 92.5763 240
17.8619 0000 92.5501 271
17.9010 0000 92.5455 272
17.9402 0000 92.5409 270
17.9787 0000 92.5298 265
18.0154 0000 92.5037 238
18.0525 0000 92.4797 238
18.0921 0000 92.4794 228
18.1343 0000 92.5029 214
18.1741 0000 92.5048 210
18.2137 0000 92.5045 195
18.2533 0000 92.5042 173
18.2901 0000 92.4781 158
18.3289 0000 92.4713 137
18.3395 0000 92.2105 105
18.3485 0000 91.9375 106
18.3729 0000 91.8024 144
18.4118 0000 91.7978 175
18.4510 0000 91.7954 192
18.4907 0000 91.7973 203
18.5320 0000 91.8142 204
18.5722 0000 91.8204 229
18.6114 0000 91.8180 226
18.6505 0000 91.8156 215
18.6909 0000 91.8239 216
18.7306 0000 91.8258 181
18.7690 0000 91.8170 112
18.8055 0000 91.7910 76
18.8417 0000 91.7630 62
18.8806 0000 91.7585 50
18.9225 0000 91.7796 44
18.9584 0000 91.7494 35
0.0000 0000 0.0000 0
19.0173 0000 91.5780 38
19.0564 0000 91.5757 46
19.0957 0000 91.5754 58
19.1326 0000 91.5538 62
19.1744 0000 91.5749 63
19.2147 0000 91.5832 62
19.2543 0000 91.5851 65
19.2939 0000 91.5870 84
19.3307 0000 91.5654 108
19.3682 0000 91.5502 127
19.4010 0000 91.4945 131
19.4385 0000 91.4794 123
19.4780 0000 91.4813 105
19.5163 0000 91.4725 100
19.5497 0000 91.4232 85
19.5780 0000 91.3315 81
19.6091 0000 91.2632 91
19.6478 0000 91.2587 118
19.6860 0000 91.2500 158
19.7273 0000 91.2667 150
19.7673 0000 91.2729 145
19.8078 0000 91.2832 138
19.8519 0000 91.3234 138
19.8938 0000 91.3444 147
19.9390 0000 91.3931 147
19.9800 0000 91.4077 145
20.0211 0000 91.4223 131
20.0695 0000 91.4966 119
20.1208 0000 91.5944 101
20.1722 0000 91.6924 101
20.2168 0000 91.7348 121
20.2609 0000 91.7731 143
20.3047 0000 91.8092 186
20.3488 0000 91.8474 177
20.3922 0000 91.8793 183
20.4326 0000 91.8876 169
20.4727 0000 91.8937 164
20.5121 0000 91.8935 173
20.5506 0000 91.8868 170
20.5853 0000 91.8502 152
20.6220 0000 91.8285 142
20.6564 0000 91.7898 128
20.6876 0000 91.7254 141
20.7239 0000 91.7017 173
20.7611 0000 91.6843 181
20.8009 0000 91.6883 182
20.8399 0000 91.6860 166
20.8805 0000 91.6964 167
20.9170 0000 91.6748 154
20.9558 0000 91.6703 160
20.9939 0000 91.6615 167
21.0318 0000 91.6506 188
21.0661 0000 91.6120 201
21.1040 0000 91.6011 169
21.1358 0000 91.5432 121
21.1695 0000 91.5004 98
21.2009 0000 91.4405 89
21.2401 0000 91.4403 104
21.2791 0000 91.4379 123
21.3177 0000 91.4335 142
21.3577 0000 91.4396 145
21.4000 0000 91.4628 125
21.4397 0000 91.4669 125
21.4795 0000 91.4709 128
21.5190 0000 91.4728 118
21.5607 0000 91.4918 105
21.6010 0000 91.5001 87
21.6467 0000 91.5489 79
21.6839 0000 91.5338 76
21.7237 0000 91.5379 86
21.7626 0000 91.5355 91
21.8007 0000 91.5268 90
21.8333 0000 91.4776 91
21.8711 0000 91.4668 96
21.9074 0000 91.4453 107
21.9432 0000 91.4196 96
21.9846 0000 91.4364 86
22.0272 0000 91.4618 94
22.0676 0000 91.4701 96
22.1085 0000 91.4828 91
22.1514 0000 91.5103 83
22.1808 0000 91.4377 61
22.1997 0000 91.2886 59
22.2379 0000 91.2821 70
22.2742 0000 91.2607 77
22.3139 0000 91.2648 87
22.3524 0000 91.2604 105
22.3904 0000 91.2518 127
22.4298 0000 91.2537 141
22.4704 0000 91.2642 149
22.5142 0000 91.2981 151
22.5539 0000 91.3022 140
22.5951 0000 91.3170 123
22.6404 0000 91.3615 108
22.6834 0000 91.3891 108
22.7124 0000 91.3167 92
22.7377 0000 91.2167 82
22.7750 0000 91.2038 87
22.8079 0000 91.1592 112
22.8437 0000 91.1357 142
22.8810 0000 91.1229 183
22.9200 0000 91.1228 215
22.9591 0000 91.1227 248
22.9973 0000 91.1163 262
23.0367 0000 91.1183 251
23.0772 0000 91.1288 238
23.1184 0000 91.1436 223
23.1581 0000 91.1478 154
23.1978 0000 91.1520 121
23.2369 0000 91.1519 142
23.2732 0000 91.1327 156
23.3114 0000 91.1263 149
23.3486 0000 91.1135 141
23.3840 0000 91.0880 155
23.4246 0000 91.0986 171
23.4670 0000 91.1218 171
23.5116 0000 91.1600 142
23.5568 0000 91.2024 111
23.6042 0000 91.2597 99
23.6534 0000 91.3298 96
23.7000 0000 91.3808 105
23.7406 0000 91.3915 121
23.7810 0000 91.3999 128
23.8195 0000 91.3956 114
23.8571 0000 91.3850 98
23.8922 0000 91.3573 101
23.9279 0000 91.3339 102
23.9620 0000 91.2998 105
23.9939 0000 91.2509 114
24.0280 0000 91.2169 113
24.0646 0000 91.1999 134
24.1014 0000 91.1850 140
24.1389 0000 91.1744 130
24.1761 0000 91.1616 114
24.2152 0000 91.1616 87
24.2549 0000 91.1658 73
24.2974 0000 91.1892 67
24.3375 0000 91.1955 73
24.3845 0000 91.2486 81
24.4245 0000 91.2550 89
24.4636 0000 91.2550 99
24.5030 0000 91.2571 122
24.5427 0000 91.2614 138
24.5815 0000 91.2592 121
24.6241 0000 91.2826 98
24.6683 0000 91.3166 105
24.7110 0000 91.3400 118
24.7459 0000 91.3124 127
24.7817 0000 91.2911 134
24.8218 0000 91.2975 143
24.8619 0000 91.3039 168
24.9010 0000 91.3039 194
24.9401 0000 91.3039 202
24.9791 0000 91.3039 194
25.0251 0000 91.3485 186
25.0661 0000 91.3613 182
