wt=153415504, DLLFiFo=0
-22.5284 0000 71.5256 151
-22.4935 0000 71.5233 167
-22.4581 0000 71.5177 192
-22.4230 0000 71.5138 215
-22.3878 0000 71.5099 235
-22.3510 0000 71.4945 231
-22.3158 0000 71.4905 234
-22.2812 0000 71.4899 218
-22.2466 0000 71.4892 198
-22.2092 0000 71.4706 190
-22.1741 0000 71.4666 162
-22.1392 0000 71.4643 138
-22.1014 0000 71.4424 124
-22.0656 0000 71.4335 123
-22.0235 0000 71.3821 129
-21.9848 0000 71.3536 134
-21.9463 0000 71.3268 142
-21.9110 0000 71.3212 139
-21.8728 0000 71.2960 148
-21.8346 0000 71.2708 145
-21.7960 0000 71.2423 148
-21.7550 0000 71.1975 145
-21.7197 0000 71.1920 146
-21.6820 0000 71.1700 142
-21.6432 0000 71.1400 167
-21.6050 0000 71.1148 182
-21.5672 0000 71.0912 211
-21.5352 0000 71.1085 224
-21.5020 0000 71.1177 249
-21.4710 0000 71.1415 256
-21.4404 0000 71.1687 218
-21.4093 0000 71.1925 205
-21.3747 0000 71.1919 178
-21.3398 0000 71.1896 167
-21.3050 0000 71.1873 167
-21.2697 0000 71.1817 162
-21.2291 0000 71.1385 158
-21.1936 0000 71.1313 162
-21.1585 0000 71.1274 174
-21.1237 0000 71.1251 194
-21.0896 0000 71.1277 207
-21.0559 0000 71.1336 213
-21.0264 0000 71.1689 222
-20.9927 0000 71.1748 219
-20.9592 0000 71.1823 220
-20.9248 0000 71.1833 233
-20.8898 0000 71.1794 241
-20.8527 0000 71.1607 233
-20.8183 0000 71.1617 240
-20.7832 0000 71.1578 259
-20.7466 0000 71.1424 281
-20.7052 0000 71.0927 295
-20.6654 0000 71.0544 324
-20.6303 0000 71.0505 350
-20.5955 0000 71.0482 334
-20.5600 0000 71.0410 306
-20.5250 0000 71.0371 271
-20.4911 0000 71.0413 209
-20.4641 0000 71.0963 167
-20.4371 0000 71.1513 175
-20.4052 0000 71.1703 226
-20.3710 0000 71.1729 254
-20.3359 0000 71.1690 275
-20.2997 0000 71.1569 346
-20.2647 0000 71.1529 417
-20.2285 0000 71.1408 387
-20.1934 0000 71.1369 336
-20.1590 0000 71.1379 289
-20.1272 0000 71.1586 277
-20.0961 0000 71.1841 251
-20.0654 0000 71.2130 240
-20.0343 0000 71.2386 236
-20.0034 0000 71.2658 215
-19.9656 0000 71.2422 229
-19.9297 0000 71.2317 232
-19.8891 0000 71.1868 227
-19.8547 0000 71.1878 231
-19.8235 0000 71.2134 214
-19.7960 0000 71.2669 188
-19.7663 0000 71.3040 169
-19.7355 0000 71.3329 158
-19.7084 0000 71.3898 148
-19.6770 0000 71.4138 130
-19.6494 0000 71.4675 122
-19.6230 0000 71.5311 115
-19.5924 0000 71.5617 124
-19.5630 0000 71.6023 135
-19.5308 0000 71.6215 158
-19.4986 0000 71.6406 155
-19.4647 0000 71.6466 152
-19.4329 0000 71.6691 135
-19.4013 0000 71.6932 133
-19.3683 0000 71.7058 119
-19.3433 0000 71.7812 115
-19.3142 0000 71.8252 124
-19.2828 0000 71.8511 125
-19.2471 0000 71.8438 131
-19.2201 0000 71.9044 135
-19.1935 0000 71.9684 144
-19.1662 0000 72.0275 144
-19.1406 0000 72.0999 144
-19.1124 0000 72.1524 136
-19.0843 0000 72.2050 133
-19.0550 0000 72.2492 138
-19.0197 0000 72.2453 148
-18.9854 0000 72.2497 164
-18.9546 0000 72.2823 172
-18.9257 0000 72.3300 182
-18.8968 0000 72.3777 189
-18.8654 0000 72.4054 188
-18.8341 0000 72.4348 195
-18.8002 0000 72.4425 185
-18.7681 0000 72.4653 175
-18.7329 0000 72.4630 161
-18.6971 0000 72.4557 151
-18.6586 0000 72.4268 141
-18.6205 0000 72.4011 127
-18.5861 0000 72.4055 123
-18.5575 0000 72.4566 138
-18.5280 0000 72.5011 174
-18.4995 0000 72.5539 185
-18.4680 0000 72.5817 216
-18.4372 0000 72.6162 213
-18.4071 0000 72.6557 230
-18.3775 0000 72.7003 232
-18.3451 0000 72.7215 213
-18.3108 0000 72.7276 163
-18.2804 0000 72.7655 139
-18.2461 0000 72.7716 138
-18.2134 0000 72.7911 131
-18.1787 0000 72.7939 133
-18.1440 0000 72.7966 137
-18.1091 0000 72.7977 137
-18.0746 0000 72.8022 136
-18.0425 0000 72.8267 142
-18.0114 0000 72.8597 134
-17.9824 0000 72.9111 133
-17.9534 0000 72.9626 133
-17.9217 0000 72.9906 135
-17.8867 0000 72.9917 126
-17.8512 0000 72.9878 113
-17.8188 0000 73.0107 121
-17.7869 0000 73.0387 133
-17.7543 0000 73.0600 152
-17.7299 0000 73.1521 131
-17.7018 0000 73.2122 127
-17.6673 0000 73.2184 127
-17.6329 0000 73.2245 116
-17.6006 0000 73.2493 101
-17.5681 0000 73.2723 81
-17.5734 0000 73.6237 72
-17.5472 0000 73.7029 82
-17.5093 0000 73.6803 97
-17.4734 0000 73.6746 109
-17.4414 0000 73.7030 122
-17.4120 0000 73.7551 153
-17.3790 0000 73.7749 184
-17.3438 0000 73.7761 165
-17.3084 0000 73.7755 128
-17.2729 0000 73.7733 113
-17.2381 0000 73.7778 121
-17.2060 0000 73.8062 129
-17.1740 0000 73.8363 151
-17.1415 0000 73.8612 160
-17.1092 0000 73.8879 199
-17.0774 0000 73.9197 251
-17.0454 0000 73.9499 317
-17.0124 0000 73.9715 426
-16.9770 0000 73.9710 485
-16.9418 0000 73.9721 450
-16.9067 0000 73.9750 383
-16.8733 0000 73.9932 369
-16.8404 0000 74.0149 308
-16.8051 0000 74.0160 258
-16.7665 0000 73.9865 226
-16.7281 0000 73.9587 177
-16.6906 0000 73.9394 162
-16.6559 0000 73.9457 160
-16.6240 0000 73.9776 161
-16.5882 0000 73.9736 164
-16.5507 0000 73.9544 186
-16.5171 0000 73.9709 159
-16.4909 0000 74.0556 133
-16.4572 0000 74.0722 140
-16.4240 0000 74.0921 158
-16.3867 0000 74.0745 175
-16.3534 0000 74.0945 178
-16.3176 0000 74.0906 185
-16.2799 0000 74.0696 190
-16.2419 0000 74.0451 169
-16.2041 0000 74.0224 154
-16.1710 0000 74.0441 135
-16.1388 0000 74.0743 117
-16.1164 0000 74.1985 124
-16.0895 0000 74.2801 171
-16.0594 0000 74.3310 215
-16.0247 0000 74.3390 232
-15.9960 0000 74.4037 222
-15.9642 0000 74.4392 208
-15.9315 0000 74.4661 202
-15.8980 0000 74.4862 201
-15.8577 0000 74.4393 189
-15.8194 0000 74.4131 189
-15.7839 0000 74.4125 170
-15.7480 0000 74.4086 146
-15.7122 0000 74.4064 136
-15.6772 0000 74.4110 152
-15.6422 0000 74.4156 179
-15.6066 0000 74.4151 194
-15.5731 0000 74.4351 203
-15.5379 0000 74.4381 256
-15.5022 0000 74.4358 302
-15.4664 0000 74.4336 309
-15.4284 0000 74.4090 274
-15.3901 0000 74.3811 248
-15.3546 0000 74.3806 201
-15.3240 0000 74.4298 175
-15.2918 0000 74.4636 178
-15.2566 0000 74.4665 187
-15.2201 0000 74.4574 171
-15.1844 0000 74.4552 146
-15.1541 0000 74.5079 143
-15.1242 0000 74.5658 162
-15.0911 0000 74.5910 189
-15.0557 0000 74.5922 217
-15.0177 0000 74.5677 230
-14.9818 0000 74.5637 242
-14.9457 0000 74.5580 259
-14.9099 0000 74.5558 273
-14.8741 0000 74.5535 276
-14.8364 0000 74.5307 279
-14.8006 0000 74.5284 277
-14.7624 0000 74.5004 269
-14.7240 0000 74.4707 232
-14.6863 0000 74.4479 159
-14.6438 0000 74.3753 122
-14.5996 0000 74.2839 113
-14.5572 0000 74.2115 133
-14.5232 0000 74.2264 144
-14.4889 0000 74.2396 161
-14.4566 0000 74.2733 178
-14.4233 0000 74.2967 167
-14.3878 0000 74.2962 148
-14.3514 0000 74.2871 130
-14.3132 0000 74.2575 138
-14.2749 0000 74.2279 139
-14.2364 0000 74.1949 146
-14.1961 0000 74.1430 149
-14.1557 0000 74.0895 147
-14.1148 0000 74.0309 141
-14.0740 0000 73.9724 132
-14.0315 0000 73.8952 122
-13.9953 0000 73.8861 115
-13.9594 0000 73.8805 126
-13.9222 0000 73.8612 139
-13.8865 0000 73.8573 155
-13.8507 0000 73.8534 162
-13.8119 0000 73.8154 153
-13.7760 0000 73.8098 135
-13.7402 0000 73.8059 124
-13.7028 0000 73.7833 132
-13.6671 0000 73.7793 151
-13.6315 0000 73.7771 158
-13.5962 0000 73.7783 138
-13.5608 0000 73.7778 125
-13.5249 0000 73.7722 118
-13.4850 0000 73.7206 108
-13.4403 0000 73.6148 116
-13.3999 0000 73.5566 134
-13.3623 0000 73.5306 134
-13.3248 0000 73.5064 131
-13.2870 0000 73.4771 115
-13.2490 0000 73.4461 117
-13.2114 0000 73.4202 123
-13.1739 0000 73.3942 108
-13.1345 0000 73.3464 93
-13.0963 0000 73.3120 86
-13.0568 0000 73.2625 80
-13.0190 0000 73.2333 85
-12.9833 0000 73.2277 95
-12.9460 0000 73.2035 94
-12.9084 0000 73.1760 91
-12.8708 0000 73.1485 87
-12.8354 0000 73.1463 84
-12.7979 0000 73.1188 80
-12.7582 0000 73.0660 79
-12.7207 0000 73.0385 79
-12.6811 0000 72.9858 86
-12.6414 0000 72.9315 92
-12.6055 0000 72.9225 93
-12.5688 0000 72.9035 84
-12.5335 0000 72.9030 80
-12.4982 0000 72.9008 71
-12.4628 0000 72.8986 74
-12.4277 0000 72.8998 80
-12.3948 0000 72.9278 80
-12.3635 0000 72.9761 92
-12.3268 0000 72.9571 97
-12.2898 0000 72.9347 97
-12.2546 0000 72.9342 102
-12.2196 0000 72.9370 102
-12.1878 0000 72.9803 102
-12.1528 0000 72.9831 103
-12.1173 0000 72.9792 109
-12.0821 0000 72.9787 123
-12.0470 0000 72.9799 140
-12.0129 0000 72.9945 156
-11.9780 0000 72.9991 154
-11.9450 0000 73.0272 139
-11.9141 0000 73.0823 144
-11.8811 0000 73.1121 183
-11.8473 0000 73.1302 221
-11.8121 0000 73.1314 242
-11.7772 0000 73.1359 217
-11.7422 0000 73.1388 172
-11.7070 0000 73.1400 134
-11.6749 0000 73.1817 107
-11.6475 0000 73.2860 100
-11.6207 0000 73.3989 136
-11.5853 0000 73.3984 187
-11.5483 0000 73.3759 216
-11.5096 0000 73.3296 229
-11.4717 0000 73.2953 210
-11.4338 0000 73.2593 201
-11.3943 0000 73.2030 187
-11.3548 0000 73.1450 176
-11.3157 0000 73.0922 162
-11.2768 0000 73.0428 145
-11.2416 0000 73.0423 142
-11.2078 0000 73.0620 154
-11.1727 0000 73.0649 164
-11.1383 0000 73.0762 168
-11.1049 0000 73.1027 149
-11.0729 0000 73.1478 132
-11.0381 0000 73.1540 128
-11.0029 0000 73.1552 129
-10.9688 0000 73.1716 133
-10.9337 0000 73.1745 134
-10.8985 0000 73.1757 138
-10.8626 0000 73.1667 141
-10.8241 0000 73.1206 140
-10.7882 0000 73.1117 131
-10.7515 0000 73.0909 116
-10.7161 0000 73.0888 89
-10.6796 0000 73.0697 69
-10.6423 0000 73.0405 52
-10.6050 0000 73.0097 44
-10.5696 0000 73.0075 39
0.0000 0000 0.0000 0
0.0000 0000 0.0000 0
0.0000 0000 0.0000 0
0.0000 0000 0.0000 0
0.0000 0000 0.0000 0
0.0000 0000 0.0000 0
0.0000 0000 0.0000 0
0.0000 0000 0.0000 0
0.0000 0000 0.0000 0
0.0000 0000 0.0000 0
0.0000 0000 0.0000 0
-10.1078 0000 72.4106 36
-10.0724 0000 72.4068 43
-10.0353 0000 72.3762 50
-9.9986 0000 72.3507 52
-9.9620 0000 72.3268 55
-9.9268 0000 72.3247 50
-9.8864 0000 72.2424 47
-9.8448 0000 72.1386 56
-9.8067 0000 72.0898 63
-9.7710 0000 72.0793 65
-9.7345 0000 72.0556 66
-9.6980 0000 72.0318 55
-9.6600 0000 71.9831 48
-9.6163 0000 71.8432 47
-9.5765 0000 71.7648 66
-9.5398 0000 71.7361 85
-9.5022 0000 71.6909 101
-9.4653 0000 71.6590 106
-9.4287 0000 71.6321 122
-9.3921 0000 71.6035 123
-9.3562 0000 71.5865 131
-9.3216 0000 71.5910 120
-9.2864 0000 71.5872 112
-9.2510 0000 71.5785 105
-9.2168 0000 71.5896 100
-9.1807 0000 71.5693 95
-9.1443 0000 71.5441 115
-9.1091 0000 71.5387 125
-9.0730 0000 71.5184 117
-9.0378 0000 71.5130 112
-9.0004 0000 71.4679 111
-8.9652 0000 71.4625 121
-8.9289 0000 71.4373 128
-8.8938 0000 71.4336 128
-8.8588 0000 71.4315 118
-8.8240 0000 71.4327 104
-8.7894 0000 71.4372 93
-8.7533 0000 71.4153 87
-8.7184 0000 71.4148 88
-8.6835 0000 71.4144 97
-8.6487 0000 71.4156 108
-8.6153 0000 71.4415 118
-8.5818 0000 71.4675 138
-8.5494 0000 71.5133 154
-8.5147 0000 71.5178 164
-8.4810 0000 71.5405 163
-8.4474 0000 71.5632 171
-8.4127 0000 71.5677 167
-8.3793 0000 71.5971 169
-8.3457 0000 71.6214 191
-8.3107 0000 71.6193 200
-8.2755 0000 71.6156 196
-8.2405 0000 71.6135 179
-8.2046 0000 71.5949 167
-8.1695 0000 71.5912 153
-8.1333 0000 71.5659 151
-8.0983 0000 71.5639 142
-8.0646 0000 71.5882 138
-8.0299 0000 71.5928 154
-7.9961 0000 71.6138 160
-7.9613 0000 71.6167 156
-7.9274 0000 71.6378 149
-7.8924 0000 71.6357 134
-7.8587 0000 71.6618 126
-7.8292 0000 71.7724 132
-7.7955 0000 71.7985 141
-7.7618 0000 71.8246 148
-7.7281 0000 71.8524 158
-7.6942 0000 71.8752 182
-7.6592 0000 71.8748 210
-7.6230 0000 71.8495 220
-7.5879 0000 71.8458 222
-7.5528 0000 71.8453 218
-7.5178 0000 71.8449 212
-7.4806 0000 71.7964 208
-7.4456 0000 71.7960 223
-7.4117 0000 71.8205 259
-7.3777 0000 71.8416 265
-7.3429 0000 71.8445 271
-7.3088 0000 71.8641 276
-7.2741 0000 71.8720 252
-7.2403 0000 71.8981 232
-7.2061 0000 71.9160 234
-7.1712 0000 71.9189 222
-7.1364 0000 71.9235 213
-7.1013 0000 71.9214 205
-7.0664 0000 71.9243 197
-7.0327 0000 71.9538 198
-7.0008 0000 72.0266 216
-6.9659 0000 72.0295 265
-6.9307 0000 72.0258 299
-6.8955 0000 72.0238 299
-6.8614 0000 72.0450 253
-6.8267 0000 72.0529 208
-6.7928 0000 72.0808 189
-6.7598 0000 72.1304 195
-6.7249 0000 72.1350 207
-6.6917 0000 72.1796 213
-6.6557 0000 72.1575 212
-6.6206 0000 72.1571 203
-6.5855 0000 72.1584 191
-6.5526 0000 72.2114 178
-6.5205 0000 72.2878 171
-6.4863 0000 72.3107 182
-6.4507 0000 72.2970 180
-6.4156 0000 72.2983 182
-6.3805 0000 72.2979 168
-6.3461 0000 72.3175 157
-6.3129 0000 72.3673 148
-6.2788 0000 72.3953 156
-6.2465 0000 72.4686 179
-6.2123 0000 72.4950 202
-6.1781 0000 72.5197 212
-6.1429 0000 72.5210 217
-6.1079 0000 72.5240 211
-6.0745 0000 72.5722 198
-6.0404 0000 72.6020 191
-6.0071 0000 72.6553 182
-5.9738 0000 72.7070 168
-5.9415 0000 72.7906 152
-5.9102 0000 72.9013 145
-5.8775 0000 72.9734 155
-5.8422 0000 72.9714 177
-5.8061 0000 72.9491 193
-5.7707 0000 72.9453 211
-5.7354 0000 72.9467 217
-5.7010 0000 72.9733 203
-5.6666 0000 72.9982 197
-5.6322 0000 73.0248 179
-5.5977 0000 73.0481 175
-5.5617 0000 73.0292 167
-5.5263 0000 73.0271 157
-5.4908 0000 73.0200 164
-5.4540 0000 72.9741 191
-5.4177 0000 72.9451 208
-5.3816 0000 72.9195 237
-5.3461 0000 72.9124 250
-5.3101 0000 72.8901 247
-5.2750 0000 72.8948 260
-5.2413 0000 72.9467 283
-5.2069 0000 72.9750 293
-5.1730 0000 73.0202 291
-5.1379 0000 73.0283 281
-5.1039 0000 73.0735 270
-5.0700 0000 73.1205 253
-5.0349 0000 73.1269 237
-4.9996 0000 73.1299 214
-4.9642 0000 73.1296 182
-4.9289 0000 73.1292 164
-4.8934 0000 73.1255 181
-4.8575 0000 73.1066 178
-4.8222 0000 73.1062 181
-4.7868 0000 73.1042 180
-4.7513 0000 73.0988 173
-4.7166 0000 73.1238 161
-4.6828 0000 73.1793 156
-4.6490 0000 73.2348 149
-4.6137 0000 73.2378 149
-4.5781 0000 73.2324 151
-4.5414 0000 73.1813 149
-4.5047 0000 73.1302 157
-4.4692 0000 73.1231 182
-4.4338 0000 73.1245 202
-4.3992 0000 73.1529 204
-4.3651 0000 73.2033 187
-4.3300 0000 73.2148 187
-4.2947 0000 73.2162 201
-4.2591 0000 73.2091 211
-4.2236 0000 73.2020 212
-4.1883 0000 73.2067 207
-4.1541 0000 73.2555 202
-4.1199 0000 73.3060 205
-4.0848 0000 73.3192 224
-4.0503 0000 73.3562 258
-4.0148 0000 73.3542 303
-3.9792 0000 73.3471 344
-3.9430 0000 73.3128 373
-3.9074 0000 73.3023 377
-3.8718 0000 73.2952 342
-3.8361 0000 73.2796 261
-3.8007 0000 73.2793 216
-3.7654 0000 73.2824 200
-3.7299 0000 73.2820 202
-3.6942 0000 73.2631 214
-3.6588 0000 73.2644 208
-3.6238 0000 73.2844 194
-3.5885 0000 73.2909 187
-3.5536 0000 73.3143 187
-3.5182 0000 73.3190 173
-3.4829 0000 73.3204 156
-3.4477 0000 73.3336 162
-3.4122 0000 73.3282 167
-3.3763 0000 73.3042 162
-3.3403 0000 73.2716 182
-3.3043 0000 73.2408 179
-3.2682 0000 73.1981 181
-3.2326 0000 73.1860 190
-3.1966 0000 73.1518 192
-3.1611 0000 73.1464 176
-3.1255 0000 73.1342 160
-3.0893 0000 73.0815 159
-3.0531 0000 73.0322 167
-3.0173 0000 73.0048 184
-2.9815 0000 72.9792 169
-2.9460 0000 72.9653 157
-2.9100 0000 72.9279 133
-2.8743 0000 72.8989 111
-2.8384 0000 72.8615 85
-2.8015 0000 72.7601 76
-2.7658 0000 72.7262 72
-2.7298 0000 72.6788 63
-2.6941 0000 72.6516 57
-2.6577 0000 72.5690 53
-2.6191 0000 72.3274 52
-2.5832 0000 72.2735 54
-2.5473 0000 72.2198 52
-2.5118 0000 72.1927 51
0.0000 0000 0.0000 0
0.0000 0000 0.0000 0
-2.4014 0000 71.7972 64
-2.3660 0000 71.7703 96
-2.3306 0000 71.7402 123
-2.2950 0000 71.6918 150
-2.2599 0000 71.6815 168
-2.2245 0000 71.6497 175
-2.1887 0000 71.5749 209
-2.1531 0000 71.5233 241
-2.1179 0000 71.4949 287
-2.0828 0000 71.4847 298
-2.0476 0000 71.4662 273
-2.0126 0000 71.4593 258
-1.9773 0000 71.4243 243
-1.9423 0000 71.4125 243
-1.9071 0000 71.3874 266
-1.8720 0000 71.3673 257
-1.8370 0000 71.3604 267
-1.8019 0000 71.3354 290
-1.7667 0000 71.3104 258
-1.7317 0000 71.2985 239
-1.6965 0000 71.2603 229
-1.6613 0000 71.2123 233
-1.6258 0000 71.1298 247
-1.5906 0000 71.0720 273
-1.5555 0000 71.0438 302
-1.5206 0000 71.0221 298
-1.4856 0000 70.9972 323
-1.4506 0000 70.9789 325
-1.4158 0000 70.9770 344
-1.3809 0000 70.9734 360
-1.3460 0000 70.9518 365
-1.3111 0000 70.9450 323
-1.2763 0000 70.9382 266
-1.2415 0000 70.9395 219
-1.2068 0000 70.9638 206
-1.1720 0000 70.9865 203
-1.1372 0000 70.9879 223
-1.1024 0000 70.9876 253
-1.0675 0000 70.9824 278
-1.0326 0000 70.9608 308
-0.9978 0000 70.9393 279
-0.9629 0000 70.9308 254
-0.9281 0000 70.9059 241
-0.8932 0000 70.8795 214
-0.8584 0000 70.8481 223
-0.8235 0000 70.8053 217
-0.7888 0000 70.8001 191
-0.7540 0000 70.8031 166
-0.7192 0000 70.8028 161
-0.6844 0000 70.8026 160
-0.6496 0000 70.8039 155
-0.6149 0000 70.8282 159
-0.5801 0000 70.8296 164
-0.5453 0000 70.8277 167
-0.5105 0000 70.8045 157
-0.4758 0000 70.8059 150
-0.4409 0000 70.8564 152
-0.4061 0000 70.8577 163
-0.3713 0000 70.8575 174
-0.3365 0000 70.8540 180
-0.3018 0000 70.8471 191
-0.2670 0000 70.8272 222
-0.2322 0000 70.8253 211
-0.1975 0000 70.8251 241
-0.1627 0000 70.8232 289
-0.1279 0000 70.8180 322
-0.0933 0000 70.7801 341
-0.0586 0000 70.7701 367
-0.0238 0000 70.7633 369
0.0107 0000 70.7271 335
0.0454 0000 70.7170 292
0.0802 0000 70.7086 247
0.1147 0000 70.6691 220
0.1494 0000 70.6623 224
0.1840 0000 70.6441 268
0.2187 0000 70.6406 289
0.2533 0000 70.6224 257
0.2882 0000 70.6385 248
0.3231 0000 70.6643 241
0.3579 0000 70.6673 253
0.3926 0000 70.6622 251
0.4273 0000 70.6587 245
0.4620 0000 70.6568 247
0.4967 0000 70.6549 257
0.5315 0000 70.6530 275
0.5662 0000 70.6495 289
0.6007 0000 70.6296 309
0.6353 0000 70.6098 289
0.6700 0000 70.6063 281
0.7047 0000 70.6044 280
0.7394 0000 70.6025 273
0.7741 0000 70.6022 255
0.8087 0000 70.5840 253
0.8434 0000 70.5821 237
0.8780 0000 70.5754 230
0.9125 0000 70.5507 239
0.9471 0000 70.5471 266
0.9814 0000 70.5078 281
1.0161 0000 70.5042 283
1.0502 0000 70.4600 271
1.0848 0000 70.4516 251
1.1192 0000 70.4253 233
1.1536 0000 70.4023 240
1.1883 0000 70.4004 235
1.2226 0000 70.3741 226
1.2572 0000 70.3657 239
1.2913 0000 70.3231 256
1.3259 0000 70.3213 257
1.3606 0000 70.3242 234
1.3964 0000 70.4004 221
1.4314 0000 70.4262 248
1.4664 0000 70.4471 281
1.5011 0000 70.4468 324
1.5358 0000 70.4449 351
1.5704 0000 70.4414 356
1.6051 0000 70.4395 349
1.6398 0000 70.4409 336
1.6745 0000 70.4439 306
1.7093 0000 70.4453 259
1.7440 0000 70.4483 215
1.7791 0000 70.4724 200
1.8142 0000 70.4933 206
1.8485 0000 70.4686 231
1.8831 0000 70.4635 240
1.9174 0000 70.4437 253
1.9521 0000 70.4402 287
1.9867 0000 70.4383 302
2.0213 0000 70.4348 300
2.0556 0000 70.4133 295
2.0904 0000 70.4147 259
2.1256 0000 70.4421 220
2.1608 0000 70.4695 208
2.1956 0000 70.4725 209
2.2302 0000 70.4707 228
2.2649 0000 70.4704 269
2.2996 0000 70.4669 321
2.3342 0000 70.4634 352
2.3689 0000 70.4615 366
2.4035 0000 70.4596 372
2.4379 0000 70.4430 343
2.4725 0000 70.4379 335
2.5071 0000 70.4360 312
2.5415 0000 70.4211 275
2.5766 0000 70.4404 217
2.6112 0000 70.4369 210
2.6458 0000 70.4301 229
2.6800 0000 70.4087 254
2.7142 0000 70.3873 251
2.7488 0000 70.3837 249
2.7834 0000 70.3802 237
2.8176 0000 70.3604 240
2.8522 0000 70.3586 233
2.8869 0000 70.3567 213
2.9215 0000 70.3548 192
2.9561 0000 70.3529 178
2.9903 0000 70.3299 195
3.0248 0000 70.3264 229
3.0595 0000 70.3261 260
3.0938 0000 70.3113 264
3.1289 0000 70.3289 257
3.1640 0000 70.3449 264
3.1987 0000 70.3463 255
3.2335 0000 70.3493 249
3.2682 0000 70.3523 251
3.3030 0000 70.3537 259
3.3377 0000 70.3567 266
3.3730 0000 70.3776 251
3.4078 0000 70.3839 247
3.4425 0000 70.3836 243
3.4771 0000 70.3785 232
3.5111 0000 70.3571 223
3.5457 0000 70.3520 206
3.5796 0000 70.3273 193
3.6136 0000 70.3043 204
3.6481 0000 70.2992 213
3.6820 0000 70.2730 235
3.7159 0000 70.2484 230
3.7499 0000 70.2238 222
3.7837 0000 70.1975 238
3.8175 0000 70.1713 239
3.8513 0000 70.1419 264
3.8851 0000 70.1173 268
3.9196 0000 70.1122 281
3.9528 0000 70.0698 302
3.9874 0000 70.0696 339
4.0227 0000 70.0905 374
4.0580 0000 70.1113 427
4.0928 0000 70.1160 421
4.1287 0000 70.1563 393
4.1637 0000 70.1674 359
4.2000 0000 70.2175 334
4.2356 0000 70.2466 303
4.2711 0000 70.2691 284
4.3065 0000 70.2933 253
4.3412 0000 70.2947 217
4.3760 0000 70.2961 186
4.4107 0000 70.2975 163
4.4462 0000 70.3217 132
4.4874 0000 70.5055 129
4.5238 0000 70.5543 140
4.5586 0000 70.5557 146
4.5934 0000 70.5571 152
4.6282 0000 70.5586 158
4.6628 0000 70.5567 168
4.6975 0000 70.5565 176
4.7323 0000 70.5580 177
4.7669 0000 70.5545 171
4.8016 0000 70.5543 163
4.8363 0000 70.5541 155
4.8711 0000 70.5555 147
4.9061 0000 70.5619 144
4.9429 0000 70.6156 149
4.9794 0000 70.6612 161
5.0141 0000 70.6610 169
5.0488 0000 70.6575 177
5.0835 0000 70.6573 181
5.1193 0000 70.6850 171
5.1544 0000 70.6913 166
5.1901 0000 70.7157 173
5.2257 0000 70.7368 163
5.2614 0000 70.7579 163
5.2973 0000 70.7872 147
5.3325 0000 70.7969 132
5.3692 0000 70.8409 113
5.4050 0000 70.8670 95
5.4410 0000 70.8947 80
5.4777 0000 70.9389 70
5.5125 0000 70.9371 64
5.5473 0000 70.9369 62
5.5813 0000 70.9187 65
5.6164 0000 70.9251 77
5.6532 0000 70.9709 99
5.6893 0000 71.0003 133
5.7249 0000 71.0166 199
5.7595 0000 71.0132 244
5.7943 0000 71.0114 264
5.8286 0000 70.9997 248
5.8631 0000 70.9930 250
5.8978 0000 70.9912 249
5.9339 0000 71.0174 228
5.9700 0000 71.0452 225
6.0064 0000 71.0779 207
6.0427 0000 71.1091 223
6.0792 0000 71.1451 248
6.1143 0000 71.1500 287
6.1493 0000 71.1531 337
6.1842 0000 71.1530 422
6.2196 0000 71.1644 544
6.2547 0000 71.1692 488
6.2898 0000 71.1757 335
6.3248 0000 71.1788 224
6.3587 0000 71.1590 169
6.3922 0000 71.1308 152
6.4258 0000 71.1060 151
6.4601 0000 71.0944 133
6.4928 0000 71.0532 115
6.5250 0000 71.0005 100
6.5579 0000 70.9643 99
6.5925 0000 70.9592 103
6.6273 0000 70.9608 102
6.6634 0000 70.9853 98
6.6987 0000 70.9950 101
6.7358 0000 71.0393 102
6.7712 0000 71.0491 106
6.8071 0000 71.0703 124
6.8417 0000 71.0669 147
6.8763 0000 71.0619 182
6.9099 0000 71.0405 205
6.9444 0000 71.0338 225
6.9781 0000 71.0140 240
7.0128 0000 71.0123 226
7.0476 0000 71.0122 200
7.0825 0000 71.0137 166
7.1173 0000 71.0136 131
7.1521 0000 71.0136 106
7.1857 0000 70.9921 101
7.2202 0000 70.9871 99
7.2538 0000 70.9657 93
7.2883 0000 70.9607 97
7.3229 0000 70.9573 107
7.3555 0000 70.9195 115
7.3897 0000 70.9096 118
7.4231 0000 70.8866 108
7.4578 0000 70.8849 105
7.4925 0000 70.8848 103
7.5274 0000 70.8864 103
7.5620 0000 70.8847 84
7.5953 0000 70.8600 75
7.6358 0000 70.9584 65
7.6775 0000 71.0749 74
7.7137 0000 71.0995 87
7.7483 0000 71.0961 110
7.7829 0000 71.0928 140
7.8178 0000 71.0944 156
7.8527 0000 71.0960 160
7.8876 0000 71.0976 166
7.9226 0000 71.1008 177
7.9573 0000 71.1007 201
7.9919 0000 71.0974 226
8.0264 0000 71.0924 238
8.0597 0000 71.0677 225
8.0926 0000 71.0381 226
8.1246 0000 70.9937 203
8.1587 0000 70.9838 170
8.1931 0000 70.9772 131
8.2264 0000 70.9558 106
8.2596 0000 70.9312 91
8.2914 0000 70.8852 78
8.3230 0000 70.8360 76
8.3543 0000 70.7820 86
8.3870 0000 70.7509 102
8.4187 0000 70.7050 123
8.4528 0000 70.6968 144
8.4872 0000 70.6919 154
8.5218 0000 70.6919 155
8.5565 0000 70.6918 156
8.5901 0000 70.6755 151
8.6233 0000 70.6542 162
8.6576 0000 70.6476 169
8.6919 0000 70.6427 183
8.7251 0000 70.6214 186
8.7580 0000 70.5953 206
8.7923 0000 70.5904 216
8.8257 0000 70.5724 211
8.8601 0000 70.5691 226
8.8933 0000 70.5479 265
8.9276 0000 70.5430 288
8.9621 0000 70.5413 292
8.9965 0000 70.5380 270
9.0299 0000 70.5201 227
9.0629 0000 70.4972 214
9.0974 0000 70.4956 192
9.1319 0000 70.4939 168
9.1648 0000 70.4695 153
9.1975 0000 70.4418 146
9.2286 0000 70.3929 144
9.2615 0000 70.3685 150
9.2958 0000 70.3652 164
9.3303 0000 70.3636 176
9.3646 0000 70.3603 184
9.3992 0000 70.3603 190
9.4338 0000 70.3603 191
9.4666 0000 70.3359 210
9.5009 0000 70.3326 215
9.5338 0000 70.3098 212
9.5684 0000 70.3098 216
9.6043 0000 70.3293 223
9.6390 0000 70.3309 220
9.6738 0000 70.3342 218
9.7086 0000 70.3374 220
9.7433 0000 70.3390 238
9.7779 0000 70.3406 266
9.8140 0000 70.3618 289
9.8486 0000 70.3618 327
9.8830 0000 70.3601 363
9.9175 0000 70.3585 370
9.9517 0000 70.3536 351
9.9861 0000 70.3520 325
10.0210 0000 70.3568 293
10.0561 0000 70.3633 265
10.0926 0000 70.3894 267
10.1273 0000 70.3910 279
10.1616 0000 70.3877 308
10.1957 0000 70.3828 326
10.2303 0000 70.3828 314
10.2650 0000 70.3844 289
10.3014 0000 70.4088 256
10.3386 0000 70.4430 244
10.3753 0000 70.4707 265
10.4079 0000 70.4446 279
10.4403 0000 70.4169 303
10.4728 0000 70.3909 313
10.5072 0000 70.3892 319
10.5398 0000 70.3648 326
10.5743 0000 70.3632 319
10.6107 0000 70.3876 292
10.6475 0000 70.4152 274
10.6881 0000 70.4917 247
10.7286 0000 70.5667 237
10.7653 0000 70.5928 231
10.8003 0000 70.5976 214
10.8313 0000 70.5536 195
10.8634 0000 70.5226 179
10.8896 0000 70.4184 153
10.9741 0000 71.0359 181
11.0087 0000 71.0343 175
11.0435 0000 71.0359 155
11.0782 0000 71.0358 132
11.1214 0000 71.1409 102
11.1737 0000 71.3547 110
11.2107 0000 71.3827 133
11.2456 0000 71.3843 167
11.2817 0000 71.4007 207
11.3164 0000 71.3991 226
11.3511 0000 71.3990 227
11.3859 0000 71.3990 205
11.4205 0000 71.3973 168
11.4674 0000 71.5425 142
11.5157 0000 71.7028 158
11.5520 0000 71.7209 165
11.5866 0000 71.7176 170
11.6213 0000 71.7159 175
11.6545 0000 71.6977 163
11.6880 0000 71.6811 149
11.7225 0000 71.6777 128
11.7606 0000 71.7158 116
11.7960 0000 71.7223 111
11.8345 0000 71.7653 110
11.8716 0000 71.7918 113
11.9069 0000 71.7967 122
11.9400 0000 71.7768 131
11.9744 0000 71.7718 133
12.0091 0000 71.7701 138
12.0444 0000 71.7750 134
12.0823 0000 71.8098 127
12.1200 0000 71.8429 144
12.1550 0000 71.8445 155
12.1899 0000 71.8445 161
12.2240 0000 71.8361 162
12.2578 0000 71.8245 167
12.2911 0000 71.8062 186
12.3240 0000 71.7846 170
12.3579 0000 71.7747 157
12.3884 0000 71.7266 149
12.4206 0000 71.6968 136
12.4514 0000 71.6521 133
12.4814 0000 71.5991 130
12.5131 0000 71.5644 140
12.5430 0000 71.5115 143
12.5732 0000 71.4603 140
12.6029 0000 71.4059 145
12.6330 0000 71.3548 168
12.6634 0000 71.3070 193
12.6955 0000 71.2790 203
12.7275 0000 71.2493 222
12.7642 0000 71.2707 225
12.7995 0000 71.2772 222
12.8367 0000 71.3035 218
12.8736 0000 71.3265 209
12.9083 0000 71.3264 212
12.9429 0000 71.3247 216
12.9754 0000 71.3016 237
13.0098 0000 71.2983 253
13.0425 0000 71.2769 243
13.0766 0000 71.2702 230
13.1090 0000 71.2455 222
13.1435 0000 71.2438 213
13.1784 0000 71.2454 203
13.2156 0000 71.2717 182
13.2549 0000 71.3193 174
13.2900 0000 71.3226 170
13.3266 0000 71.3423 177
13.3636 0000 71.3653 182
13.3983 0000 71.3652 201
13.4329 0000 71.3635 222
13.4658 0000 71.3454 232
13.4983 0000 71.3223 247
13.5322 0000 71.3140 243
13.5626 0000 71.2695 239
13.5950 0000 71.2465 248
13.6294 0000 71.2431 245
13.6636 0000 71.2382 234
13.6981 0000 71.2365 215
13.7333 0000 71.2414 191
13.7683 0000 71.2446 165
13.8055 0000 71.2692 136
13.8428 0000 71.2955 126
13.8780 0000 71.3004 120
13.9129 0000 71.3020 122
13.9500 0000 71.3250 126
13.9848 0000 71.3266 137
14.0172 0000 71.3035 154
14.0511 0000 71.2952 162
14.0831 0000 71.2689 176
14.1153 0000 71.2442 172
14.1472 0000 71.2178 188
14.1792 0000 71.1915 191
14.2093 0000 71.1471 202
14.2429 0000 71.1372 222
14.2752 0000 71.1142 242
14.3097 0000 71.1126 281
14.3440 0000 71.1092 316
14.3766 0000 71.0895 321
14.4114 0000 71.0911 335
14.4485 0000 71.1141 367
14.4833 0000 71.1157 391
14.5179 0000 71.1157 409
14.5526 0000 71.1156 422
14.5867 0000 71.1107 427
14.6166 0000 71.0664 431
14.6511 0000 71.0647 440
14.6856 0000 71.0631 434
14.7219 0000 71.0794 431
14.7560 0000 71.0745 425
14.7889 0000 71.0581 410
14.8244 0000 71.0663 394
14.8638 0000 71.1105 373
14.8962 0000 71.0892 349
14.9310 0000 71.0908 342
14.9679 0000 71.1122 353
15.0027 0000 71.1138 354
15.0377 0000 71.1171 349
15.0749 0000 71.1400 355
15.1121 0000 71.1630 350
15.1469 0000 71.1647 359
15.1819 0000 71.1680 376
15.2187 0000 71.1877 382
15.2534 0000 71.1877 389
15.2906 0000 71.2107 404
15.3230 0000 71.1910 398
15.3578 0000 71.1926 406
15.3927 0000 71.1943 411
15.4247 0000 71.1713 409
15.4592 0000 71.1697 392
15.4940 0000 71.1713 383
15.5309 0000 71.1911 362
15.5657 0000 71.1927 358
15.6029 0000 71.2157 362
15.6379 0000 71.2190 359
15.6728 0000 71.2207 350
15.7123 0000 71.2635 330
15.7473 0000 71.2668 315
15.7820 0000 71.2668 295
15.8168 0000 71.2685 264
15.8520 0000 71.2734 232
15.8870 0000 71.2768 194
15.9241 0000 71.2982 166
15.9594 0000 71.3032 142
15.9994 0000 71.3493 130
16.0373 0000 71.3773 137
16.0750 0000 71.4037 143
16.1099 0000 71.4054 155
16.1445 0000 71.4054 164
16.1837 0000 71.4433 181
16.2193 0000 71.4516 207
16.2548 0000 71.4583 223
16.2923 0000 71.4830 207
16.3299 0000 71.5078 206
16.3654 0000 71.5145 208
16.4044 0000 71.5508 209
16.4391 0000 71.5509 209
16.4714 0000 71.5311 222
16.5035 0000 71.5097 209
16.5368 0000 71.4982 200
16.5656 0000 71.4488 186
16.5992 0000 71.4406 176
16.6335 0000 71.4374 167
16.6655 0000 71.4160 163
16.6988 0000 71.4045 134
16.7360 0000 71.4260 121
16.7713 0000 71.4310 118
16.8057 0000 71.4294 133
16.8377 0000 71.4081 148
16.8718 0000 71.4032 176
16.9018 0000 71.3654 216
16.9356 0000 71.3588 261
16.9696 0000 71.3540 289
17.0038 0000 71.3508 316
17.0366 0000 71.3360 323
17.0710 0000 71.3344 325
17.1056 0000 71.3345 308
17.1400 0000 71.3329 269
17.1739 0000 71.3281 222
17.2077 0000 71.3215 180
17.2372 0000 71.2805 153
17.2687 0000 71.2559 139
17.2992 0000 71.2231 117
17.3271 0000 71.1706 113
17.3572 0000 71.1346 124
17.3863 0000 71.0920 133
17.4202 0000 71.0872 139
17.4523 0000 71.0676 149
17.4827 0000 71.0349 142
17.5118 0000 70.9924 153
17.5457 0000 70.9875 162
17.5797 0000 70.9843 153
17.6144 0000 70.9860 133
17.6483 0000 70.9812 112
17.6796 0000 70.9567 97
17.7110 0000 70.9323 80
17.7455 0000 70.9323 75
17.7801 0000 70.9341 74
17.8112 0000 70.9080 75
17.8396 0000 70.8606 72
17.8732 0000 70.8542 69
17.9013 0000 70.8052 70
17.9258 0000 70.7285 76
17.9471 0000 70.6275 93
17.9800 0000 70.6162 112
18.0089 0000 70.5739 130
18.0422 0000 70.5659 162
18.0734 0000 70.5415 208
18.1048 0000 70.5188 271
18.1377 0000 70.5075 291
18.1690 0000 70.4848 266
18.2049 0000 70.4963 240
18.2373 0000 70.4818 200
18.2693 0000 70.4640 155
18.3004 0000 70.4397 122
18.3248 0000 70.3650 109
18.3447 0000 70.2564 108
18.3654 0000 70.1544 125
18.3956 0000 70.1238 163
18.4266 0000 70.0996 184
18.4552 0000 70.0577 209
18.4881 0000 70.0481 235
18.5217 0000 70.0433 253
18.5555 0000 70.0402 263
18.5851 0000 70.0064 261
18.6187 0000 70.0017 245
18.6468 0000 69.9566 223
18.6768 0000 69.9260 203
18.7070 0000 69.8971 207
18.7379 0000 69.8730 201
18.7688 0000 69.8490 214
18.8027 0000 69.8475 216
18.8367 0000 69.8460 216
18.8708 0000 69.8461 218
18.9049 0000 69.8462 223
18.9389 0000 69.8448 234
18.9726 0000 69.8417 254
19.0067 0000 69.8418 264
19.0411 0000 69.8435 256
19.0759 0000 69.8485 253
19.1124 0000 69.8664 259
19.1443 0000 69.8504 239
19.1809 0000 69.8683 234
19.2186 0000 69.8942 202
19.2532 0000 69.8976 188
19.2874 0000 69.8977 190
19.3183 0000 69.8753 208
19.3518 0000 69.8706 220
19.3827 0000 69.8482 215
19.4164 0000 69.8451 214
19.4505 0000 69.8452 214
19.4846 0000 69.8454 218
19.5189 0000 69.8471 218
19.5535 0000 69.8505 211
19.5942 0000 69.8974 207
19.6317 0000 69.9217 201
19.6663 0000 69.9251 206
19.7038 0000 69.9495 218
19.7384 0000 69.9529 217
19.7725 0000 69.9530 211
19.8068 0000 69.9548 208
19.8414 0000 69.9582 203
19.8813 0000 69.9987 193
19.9166 0000 70.0069 177
19.9539 0000 70.0297 171
19.9911 0000 70.0508 169
20.0254 0000 70.0526 185
20.0593 0000 70.0512 198
20.0932 0000 70.0497 212
20.1273 0000 70.0499 226
20.1588 0000 70.0323 228
20.1924 0000 70.0292 227
20.2239 0000 70.0117 230
20.2573 0000 70.0070 225
20.2905 0000 70.0007 223
20.3243 0000 69.9993 215
20.3591 0000 70.0043 206
20.3934 0000 70.0061 192
20.4273 0000 70.0046 170
20.4585 0000 69.9855 160
20.4923 0000 69.9840 147
20.5264 0000 69.9842 140
20.5600 0000 69.9812 138
20.5943 0000 69.9830 142
20.6286 0000 69.9848 155
20.6624 0000 69.9833 174
20.6967 0000 69.9851 188
20.7310 0000 69.9869 199
20.7620 0000 69.9661 207
20.7951 0000 69.9599 222
20.8291 0000 69.9601 216
20.8656 0000 69.9764 211
20.8999 0000 69.9782 185
20.9310 0000 69.9590 157
20.9612 0000 69.9334 130
20.9877 0000 69.8837 126
21.0180 0000 69.8597 132
21.0484 0000 69.8357 136
21.0819 0000 69.8327 141
21.1127 0000 69.8120 148
21.1433 0000 69.7896 149
21.1766 0000 69.7850 153
21.2096 0000 69.7788 151
21.2365 0000 69.7323 154
21.2697 0000 69.7277 159
21.2968 0000 69.6829 166
21.3266 0000 69.6558 173
21.3595 0000 69.6496 188
21.3933 0000 69.6482 206
21.4270 0000 69.6468 220
21.4614 0000 69.6502 224
21.4927 0000 69.6327 211
21.5261 0000 69.6297 200
21.5571 0000 69.6107 200
21.5980 0000 69.6558 201
21.6328 0000 69.6608 199
21.6705 0000 69.6851 201
21.7042 0000 69.6837 201
