wt=151265343, DLLFiFo=0
-25.5125 0000 91.5404 240
-25.4726 0000 91.5356 213
-25.4327 0000 91.5307 170
-25.3924 0000 91.5237 142
-25.3492 0000 91.4955 130
-25.3056 0000 91.4652 101
-25.2645 0000 91.4518 70
-25.2261 0000 91.4575 58
-25.1908 0000 91.4844 55
-25.1484 0000 91.4626 56
-25.1143 0000 91.4980 72
-25.0799 0000 91.5313 83
-25.0415 0000 91.5370 95
-25.0037 0000 91.5470 117
-24.9677 0000 91.5697 144
-24.9308 0000 91.5861 128
-24.8948 0000 91.6088 153
-24.8600 0000 91.6400 170
-24.8222 0000 91.6500 185
-24.7823 0000 91.6452 172
-24.7393 0000 91.6190 161
-24.6988 0000 91.6099 142
-24.6592 0000 91.6072 136
-24.6201 0000 91.6087 136
-24.5835 0000 91.6272 130
-24.5451 0000 91.6329 130
-24.5039 0000 91.6196 134
-24.4646 0000 91.6189 130
-24.4282 0000 91.6396 127
-24.3930 0000 91.6687 138
-24.3522 0000 91.6575 182
-24.3040 0000 91.5931 240
-24.2635 0000 91.5840 261
-24.2221 0000 91.5685 229
-24.1837 0000 91.5743 213
-24.1432 0000 91.5652 150
-24.1009 0000 91.5434 108
-24.0537 0000 91.4854 90
-24.0066 0000 91.4275 91
-23.9652 0000 91.4121 120
-23.9265 0000 91.4157 120
-23.8918 0000 91.4491 109
-23.8540 0000 91.4591 104
-23.8158 0000 91.4670 95
-23.7759 0000 91.4622 97
-23.7331 0000 91.4361 137
-23.6915 0000 91.4186 142
-23.6528 0000 91.4222 157
-23.6106 0000 91.4005 129
-23.5707 0000 91.3956 133
-23.5368 0000 91.4354 143
-23.4995 0000 91.4497 170
-23.4610 0000 91.4555 189
-23.4217 0000 91.4549 177
-23.3818 0000 91.4501 151
-23.3410 0000 91.4389 119
-23.2943 0000 91.3832 96
-23.2508 0000 91.3509 90
-23.2050 0000 91.3016 81
-23.1688 0000 91.3243 107
-23.1323 0000 91.3450 123
-23.0957 0000 91.3657 117
-23.0614 0000 91.4033 93
-23.0254 0000 91.4283 88
-22.9891 0000 91.4511 102
-22.9495 0000 91.4485 106
-22.9101 0000 91.4479 104
-22.8699 0000 91.4411 110
-22.8278 0000 91.4193 128
-22.7885 0000 91.4188 154
-22.7485 0000 91.4141 160
-22.7097 0000 91.4178 176
-22.6734 0000 91.4407 179
-22.6332 0000 91.4338 169
-22.5900 0000 91.4036 155
-22.5495 0000 91.3947 136
-22.5074 0000 91.3730 142
-22.4675 0000 91.3682 136
-22.4257 0000 91.3487 139
-22.3833 0000 91.3249 133
-22.3437 0000 91.3223 171
-22.3049 0000 91.3261 208
-22.2679 0000 91.3447 211
-22.2323 0000 91.3739 218
-22.1965 0000 91.4011 244
-22.1581 0000 91.4091 226
-22.1193 0000 91.4129 201
-22.0788 0000 91.4040 178
-22.0344 0000 91.3632 153
-21.9939 0000 91.3543 135
-21.9516 0000 91.3305 138
-21.9050 0000 91.2728 123
-21.8553 0000 91.1897 140
-21.8157 0000 91.1871 157
-21.7782 0000 91.2015 154
-21.7396 0000 91.2075 147
-21.7008 0000 91.2113 135
-21.6614 0000 91.2108 116
-21.6215 0000 91.2062 108
-21.5832 0000 91.2142 111
-21.5535 0000 91.2923 116
-21.5183 0000 91.3258 141
-21.4838 0000 91.3658 156
-21.4460 0000 91.3781 175
-21.4058 0000 91.3713 178
-21.3576 0000 91.2987 183
-21.3068 0000 91.2050 226
-21.2623 0000 91.1622 277
-21.2214 0000 91.1491 219
-21.1800 0000 91.1317 184
-21.1396 0000 91.1228 144
-21.0997 0000 91.1182 118
-21.0601 0000 91.1156 112
-21.0184 0000 91.0962 133
-20.9783 0000 91.0894 156
-20.9384 0000 91.0848 183
-20.8978 0000 91.0738 188
-20.8584 0000 91.0734 177
-20.8191 0000 91.0730 125
-20.7847 0000 91.1150 98
-20.7536 0000 91.1845 111
-20.7185 0000 91.2202 117
-20.6819 0000 91.2431 134
-20.6405 0000 91.2257 148
-20.6001 0000 91.2169 187
-20.5607 0000 91.2165 208
-20.5267 0000 91.2628 213
-20.4881 0000 91.2687 220
-20.4487 0000 91.2683 220
-20.4090 0000 91.2658 220
-20.3733 0000 91.2973 209
-20.3398 0000 91.3479 188
-20.2979 0000 91.3262 181
-20.2651 0000 91.3832 179
-20.2435 0000 91.5382 209
-20.2011 0000 91.5122 237
-20.1541 0000 91.4458 225
-20.1085 0000 91.3923 212
-20.0559 0000 91.2771 195
-20.0054 0000 91.1791 183
-19.9594 0000 91.1214 171
-19.9198 0000 91.1189 163
-19.8843 0000 91.1524 172
-19.8504 0000 91.2008 185
-19.8129 0000 91.2174 186
-19.7771 0000 91.2488 181
-19.7386 0000 91.2569 151
-19.6987 0000 91.2523 132
-19.6593 0000 91.2519 137
-19.6206 0000 91.2578 147
-19.5812 0000 91.2574 167
-19.5415 0000 91.2549 212
-19.5032 0000 91.2651 249
-19.4650 0000 91.2753 228
-19.4253 0000 91.2728 170
-19.3842 0000 91.2575 127
-19.3432 0000 91.2423 114
-19.3007 0000 91.2143 86
-19.2601 0000 91.2032 95
-19.2184 0000 91.1816 119
-19.1794 0000 91.1854 138
-19.1402 0000 91.1872 144
-19.1004 0000 91.1825 116
-19.0628 0000 91.1991 93
-19.0236 0000 91.2008 101
-18.9860 0000 91.2173 108
-18.9530 0000 91.2764 126
-18.9145 0000 91.2845 143
-18.8766 0000 91.2989 135
-18.8374 0000 91.3006 150
-18.8023 0000 91.3406 177
-18.7644 0000 91.3550 174
-18.7267 0000 91.3716 145
-18.6879 0000 91.3776 141
-18.6487 0000 91.3793 155
-18.6088 0000 91.3746 163
-18.5671 0000 91.3530 175
-18.5274 0000 91.3504 159
-18.4903 0000 91.3734 150
-18.4538 0000 91.4006 117
-18.4141 0000 91.3981 120
-18.3741 0000 91.3934 155
-18.3344 0000 91.3909 193
-18.2949 0000 91.3905 232
-18.2550 0000 91.3858 258
-18.2162 0000 91.3917 278
-18.1767 0000 91.3913 253
-18.1363 0000 91.3824 223
-18.0973 0000 91.3862 195
-18.0598 0000 91.4050 181
-18.0207 0000 91.4088 149
-17.9812 0000 91.4084 137
-17.9410 0000 91.4016 133
-17.9087 0000 91.4714 129
-17.8796 0000 91.5732 143
-17.8487 0000 91.6581 185
-17.8100 0000 91.6662 210
-17.7709 0000 91.6700 227
-17.7317 0000 91.6739 243
-17.6926 0000 91.6778 246
-17.6575 0000 91.7222 255
-17.6194 0000 91.7367 252
-17.5850 0000 91.7876 226
-17.5464 0000 91.7978 201
-17.5070 0000 91.7995 178
-17.4687 0000 91.8120 178
-17.4338 0000 91.8586 252
-17.3965 0000 91.8817 306
-17.3568 0000 91.8813 323
-17.3164 0000 91.8723 302
-17.2742 0000 91.8462 290
-17.2346 0000 91.8458 260
-17.1977 0000 91.8732 248
-17.1608 0000 91.9006 266
-17.1217 0000 91.9066 242
-17.0823 0000 91.9084 224
-17.0433 0000 91.9144 197
-17.0061 0000 91.9397 160
-16.9669 0000 91.9435 124
-16.9307 0000 91.9795 118
-16.8941 0000 92.0113 112
-16.8538 0000 92.0045 113
-16.8168 0000 92.0319 130
-16.7863 0000 92.1280 177
-16.7555 0000 92.2222 241
-16.7160 0000 92.2239 295
-16.6734 0000 92.1934 316
-16.6333 0000 92.1887 302
-16.5930 0000 92.1819 295
-16.5500 0000 92.1471 311
-16.5081 0000 92.1231 276
-16.4662 0000 92.0991 246
-16.4271 0000 92.1051 198
-16.3919 0000 92.1541 171
-16.3542 0000 92.1752 169
-16.3144 0000 92.1748 164
-16.2749 0000 92.1765 153
-16.2304 0000 92.1246 157
-16.1903 0000 92.1199 175
-16.1533 0000 92.1495 164
-16.1173 0000 92.1900 155
-16.0801 0000 92.2175 167
-16.0409 0000 92.2236 156
-16.0023 0000 92.2361 138
-15.9637 0000 92.2486 137
-15.9243 0000 92.2525 161
-15.8846 0000 92.2521 220
-15.8446 0000 92.2495 295
-15.8037 0000 92.2362 373
-15.7633 0000 92.2294 478
-15.7238 0000 92.2311 542
-15.6847 0000 92.2393 533
-15.6457 0000 92.2475 512
-15.6063 0000 92.2514 492
-15.5678 0000 92.2661 455
-15.5297 0000 92.2851 538
-15.4909 0000 92.2955 503
-15.4520 0000 92.3058 401
-15.4143 0000 92.3291 268
-15.3763 0000 92.3503 206
-15.3371 0000 92.3563 159
-15.2963 0000 92.3452 152
-15.2574 0000 92.3555 155
-15.2165 0000 92.3422 115
-15.1789 0000 92.3677 94
-15.1425 0000 92.4082 95
-15.1080 0000 92.4704 102
-15.0687 0000 92.4765 118
-15.0297 0000 92.4869 130
-14.9906 0000 92.4951 134
-14.9502 0000 92.4882 117
-14.9097 0000 92.4814 92
-14.8701 0000 92.4831 83
-14.8298 0000 92.4784 86
-14.7894 0000 92.4715 99
-14.7501 0000 92.4776 143
-14.7111 0000 92.4880 223
-14.6726 0000 92.5049 233
-14.6336 0000 92.5153 197
-14.5941 0000 92.5192 146
-14.5560 0000 92.5404 125
-14.5194 0000 92.5811 118
-14.4812 0000 92.6023 136
-14.4411 0000 92.5998 113
-14.4035 0000 92.6275 97
-14.3662 0000 92.6595 118
-14.3256 0000 92.6505 125
-14.2832 0000 92.6198 121
-14.2431 0000 92.6172 112
-14.2044 0000 92.6320 102
-14.1679 0000 92.6749 109
-14.1286 0000 92.6831 93
-14.0897 0000 92.6957 76
-14.0441 0000 92.6239 100
-14.0035 0000 92.6149 171
-13.9628 0000 92.6037 180
-13.9227 0000 92.6011 146
-13.8824 0000 92.5964 93
-13.8426 0000 92.5982 71
-13.8047 0000 92.6237 62
-13.7649 0000 92.6255 60
-13.7256 0000 92.6337 67
-13.6882 0000 92.6658 80
-13.6487 0000 92.6719 91
-13.6038 0000 92.6066 100
-13.5585 0000 92.5349 126
-13.5148 0000 92.4848 184
-13.4728 0000 92.4563 204
-13.4327 0000 92.4538 199
-13.3928 0000 92.4534 189
-13.3545 0000 92.4746 145
-13.3223 0000 92.5779 125
-13.2885 0000 92.6597 126
-13.2493 0000 92.6701 117
-13.2100 0000 92.6784 124
-13.1711 0000 92.6931 109
-13.1294 0000 92.6689 105
-13.0875 0000 92.6425 105
-13.0436 0000 92.5881 132
-13.0039 0000 92.5898 168
-12.9641 0000 92.5916 200
-12.9243 0000 92.5934 218
-12.8849 0000 92.6016 215
-12.8462 0000 92.6185 167
-12.8060 0000 92.6138 136
-12.7643 0000 92.5896 131
-12.7265 0000 92.6195 157
-12.6884 0000 92.6451 160
-12.6487 0000 92.6490 165
-12.6063 0000 92.6140 210
-12.5650 0000 92.5941 262
-12.5235 0000 92.5721 271
-12.4834 0000 92.5695 172
-12.4443 0000 92.5799 102
-12.4106 0000 92.6704 89
-12.3732 0000 92.7068 109
-12.3351 0000 92.7346 107
-12.2932 0000 92.7060 99
-12.2482 0000 92.6320 116
-12.2060 0000 92.5992 164
-12.1656 0000 92.5923 185
-12.1238 0000 92.5638 181
-12.0818 0000 92.5331 191
-12.0410 0000 92.5197 162
-11.9994 0000 92.4955 168
-11.9606 0000 92.5124 189
-11.9194 0000 92.4926 214
-11.8792 0000 92.4879 240
-11.8391 0000 92.4853 257
-11.7981 0000 92.4676 282
-11.7583 0000 92.4694 275
-11.7186 0000 92.4733 249
-11.6798 0000 92.4902 201
-11.6396 0000 92.4855 191
-11.5993 0000 92.4786 192
-11.5595 0000 92.4804 192
-11.5198 0000 92.4843 211
-11.4788 0000 92.4666 252
-11.4384 0000 92.4597 232
-11.3970 0000 92.4356 210
-11.3563 0000 92.4222 184
-11.3148 0000 92.3981 162
-11.2742 0000 92.3869 176
-11.2335 0000 92.3736 207
-11.1934 0000 92.3688 223
-11.1538 0000 92.3749 206
-11.1162 0000 92.4112 174
-11.0787 0000 92.4497 156
-11.0389 0000 92.4514 146
-10.9987 0000 92.4467 134
-10.9568 0000 92.4139 134
-10.9151 0000 92.3833 174
-10.8746 0000 92.3743 232
-10.8342 0000 92.3653 282
-10.7932 0000 92.3476 299
-10.7546 0000 92.3688 310
-10.7147 0000 92.3684 317
-10.6732 0000 92.3400 322
-10.6331 0000 92.3374 296
-10.5931 0000 92.3349 268
-10.5516 0000 92.3064 265
-10.5100 0000 92.2780 234
-10.4700 0000 92.2755 241
-10.4304 0000 92.2794 240
-10.3896 0000 92.2639 253
-10.3490 0000 92.2506 256
-10.3073 0000 92.2179 222
-10.2671 0000 92.2132 193
-10.2273 0000 92.2128 174
-10.1846 0000 92.1629 159
-10.1443 0000 92.1539 149
-10.1039 0000 92.1449 150
-10.0613 0000 92.0951 164
-10.0215 0000 92.0947 198
-9.9832 0000 92.1223 256
-9.9440 0000 92.1348 270
-9.9063 0000 92.1731 230
-9.8666 0000 92.1770 173
-9.8265 0000 92.1723 145
-9.7862 0000 92.1633 139
-9.7444 0000 92.1264 147
-9.7030 0000 92.0980 137
-9.6624 0000 92.0826 162
-9.6230 0000 92.0908 169
-9.5849 0000 92.1227 162
-9.5465 0000 92.1502 204
-9.5065 0000 92.1477 195
-9.4650 0000 92.1150 127
-9.4234 0000 92.0824 95
-9.3832 0000 92.0756 73
-9.3416 0000 92.0408 58
-9.3030 0000 92.0640 51
-9.2615 0000 92.0314 57
-9.2229 0000 92.0547 66
-9.1845 0000 92.0822 72
-9.1450 0000 92.0904 76
-9.1054 0000 92.0944 81
-9.0658 0000 92.0983 102
-9.0276 0000 92.1323 128
-8.9889 0000 92.1556 141
-8.9483 0000 92.1401 141
-8.9082 0000 92.1333 110
-8.8683 0000 92.1329 94
-8.8289 0000 92.1411 94
-8.7893 0000 92.1472 99
-8.7494 0000 92.1468 95
-8.7106 0000 92.1679 92
-8.6725 0000 92.2041 94
-8.6355 0000 92.2662 136
-8.5962 0000 92.2788 185
-8.5565 0000 92.2827 202
-8.5165 0000 92.2802 208
-8.4753 0000 92.2518 203
-8.4350 0000 92.2406 251
-8.3959 0000 92.2575 330
-8.3565 0000 92.2700 428
-8.3170 0000 92.2783 459
-8.2780 0000 92.2973 405
-8.2391 0000 92.3185 377
-8.1992 0000 92.3202 316
-8.1584 0000 92.2983 278
-8.1182 0000 92.2915 244
-8.0782 0000 92.2889 214
-8.0382 0000 92.2864 191
-7.9965 0000 92.2451 187
-7.9564 0000 92.2404 180
-7.9165 0000 92.2400 158
-7.8767 0000 92.2418 140
-7.8380 0000 92.2694 148
-7.7989 0000 92.2885 141
-7.7591 0000 92.2902 152
-7.7190 0000 92.2856 179
-7.6785 0000 92.2701 211
-7.6368 0000 92.2266 218
-7.5976 0000 92.2435 180
-7.5602 0000 92.3035 161
-7.5222 0000 92.3506 150
-7.4795 0000 92.2812 149
-7.4365 0000 92.2033 178
-7.3952 0000 92.1685 223
-7.3553 0000 92.1681 274
-7.3154 0000 92.1656 325
-7.2748 0000 92.1480 322
-7.2351 0000 92.1519 306
-7.1964 0000 92.1817 273
-7.1590 0000 92.2481 218
-7.1217 0000 92.3146 191
-7.0841 0000 92.3768 199
-7.0443 0000 92.3807 258
-7.0037 0000 92.3631 413
-6.9637 0000 92.3606 577
-6.9238 0000 92.3603 666
-6.8840 0000 92.3642 656
-6.8445 0000 92.3746 589
-6.8053 0000 92.3959 439
-6.7660 0000 92.4128 344
-6.7267 0000 92.4319 235
-6.6873 0000 92.4467 204
-6.6477 0000 92.4571 176
-6.6085 0000 92.4805 155
-6.5686 0000 92.4802 150
-6.5286 0000 92.4798 171
-6.4886 0000 92.4773 176
-6.4470 0000 92.4294 144
-6.4042 0000 92.3449 113
-6.3615 0000 92.2626 106
-6.3192 0000 92.1890 104
-6.2781 0000 92.1520 78
-6.2370 0000 92.1151 66
-6.1969 0000 92.1083 57
-6.1591 0000 92.1725 51
-6.1206 0000 92.2153 51
-6.0830 0000 92.2904 65
-6.0445 0000 92.3353 100
-6.0055 0000 92.3652 127
-5.9659 0000 92.3756 149
-5.9267 0000 92.3990 151
-5.8873 0000 92.4181 111
-5.8476 0000 92.4264 95
-5.8086 0000 92.4563 92
-5.7689 0000 92.4668 84
-5.7298 0000 92.4967 84
-5.6907 0000 92.5245 108
-5.6514 0000 92.5480 110
-5.6117 0000 92.5606 114
-5.5720 0000 92.5711 117
-5.5331 0000 92.6097 128
-5.4921 0000 92.5726 173
-5.4519 0000 92.5636 232
-5.4118 0000 92.5611 262
-5.3723 0000 92.5802 244
-5.3330 0000 92.6037 239
-5.2932 0000 92.6120 187
-5.2534 0000 92.6204 143
-5.2140 0000 92.6438 136
-5.1746 0000 92.6673 131
-5.1346 0000 92.6670 139
-5.0942 0000 92.6537 154
-5.0543 0000 92.6555 157
-5.0144 0000 92.6595 177
-4.9744 0000 92.6635 203
-4.9348 0000 92.6783 173
-4.8950 0000 92.6867 147
-4.8555 0000 92.7102 139
-4.8156 0000 92.7142 159
-4.7752 0000 92.6987 160
-4.7350 0000 92.6940 118
-4.6953 0000 92.7067 100
-4.6548 0000 92.6847 95
-4.6144 0000 92.6713 120
-4.5744 0000 92.6710 173
-4.5346 0000 92.6815 231
-4.4949 0000 92.6942 239
-4.4558 0000 92.7372 208
-4.4162 0000 92.7564 194
-4.3768 0000 92.7886 174
-4.3376 0000 92.8252 168
-4.2982 0000 92.8596 162
-4.2589 0000 92.8962 141
-4.2196 0000 92.9328 143
-4.1795 0000 92.9346 100
-4.1397 0000 92.9474 63
-4.0997 0000 92.9492 51
-4.0598 0000 92.9597 57
-4.0208 0000 93.0160 81
-3.9813 0000 93.0505 102
-3.9420 0000 93.0893 116
-3.9020 0000 93.0999 141
-3.8619 0000 93.0974 158
-3.8217 0000 93.0927 160
-3.7816 0000 93.0945 147
-3.7416 0000 93.1051 139
-3.7022 0000 93.1462 145
-3.6622 0000 93.1545 147
-3.6222 0000 93.1586 146
-3.5821 0000 93.1648 141
-3.5428 0000 93.2124 128
-3.5032 0000 93.2492 120
-3.4633 0000 93.2620 136
-3.4236 0000 93.2944 152
-3.3839 0000 93.3268 129
-3.3442 0000 93.3527 125
-3.3040 0000 93.3524 136
-3.2639 0000 93.3608 148
-3.2242 0000 93.3932 131
-3.1845 0000 93.4301 125
-3.1445 0000 93.4407 114
-3.1050 0000 93.4950 105
-3.0654 0000 93.5385 101
-3.0257 0000 93.5776 116
-2.9856 0000 93.5860 117
-2.9454 0000 93.5879 109
-2.9050 0000 93.5832 100
-2.8648 0000 93.5851 101
-2.8250 0000 93.6154 115
-2.7849 0000 93.6282 110
-2.7452 0000 93.6740 98
-2.7051 0000 93.6890 98
-2.6653 0000 93.7369 113
-2.6252 0000 93.7498 142
-2.5850 0000 93.7582 166
-2.5447 0000 93.7579 182
-2.5046 0000 93.7773 178
-2.4646 0000 93.8056 176
-2.4246 0000 93.8272 142
-2.3844 0000 93.8401 133
-2.3444 0000 93.8771 132
-2.3041 0000 93.8746 139
-2.2638 0000 93.8721 154
-2.2233 0000 93.8585 157
-2.1830 0000 93.8582 157
-2.1427 0000 93.8535 135
-2.1024 0000 93.8598 111
-2.0623 0000 93.8880 98
-2.0220 0000 93.8899 87
-1.9818 0000 93.8962 87
-1.9418 0000 93.9398 86
-1.9015 0000 93.9549 92
-1.8614 0000 93.9876 108
-1.8211 0000 93.9939 124
-1.7810 0000 94.0200 127
-1.7407 0000 94.0306 111
-1.7004 0000 94.0369 100
-1.6602 0000 94.0652 101
-1.6199 0000 94.0869 95
-1.5796 0000 94.0866 112
-1.5391 0000 94.0664 121
-1.4987 0000 94.0617 132
-1.4583 0000 94.0459 143
-1.4178 0000 94.0148 148
-1.3775 0000 94.0101 160
-1.3372 0000 94.0383 186
-1.2970 0000 94.0600 198
-1.2567 0000 94.0884 195
-1.2163 0000 94.0880 201
-1.1760 0000 94.0855 193
-1.1356 0000 94.0829 178
-1.0952 0000 94.0804 174
-1.0548 0000 94.0624 177
-1.0145 0000 94.0555 156
-0.9741 0000 94.0464 143
-0.9337 0000 94.0438 152
-0.8934 0000 94.0501 193
-0.8530 0000 94.0564 234
-0.8127 0000 94.0626 233
-0.7723 0000 94.0623 191
-0.7320 0000 94.0950 187
-0.6916 0000 94.1277 196
-0.6513 0000 94.1274 192
-0.6109 0000 94.1160 158
-0.5706 0000 94.1113 140
-0.5302 0000 94.1110 134
-0.4898 0000 94.1062 142
-0.4495 0000 94.1059 152
-0.4091 0000 94.1144 159
-0.3687 0000 94.1405 158
-0.3283 0000 94.1490 179
-0.2878 0000 94.1927 216
-0.2474 0000 94.1968 246
-0.2071 0000 94.1744 253
-0.1668 0000 94.1697 207
-0.1265 0000 94.1451 148
-0.0862 0000 94.1139 132
-0.0458 0000 94.1091 127
-0.0055 0000 94.1044 152
0.0348 0000 94.0908 226
0.0750 0000 94.0640 290
0.1154 0000 94.0615 256
0.1557 0000 94.0567 189
0.1960 0000 94.0498 167
0.2363 0000 94.0450 189
0.2767 0000 94.0447 217
0.3170 0000 94.0444 200
0.3573 0000 94.0352 158
0.3975 0000 94.0063 146
0.4376 0000 93.9795 128
0.4779 0000 93.9748 121
0.5183 0000 93.9744 114
0.5586 0000 93.9763 112
0.5989 0000 93.9738 113
0.6392 0000 93.9756 121
0.6796 0000 93.9797 132
0.7199 0000 93.9771 132
0.7602 0000 93.9702 132
0.8005 0000 93.9655 142
0.8407 0000 93.9607 158
0.8811 0000 93.9604 170
0.9214 0000 93.9600 175
0.9616 0000 93.9553 186
1.0019 0000 93.9528 199
1.0423 0000 93.9590 215
1.0829 0000 93.9829 219
1.1233 0000 93.9958 233
1.1637 0000 94.0020 241
1.2040 0000 94.0017 230
1.2443 0000 93.9969 202
1.2844 0000 93.9812 181
1.3241 0000 93.9215 172
1.3640 0000 93.8904 174
1.4043 0000 93.8856 150
1.4445 0000 93.8787 124
1.4846 0000 93.8608 128
1.5249 0000 93.8670 136
1.5652 0000 93.8689 130
1.6054 0000 93.8598 123
1.6457 0000 93.8572 132
1.6860 0000 93.8591 140
1.7262 0000 93.8544 132
1.7659 0000 93.8123 116
1.8055 0000 93.7637 132
1.8460 0000 93.7809 139
1.8867 0000 93.8091 150
1.9271 0000 93.8197 141
1.9674 0000 93.8172 134
2.0075 0000 93.8059 123
2.0475 0000 93.7880 117
2.0878 0000 93.7898 115
2.1280 0000 93.7851 123
2.1663 0000 93.6685 113
2.2041 0000 93.5192 122
2.2421 0000 93.3854 200
2.2822 0000 93.3807 275
2.3224 0000 93.3826 277
2.3626 0000 93.3801 231
2.4027 0000 93.3775 169
2.4435 0000 93.4122 105
2.4852 0000 93.4993 90
2.5271 0000 93.5888 116
2.5674 0000 93.5950 143
2.6076 0000 93.5947 160
2.6483 0000 93.6184 154
2.6891 0000 93.6510 157
2.7302 0000 93.6945 135
2.7716 0000 93.7512 123
2.8113 0000 93.7267 118
2.8515 0000 93.7220 117
2.8909 0000 93.6800 139
2.9310 0000 93.6731 169
2.9712 0000 93.6727 177
3.0114 0000 93.6702 175
3.0515 0000 93.6611 175
3.0914 0000 93.6476 172
3.1314 0000 93.6385 168
3.1717 0000 93.6382 168
3.2120 0000 93.6444 169
3.2532 0000 93.6858 151
3.2952 0000 93.7622 148
3.3365 0000 93.8102 159
3.3770 0000 93.8187 156
3.4172 0000 93.8161 162
3.4573 0000 93.8092 179
3.4974 0000 93.8001 201
3.5374 0000 93.7888 245
3.5770 0000 93.7643 286
3.6166 0000 93.7354 402
3.6560 0000 93.7000 485
3.6959 0000 93.6887 570
3.7354 0000 93.6598 634
3.7754 0000 93.6485 563
3.8162 0000 93.6701 404
3.8571 0000 93.6961 303
3.8988 0000 93.7507 248
3.9393 0000 93.7591 229
3.9797 0000 93.7676 222
4.0215 0000 93.8222 221
4.0621 0000 93.8350 220
4.1030 0000 93.8567 202
4.1431 0000 93.8520 193
4.1834 0000 93.8516 182
4.2245 0000 93.8799 176
4.2650 0000 93.8862 172
4.3054 0000 93.8902 169
4.3457 0000 93.8899 170
4.3852 0000 93.8632 196
4.4252 0000 93.8541 205
4.4652 0000 93.8428 207
4.5043 0000 93.8051 218
4.5446 0000 93.8047 236
4.5849 0000 93.8066 265
4.6254 0000 93.8129 300
4.6667 0000 93.8477 322
4.7071 0000 93.8496 335
4.7471 0000 93.8427 344
4.7875 0000 93.8446 342
4.8282 0000 93.8596 342
4.8695 0000 93.8901 299
4.9107 0000 93.9184 285
4.9513 0000 93.9268 259
4.9917 0000 93.9309 252
5.0328 0000 93.9548 239
5.0742 0000 93.9853 275
5.1148 0000 93.9960 304
5.1552 0000 93.9979 316
5.1955 0000 93.9976 278
5.2358 0000 93.9972 207
5.2752 0000 93.9705 145
5.3145 0000 93.9394 136
5.3545 0000 93.9325 133
5.3951 0000 93.9409 130
5.4371 0000 93.9869 126
5.4783 0000 94.0130 129
5.5188 0000 94.0170 132
5.5586 0000 94.0035 148
5.5998 0000 94.0274 172
5.6404 0000 94.0337 221
5.6814 0000 94.0532 309
5.7219 0000 94.0573 360
5.7625 0000 94.0658 352
5.8039 0000 94.0942 297
5.8448 0000 94.1071 262
5.8859 0000 94.1288 226
5.9254 0000 94.1065 162
5.9647 0000 94.0797 141
6.0044 0000 94.0640 126
6.0433 0000 94.0262 139
6.0833 0000 94.0193 140
6.1238 0000 94.0234 143
6.1644 0000 94.0297 153
6.2059 0000 94.0602 132
6.2486 0000 94.1194 124
6.2914 0000 94.1787 142
6.3323 0000 94.1938 170
6.3731 0000 94.2023 196
6.4145 0000 94.2285 201
6.4559 0000 94.2547 230
6.4968 0000 94.2677 248
6.5387 0000 94.3027 248
6.5806 0000 94.3400 299
6.6223 0000 94.3706 307
6.6638 0000 94.3969 342
6.7043 0000 94.3988 341
6.7439 0000 94.3808 318
6.7839 0000 94.3716 329
6.8241 0000 94.3669 329
6.8645 0000 94.3666 316
6.9039 0000 94.3442 324
6.9440 0000 94.3395 291
6.9844 0000 94.3392 260
7.0250 0000 94.3455 242
7.0677 0000 94.3961 210
7.1115 0000 94.4710 175
7.1545 0000 94.5283 164
7.1949 0000 94.5280 167
7.2340 0000 94.4989 159
7.2728 0000 94.4654 172
7.3118 0000 94.4341 164
7.3523 0000 94.4360 170
7.3929 0000 94.4424 187
7.4333 0000 94.4421 194
7.4737 0000 94.4418 186
7.5146 0000 94.4526 184
7.5564 0000 94.4810 194
7.5978 0000 94.5029 175
7.6398 0000 94.5358 192
7.6816 0000 94.5643 201
7.7230 0000 94.5840 219
7.7638 0000 94.5926 186
7.8048 0000 94.6034 161
7.8466 0000 94.6319 143
7.8859 0000 94.6094 148
7.9258 0000 94.5981 145
7.9641 0000 94.5557 135
8.0038 0000 94.5421 122
8.0428 0000 94.5152 124
8.0835 0000 94.5216 129
8.1252 0000 94.5456 145
8.1658 0000 94.5498 195
8.2061 0000 94.5473 267
8.2466 0000 94.5492 332
8.2880 0000 94.5689 333
8.3287 0000 94.5752 336
8.3705 0000 94.6015 342
8.4114 0000 94.6101 293
8.4521 0000 94.6143 243
8.4927 0000 94.6184 214
8.5336 0000 94.6270 196
8.5760 0000 94.6644 183
8.6167 0000 94.6686 180
8.6574 0000 94.6750 207
8.6982 0000 94.6813 248
8.7386 0000 94.6811 258
8.7789 0000 94.6786 243
8.8186 0000 94.6650 213
8.8561 0000 94.6115 195
8.8945 0000 94.5757 214
8.9329 0000 94.5400 184
8.9726 0000 94.5287 182
9.0135 0000 94.5372 205
9.0544 0000 94.5458 244
9.0953 0000 94.5544 244
9.1377 0000 94.5896 201
9.1796 0000 94.6159 165
9.2219 0000 94.6489 163
9.2625 0000 94.6508 167
9.3040 0000 94.6705 161
9.3452 0000 94.6836 169
9.3872 0000 94.7099 208
9.4279 0000 94.7141 238
9.4679 0000 94.7072 252
9.5070 0000 94.6847 242
9.5472 0000 94.6800 258
9.5874 0000 94.6775 252
9.6276 0000 94.6728 228
9.6680 0000 94.6725 206
9.7084 0000 94.6723 180
9.7481 0000 94.6609 150
9.7872 0000 94.6385 160
9.8279 0000 94.6426 165
9.8681 0000 94.6402 175
9.9083 0000 94.6355 213
9.9491 0000 94.6418 232
9.9904 0000 94.6571 203
10.0322 0000 94.6790 163
10.0724 0000 94.6743 145
10.1109 0000 94.6452 125
10.1509 0000 94.6383 115
10.1916 0000 94.6425 136
10.2314 0000 94.6334 139
10.2714 0000 94.6264 109
10.3121 0000 94.6306 96
10.3526 0000 94.6326 117
10.3927 0000 94.6279 143
10.4318 0000 94.6077 139
10.4718 0000 94.6008 127
10.5120 0000 94.5983 115
10.5524 0000 94.5980 117
10.5928 0000 94.5978 117
10.6329 0000 94.5931 120
10.6711 0000 94.5596 140
10.7098 0000 94.5349 130
10.7511 0000 94.5480 156
10.7900 0000 94.5256 159
10.8287 0000 94.5010 176
10.8673 0000 94.4741 148
10.9072 0000 94.4672 140
10.9478 0000 94.4714 138
10.9883 0000 94.4734 134
11.0285 0000 94.4709 138
11.0687 0000 94.4684 142
11.1083 0000 94.4571 134
11.1480 0000 94.4480 119
11.1868 0000 94.4256 103
11.2242 0000 94.3833 83
11.2613 0000 94.3367 86
11.2966 0000 94.2635 89
11.3347 0000 94.2324 90
11.3762 0000 94.2498 104
11.4173 0000 94.2605 106
11.4607 0000 94.3045 98
11.5038 0000 94.3440 116
11.5446 0000 94.3503 129
11.5846 0000 94.3457 133
11.6225 0000 94.3123 122
11.6617 0000 94.2966 145
11.7002 0000 94.2720 220
11.7403 0000 94.2695 312
11.7808 0000 94.2715 400
11.8204 0000 94.2624 367
11.8612 0000 94.2688 295
11.9019 0000 94.2752 253
11.9438 0000 94.2970 225
11.9844 0000 94.3011 169
12.0244 0000 94.2965 130
12.0638 0000 94.2852 104
12.1016 0000 94.2518 89
12.1381 0000 94.2008 88
12.1779 0000 94.1939 98
12.2178 0000 94.1893 100
12.2550 0000 94.1493 94
12.2949 0000 94.1446 87
12.3347 0000 94.1378 78
12.3692 0000 94.0626 72
12.4010 0000 93.9523 87
12.4407 0000 93.9455 133
12.4809 0000 93.9452 170
12.5204 0000 93.9362 189
12.5605 0000 93.9359 169
12.5999 0000 93.9247 168
12.6375 0000 93.8915 164
12.6764 0000 93.8758 177
12.7169 0000 93.8800 192
12.7572 0000 93.8819 209
12.7969 0000 93.8751 207
12.8363 0000 93.8660 168
12.8735 0000 93.8284 147
12.9128 0000 93.8172 172
12.9524 0000 93.8104 188
12.9929 0000 93.8145 170
13.0337 0000 93.8231 140
13.0756 0000 93.8448 118
13.1163 0000 93.8511 103
13.1584 0000 93.8750 103
13.1990 0000 93.8814 105
13.2393 0000 93.8833 99
13.2797 0000 93.8853 96
13.3200 0000 93.8872 95
13.3605 0000 93.8914 97
13.4006 0000 93.8911 100
13.4406 0000 93.8887 108
13.4796 0000 93.8752 129
13.5184 0000 93.8596 164
13.5567 0000 93.8374 192
13.5968 0000 93.8371 223
13.6362 0000 93.8281 237
13.6763 0000 93.8279 240
13.7174 0000 93.8386 225
13.7601 0000 93.8691 210
13.8007 0000 93.8754 168
13.8408 0000 93.8752 131
13.8808 0000 93.8727 113
13.9212 0000 93.8769 104
13.9615 0000 93.8788 97
14.0014 0000 93.8763 99
14.0415 0000 93.8761 108
14.0813 0000 93.8714 114
14.1206 0000 93.8624 118
14.1588 0000 93.8402 140
14.1991 0000 93.8421 152
14.2392 0000 93.8419 159
14.2794 0000 93.8438 157
14.3216 0000 93.8677 155
14.3617 0000 93.8675 126
14.4043 0000 93.8958 99
14.4502 0000 93.9614 98
14.4907 0000 93.9656 116
14.5310 0000 93.9675 152
14.5709 0000 93.9650 168
14.6108 0000 93.9626 186
14.6513 0000 93.9667 184
14.6938 0000 93.9928 174
14.7339 0000 93.9926 143
14.7739 0000 93.9923 113
14.8144 0000 93.9965 96
14.8545 0000 93.9962 90
14.8972 0000 94.0245 89
14.9375 0000 94.0264 95
14.9778 0000 94.0284 100
15.0179 0000 94.0281 107
15.0604 0000 94.0542 113
15.0971 0000 94.0166 136
15.1319 0000 93.9592 161
15.1711 0000 93.9501 184
15.2090 0000 93.9257 207
15.2460 0000 93.8925 194
15.2858 0000 93.8901 195
15.3271 0000 93.9030 196
15.3723 0000 93.9576 202
15.4177 0000 94.0145 222
15.4608 0000 94.0472 256
15.5042 0000 94.0821 245
15.5455 0000 94.0951 248
15.5863 0000 94.1014 239
15.6280 0000 94.1187 246
15.6687 0000 94.1251 241
15.7121 0000 94.1600 223
15.7575 0000 94.2148 224
15.7995 0000 94.2344 229
15.8419 0000 94.2583 242
15.8829 0000 94.2669 218
15.9257 0000 94.2953 183
15.9684 0000 94.3215 174
16.0096 0000 94.3322 166
16.0525 0000 94.3606 163
16.0928 0000 94.3626 169
16.1316 0000 94.3490 182
16.1722 0000 94.3532 183
16.2121 0000 94.3507 191
16.2528 0000 94.3570 226
16.2938 0000 94.3656 262
16.3361 0000 94.3874 289
16.3747 0000 94.3716 229
16.4139 0000 94.3625 196
16.4538 0000 94.3601 194
16.4941 0000 94.3620 211
16.5336 0000 94.3551 209
16.5754 0000 94.3725 186
16.6173 0000 94.3898 186
16.6607 0000 94.4227 188
16.7020 0000 94.4334 161
16.7463 0000 94.4751 143
16.7866 0000 94.4770 144
16.8272 0000 94.4812 150
16.8682 0000 94.4897 137
16.9106 0000 94.5115 131
16.9507 0000 94.5113 124
16.9917 0000 94.5198 114
17.0350 0000 94.5505 109
17.0781 0000 94.5789 117
17.1214 0000 94.6096 149
17.1627 0000 94.6204 175
17.2058 0000 94.6489 184
17.2473 0000 94.6619 201
17.2912 0000 94.6970 220
17.3327 0000 94.7100 220
17.3752 0000 94.7319 217
17.4158 0000 94.7360 234
17.4564 0000 94.7402 237
17.5007 0000 94.7798 236
17.5409 0000 94.7795 244
17.5818 0000 94.7859 250
17.6231 0000 94.7966 239
17.6661 0000 94.8230 233
17.7063 0000 94.8227 208
17.7462 0000 94.8202 175
17.7859 0000 94.8154 154
17.8256 0000 94.8107 165
17.8643 0000 94.7971 187
17.9071 0000 94.8212 239
17.9503 0000 94.8497 238
17.9938 0000 94.8805 241
18.0388 0000 94.9246 197
18.0860 0000 94.9888 176
18.1269 0000 94.9951 165
18.1671 0000 94.9948 156
18.2080 0000 95.0012 138
18.2523 0000 95.0387 137
18.2964 0000 95.0740 136
18.3403 0000 95.1071 161
18.3842 0000 95.1402 167
18.4278 0000 95.1711 189
18.4691 0000 95.1797 194
18.5113 0000 95.1972 192
18.5522 0000 95.2036 194
18.5942 0000 95.2189 189
18.6396 0000 95.2654 195
18.6801 0000 95.2673 201
18.7211 0000 95.2737 201
18.7621 0000 95.2801 196
18.8054 0000 95.3066 192
18.8479 0000 95.3264 178
18.8921 0000 95.3618 170
18.9354 0000 95.3883 181
18.9770 0000 95.3992 162
19.0182 0000 95.4078 143
19.0615 0000 95.4343 131
19.1033 0000 95.4474 109
19.1474 0000 95.4807 112
19.1882 0000 95.4849 98
19.2308 0000 95.5047 82
19.2708 0000 95.5022 69
19.3108 0000 95.4996 64
19.3514 0000 95.5016 67
19.3955 0000 95.5348 78
19.4392 0000 95.5636 93
19.4810 0000 95.5768 114
19.5244 0000 95.6033 129
19.5653 0000 95.6075 144
19.6113 0000 95.6565 140
19.6561 0000 95.6943 132
19.7024 0000 95.7456 109
19.7475 0000 95.7857 120
19.7912 0000 95.8145 124
19.8329 0000 95.8255 134
19.8764 0000 95.8521 148
19.9194 0000 95.8743 133
19.9611 0000 95.8852 140
20.0041 0000 95.9074 168
20.0455 0000 95.9161 184
20.0888 0000 95.9405 186
20.1302 0000 95.9492 200
20.1711 0000 95.9534 188
20.2120 0000 95.9576 153
20.2556 0000 95.9843 130
20.2973 0000 95.9953 117
20.3352 0000 95.9747 110
20.3748 0000 95.9677 109
20.4080 0000 95.9090 105
20.4465 0000 95.8930 106
20.4873 0000 95.8972 110
20.5307 0000 95.9216 128
20.5740 0000 95.9460 129
20.6163 0000 95.9615 142
20.6613 0000 95.9994 186
20.7033 0000 96.0126 213
20.7453 0000 96.0258 174
20.7856 0000 96.0255 140
20.8263 0000 96.0275 120
20.8663 0000 96.0249 113
20.9067 0000 96.0246 113
20.9445 0000 96.0041 122
20.9845 0000 96.0016 120
21.0254 0000 96.0058 110
21.0658 0000 96.0055 103
21.1055 0000 96.0007 108
21.1453 0000 95.9960 109
21.1856 0000 95.9957 107
21.2262 0000 95.9976 112
21.2660 0000 95.9929 129
21.3032 0000 95.9679 139
21.3438 0000 95.9698 158
21.3841 0000 95.9695 181
21.4232 0000 95.9603 187
21.4630 0000 95.9555 176
21.5030 0000 95.9530 164
21.5427 0000 95.9482 138
21.5810 0000 95.9322 116
21.6172 0000 95.9005 107
21.6541 0000 95.8733 115
21.6938 0000 95.8686 113
21.7337 0000 95.8660 112
21.7711 0000 95.8433 130
21.8085 0000 95.8207 127
21.8470 0000 95.8069 133
21.8826 0000 95.7708 131
21.9187 0000 95.7392 144
21.9584 0000 95.7345 152
21.9948 0000 95.7051 171
22.0333 0000 95.6914 210
22.0700 0000 95.6643 252
22.1055 0000 95.6282 242
22.1427 0000 95.6056 261
22.1785 0000 95.5718 309
22.2160 0000 95.5515 275
22.2544 0000 95.5378 283
22.2937 0000 95.5309 291
22.3317 0000 95.5150 278
22.3680 0000 95.4857 220
22.4070 0000 95.4765 195
22.4450 0000 95.4606 208
22.4843 0000 95.4537 211
22.5235 0000 95.4468 201
22.5636 0000 95.4465 196
22.6046 0000 95.4530 212
22.6474 0000 95.4728 200
22.6878 0000 95.4748 180
22.7276 0000 95.4723 151
22.7641 0000 95.4453 127
22.7990 0000 95.4071 96
22.8337 0000 95.3668 91
22.8650 0000 95.3019 91
22.9002 0000 95.2661 91
22.9402 0000 95.2658 99
22.9830 0000 95.2856 107
23.0200 0000 95.2631 110
23.0569 0000 95.2406 98
23.0997 0000 95.2604 106
23.1367 0000 95.2379 98
23.1754 0000 95.2288 99
23.2148 0000 95.2241 102
23.2545 0000 95.2216 112
23.2948 0000 95.2236 123
23.3351 0000 95.2256 128
23.3751 0000 95.2254 126
23.4141 0000 95.2184 121
23.4494 0000 95.1849 109
23.4848 0000 95.1513 113
23.5198 0000 95.1155 107
23.5588 0000 95.1086 115
23.5999 0000 95.1173 129
23.6436 0000 95.1437 166
23.6842 0000 95.1479 192
23.7275 0000 95.1721 183
23.7675 0000 95.1719 187
23.8043 0000 95.1494 205
23.8442 0000 95.1492 196
23.8841 0000 95.1489 187
23.9244 0000 95.1509 178
23.9636 0000 95.1462 159
23.9963 0000 95.0949 139
24.0299 0000 95.0503 120
24.0609 0000 94.9880 119
24.0989 0000 94.9744 132
24.1355 0000 94.9520 160
24.1741 0000 94.9429 170
24.2089 0000 94.9073 157
24.2433 0000 94.8694 141
24.2790 0000 94.8404 139
24.3179 0000 94.8335 133
24.3571 0000 94.8289 128
24.3962 0000 94.8242 119
24.4399 0000 94.8506 118
24.4842 0000 94.8813 115
24.5240 0000 94.8811 125
24.5629 0000 94.8742 133
24.6024 0000 94.8718 136
24.6419 0000 94.8694 137
24.6791 0000 94.8514 152
24.7186 0000 94.8490 154
24.7539 0000 94.8178 136
24.7924 0000 94.8087 129
24.8318 0000 94.8063 131
24.8713 0000 94.8039 132
24.9078 0000 94.7815 141
24.9479 0000 94.7835 138
24.9874 0000 94.7811 125
25.0272 0000 94.7809 112
25.0676 0000 94.7851 106
25.1061 0000 94.7760 106
25.1399 0000 94.7360 114
25.1748 0000 94.7027 104
25.2142 0000 94.7002 99
25.2507 0000 94.6780 101
25.2931 0000 94.6954 102
25.3335 0000 94.6996 117
25.3739 0000 94.7038 128
25.4140 0000 94.7058 132
25.4534 0000 94.7034 126
25.4899 0000 94.6811 128
25.5253 0000 94.6522 119
25.5644 0000 94.6476 125
