wt=150858409, DLLFiFo=0
-25.1237 0000 88.8686 269
-25.0850 0000 88.8679 284
-25.0454 0000 88.8611 322
-25.0055 0000 88.8522 361
-24.9664 0000 88.8494 373
-24.9280 0000 88.8508 346
-24.8893 0000 88.8501 318
-24.8503 0000 88.8474 344
-24.8118 0000 88.8487 369
-24.7728 0000 88.8460 330
-24.7347 0000 88.8494 250
-24.6968 0000 88.8549 187
-24.6587 0000 88.8584 143
-24.6232 0000 88.8803 123
-24.5848 0000 88.8817 116
-24.5458 0000 88.8790 131
-24.5067 0000 88.8762 154
-24.4709 0000 88.8961 142
-24.4331 0000 88.9017 124
-24.3940 0000 88.8989 129
-24.3547 0000 88.8941 156
-24.3157 0000 88.8914 168
-24.2723 0000 88.8578 179
-24.2332 0000 88.8551 186
-24.1945 0000 88.8544 164
-24.1560 0000 88.8558 154
-24.1193 0000 88.8695 208
-24.0806 0000 88.8689 248
-24.0447 0000 88.8888 235
-24.0069 0000 88.8943 246
-23.9675 0000 88.8895 246
-23.9282 0000 88.8848 227
-23.8897 0000 88.8862 217
-23.8510 0000 88.8855 214
-23.8097 0000 88.8663 210
-23.7698 0000 88.8574 186
-23.7307 0000 88.8547 192
-23.6928 0000 88.8603 209
-23.6575 0000 88.8843 213
-23.6199 0000 88.8919 239
-23.5811 0000 88.8913 259
-23.5426 0000 88.8927 251
-23.5042 0000 88.8941 203
-23.4654 0000 88.8935 154
-23.4269 0000 88.8949 141
-23.3912 0000 88.9170 192
-23.3547 0000 88.9328 266
-23.3165 0000 88.9363 351
-23.2783 0000 88.9398 369
-23.2392 0000 88.9372 379
-23.1977 0000 88.9159 375
-23.1558 0000 88.8926 391
-23.1154 0000 88.8797 317
-23.0766 0000 88.8791 244
-23.0389 0000 88.8867 198
-23.0015 0000 88.8964 189
-22.9630 0000 88.8979 193
-22.9234 0000 88.8911 184
-22.8841 0000 88.8864 193
-22.8450 0000 88.8837 219
-22.8035 0000 88.8625 211
-22.7647 0000 88.8619 195
-22.7254 0000 88.8572 169
-22.6858 0000 88.8505 144
-22.6503 0000 88.8746 130
-22.6123 0000 88.8802 112
-22.5811 0000 88.9374 109
-22.5434 0000 88.9451 164
-22.5041 0000 88.9404 241
-22.4650 0000 88.9378 257
-22.4259 0000 88.9352 238
-22.3868 0000 88.9325 225
-22.3483 0000 88.9341 204
-22.3103 0000 88.9397 175
-22.2722 0000 88.9453 148
-22.2337 0000 88.9469 134
-22.1973 0000 88.9649 168
-22.1600 0000 88.9768 188
-22.1199 0000 88.9659 185
-22.0810 0000 88.9654 198
-22.0427 0000 88.9690 207
-22.0065 0000 88.9891 221
-21.9690 0000 88.9989 249
-21.9312 0000 89.0067 280
-21.8926 0000 89.0082 255
-21.8535 0000 89.0056 209
-21.8144 0000 89.0031 175
-21.7750 0000 88.9984 153
-21.7354 0000 88.9917 147
-21.6958 0000 88.9850 160
-21.6561 0000 88.9784 176
-21.6170 0000 88.9758 182
-21.5787 0000 88.9794 178
-21.5401 0000 88.9810 166
-21.5015 0000 88.9826 161
-21.4629 0000 88.9842 180
-21.4240 0000 88.9837 247
-21.3849 0000 88.9812 332
-21.3466 0000 88.9848 390
-21.3080 0000 88.9864 428
-21.2688 0000 88.9839 420
-21.2297 0000 88.9813 332
-21.1906 0000 88.9788 242
-21.1497 0000 88.9618 205
-21.1111 0000 88.9634 161
-21.0773 0000 89.0042 167
-21.0414 0000 89.0286 181
-21.0036 0000 89.0364 184
-20.9647 0000 89.0359 190
-20.9250 0000 89.0293 237
-20.8854 0000 89.0226 301
-20.8445 0000 89.0056 320
-20.8049 0000 88.9990 334
-20.7667 0000 89.0047 335
-20.7288 0000 89.0126 342
-20.6905 0000 89.0162 344
-20.6516 0000 89.0158 332
-20.6124 0000 89.0133 307
-20.5735 0000 89.0129 275
-20.5344 0000 89.0103 257
-20.4945 0000 89.0016 286
-20.4556 0000 89.0012 325
-20.4170 0000 89.0028 313
-20.3783 0000 89.0045 276
-20.3402 0000 89.0102 255
-20.3020 0000 89.0160 256
-20.2626 0000 89.0114 293
-20.2232 0000 89.0069 349
-20.1843 0000 89.0065 350
-20.1464 0000 89.0143 308
-20.1082 0000 89.0201 279
-20.0715 0000 89.0382 272
-20.0333 0000 89.0440 250
-19.9949 0000 89.0477 257
-19.9557 0000 89.0452 267
-19.9166 0000 89.0427 258
-19.8784 0000 89.0485 248
-19.8404 0000 89.0564 232
-19.8065 0000 89.0994 218
-19.7671 0000 89.0948 245
-19.7260 0000 89.0758 301
-19.6878 0000 89.0816 269
-19.6461 0000 89.0564 278
-19.6071 0000 89.0559 270
-19.5720 0000 89.0886 216
-19.5342 0000 89.0985 168
-19.4962 0000 89.1064 155
-19.4601 0000 89.1308 145
-19.4232 0000 89.1490 151
-19.3834 0000 89.1403 167
-19.3426 0000 89.1234 176
-19.3039 0000 89.1250 158
-19.2672 0000 89.1453 137
-19.2285 0000 89.1470 145
-19.1900 0000 89.1507 168
-19.1513 0000 89.1523 187
-19.1103 0000 89.1333 185
-19.0693 0000 89.1143 189
-19.0303 0000 89.1139 180
-18.9916 0000 89.1155 180
-18.9552 0000 89.1379 192
-18.9187 0000 89.1602 176
-18.8802 0000 89.1640 168
-18.8410 0000 89.1615 168
-18.8018 0000 89.1590 178
-18.7626 0000 89.1565 172
-18.7235 0000 89.1541 174
-18.6840 0000 89.1495 198
-18.6451 0000 89.1491 216
-18.6063 0000 89.1508 228
-18.5678 0000 89.1545 233
-18.5315 0000 89.1789 198
-18.4932 0000 89.1847 188
-18.4536 0000 89.1781 209
-18.4124 0000 89.1570 237
-18.3732 0000 89.1545 222
-18.3338 0000 89.1499 208
-18.2946 0000 89.1475 201
-18.2563 0000 89.1533 210
-18.2180 0000 89.1591 222
-18.1788 0000 89.1566 219
-18.1394 0000 89.1520 222
-18.1006 0000 89.1537 244
-18.0625 0000 89.1615 254
-18.0274 0000 89.1984 276
-17.9882 0000 89.1959 341
-17.9492 0000 89.1955 347
-17.9102 0000 89.1951 289
-17.8710 0000 89.1926 277
-17.8320 0000 89.1922 295
-17.7938 0000 89.2000 351
-17.7557 0000 89.2079 429
-17.7173 0000 89.2137 438
-17.6785 0000 89.2154 407
-17.6391 0000 89.2108 403
-17.5999 0000 89.2083 420
-17.5611 0000 89.2099 409
-17.5225 0000 89.2137 351
-17.4868 0000 89.2464 289
-17.4516 0000 89.2833 328
-17.4130 0000 89.2870 353
-17.3737 0000 89.2845 367
-17.3343 0000 89.2799 366
-17.2944 0000 89.2712 349
-17.2556 0000 89.2728 332
-17.2178 0000 89.2849 314
-17.1826 0000 89.3239 313
-17.1444 0000 89.3317 332
-17.1064 0000 89.3417 353
-17.0704 0000 89.3724 351
-17.0319 0000 89.3782 362
-16.9925 0000 89.3736 349
-16.9530 0000 89.3690 336
-16.9131 0000 89.3602 340
-16.8692 0000 89.3099 346
-16.8293 0000 89.3012 326
-16.7909 0000 89.3070 294
-16.7578 0000 89.3688 270
-16.7236 0000 89.4183 256
-16.6913 0000 89.4885 245
-16.6568 0000 89.5359 236
-16.6179 0000 89.5376 211
-16.5813 0000 89.5642 181
-16.5434 0000 89.5762 171
-16.5092 0000 89.6279 148
-16.4739 0000 89.6670 122
-16.4410 0000 89.7333 106
-16.4046 0000 89.7621 103
-16.3656 0000 89.7637 98
-16.3276 0000 89.7758 95
-16.2937 0000 89.8317 85
-16.2547 0000 89.8334 79
-16.2050 0000 89.7202 108
-16.1604 0000 89.6613 149
-16.1224 0000 89.6734 121
-16.0886 0000 89.7313 90
-16.0641 0000 89.8897 91
-16.0299 0000 89.9436 122
-15.9924 0000 89.9620 142
-15.9534 0000 89.9636 200
-15.9140 0000 89.9611 289
-15.8732 0000 89.9439 317
-15.8332 0000 89.9351 274
-15.7936 0000 89.9304 181
-15.7540 0000 89.9258 130
-15.7132 0000 89.9086 143
-15.6742 0000 89.9103 202
-15.6349 0000 89.9098 246
-15.5959 0000 89.9114 242
-15.5567 0000 89.9110 231
-15.5172 0000 89.9085 202
-15.4776 0000 89.9038 146
-15.4378 0000 89.8971 107
-15.3967 0000 89.8757 91
-15.3590 0000 89.8920 74
-15.3199 0000 89.8937 59
-15.2856 0000 89.9497 65
-15.2488 0000 89.9765 69
-15.2075 0000 89.9530 77
-15.1697 0000 89.9693 85
-15.1286 0000 89.9479 88
-15.0893 0000 89.9475 101
-15.0490 0000 89.9345 154
-15.0094 0000 89.9298 158
-14.9712 0000 89.9419 106
-14.9328 0000 89.9520 118
-14.8937 0000 89.9536 159
-14.8545 0000 89.9532 149
-14.8154 0000 89.9548 127
-14.7759 0000 89.9523 113
-14.7358 0000 89.9414 101
-14.6960 0000 89.9347 117
-14.6567 0000 89.9342 155
-14.6162 0000 89.9191 191
-14.5771 0000 89.9208 234
-14.5399 0000 89.9455 212
-14.5013 0000 89.9534 155
-14.4627 0000 89.9613 127
-14.4243 0000 89.9714 122
-14.3855 0000 89.9772 125
-14.3468 0000 89.9831 146
-14.3078 0000 89.9868 173
-14.2685 0000 89.9864 169
-14.2285 0000 89.9776 142
-14.1869 0000 89.9478 133
-14.1469 0000 89.9390 122
-14.1079 0000 89.9427 134
-14.0687 0000 89.9423 155
-14.0284 0000 89.9293 151
-13.9889 0000 89.9268 147
-13.9493 0000 89.9222 129
-13.9113 0000 89.9385 130
-13.8720 0000 89.9381 124
-13.8311 0000 89.9167 119
-13.7916 0000 89.9142 146
-13.7525 0000 89.9158 159
-13.7135 0000 89.9196 141
-13.6755 0000 89.9359 132
-13.6367 0000 89.9418 112
-13.5974 0000 89.9414 88
-13.5578 0000 89.9368 82
-13.5185 0000 89.9363 96
-13.4789 0000 89.9317 123
-13.4392 0000 89.9271 162
-13.3998 0000 89.9246 186
-13.3593 0000 89.9095 177
-13.3204 0000 89.9133 173
-13.2823 0000 89.9296 165
-13.2430 0000 89.9292 140
-13.2037 0000 89.9288 134
-13.1639 0000 89.9221 133
-13.1243 0000 89.9175 126
-13.0850 0000 89.9171 113
-13.0461 0000 89.9229 106
-13.0064 0000 89.9162 107
-12.9640 0000 89.8739 100
-12.9245 0000 89.8714 90
-12.8855 0000 89.8752 87
-12.8461 0000 89.8727 81
-12.8065 0000 89.8681 79
-12.7672 0000 89.8677 99
-12.7282 0000 89.8715 133
-12.6892 0000 89.8752 155
-12.6498 0000 89.8748 168
-12.6111 0000 89.8828 149
-12.5714 0000 89.8761 128
-12.5304 0000 89.8527 127
-12.4910 0000 89.8502 125
-12.4505 0000 89.8330 114
-12.4103 0000 89.8201 138
-12.3701 0000 89.8071 184
-12.3320 0000 89.8235 164
-12.2931 0000 89.8293 153
-12.2538 0000 89.8289 140
-12.2144 0000 89.8264 127
-12.1749 0000 89.8240 114
-12.1356 0000 89.8236 105
-12.0970 0000 89.8336 131
-12.0567 0000 89.8186 132
-12.0171 0000 89.8140 121
-11.9766 0000 89.7948 126
-11.9371 0000 89.7923 131
-11.8977 0000 89.7898 163
-11.8575 0000 89.7769 182
-11.8191 0000 89.7890 208
-11.7807 0000 89.8033 179
-11.7406 0000 89.7903 175
-11.7013 0000 89.7900 134
-11.6632 0000 89.8084 95
-11.6243 0000 89.8143 87
-11.5857 0000 89.8244 84
-11.5483 0000 89.8533 92
-11.5103 0000 89.8739 92
-11.4714 0000 89.8798 93
-11.4334 0000 89.9003 102
-11.3942 0000 89.9020 109
-11.3541 0000 89.8891 102
-11.3146 0000 89.8866 101
-11.2754 0000 89.8883 97
-11.2374 0000 89.9089 98
-11.1985 0000 89.9148 99
-11.1591 0000 89.9144 103
-11.1194 0000 89.9077 98
-11.0801 0000 89.9074 86
-11.0410 0000 89.9112 82
-11.0027 0000 89.9276 98
-10.9649 0000 89.9523 116
-10.9256 0000 89.9541 119
-10.8859 0000 89.9474 112
-10.8463 0000 89.9428 117
-10.8067 0000 89.9383 116
-10.7660 0000 89.9148 118
-10.7260 0000 89.9040 116
-10.6852 0000 89.8785 107
-10.6457 0000 89.8760 100
-10.6080 0000 89.9028 105
-10.5689 0000 89.9067 123
-10.5294 0000 89.9042 135
-10.4901 0000 89.9038 127
-10.4510 0000 89.9076 124
-10.4119 0000 89.9114 110
-10.3728 0000 89.9153 88
-10.3338 0000 89.9212 86
-10.2956 0000 89.9418 93
-10.2559 0000 89.9351 116
-10.2160 0000 89.9242 128
-10.1753 0000 89.9008 123
-10.1360 0000 89.9004 102
-10.0970 0000 89.9064 86
-10.0611 0000 89.9668 76
-10.0224 0000 89.9790 89
-9.9831 0000 89.9786 98
-9.9436 0000 89.9761 81
-9.9058 0000 90.0051 69
-9.8682 0000 90.0362 84
-9.8292 0000 90.0421 109
-9.7897 0000 90.0396 131
-9.7500 0000 90.0330 133
-9.7100 0000 90.0221 120
-9.6695 0000 90.0007 110
-9.6301 0000 89.9983 95
-9.5907 0000 89.9979 97
-9.5515 0000 90.0017 103
-9.5125 0000 90.0076 129
-9.4743 0000 90.0282 152
-9.4352 0000 90.0341 142
-9.3962 0000 90.0401 126
-9.3569 0000 90.0418 117
-9.3175 0000 90.0414 129
-9.2784 0000 90.0452 160
-9.2401 0000 90.0658 170
-9.2007 0000 90.0654 215
-9.1610 0000 90.0588 254
-9.1207 0000 90.0395 238
-9.0803 0000 90.0202 158
-9.0412 0000 90.0240 123
-9.0026 0000 90.0383 127
-8.9645 0000 90.0652 145
-8.9254 0000 90.0690 167
-8.8850 0000 90.0477 168
-8.8451 0000 90.0368 142
-8.8057 0000 90.0364 124
-8.7664 0000 90.0381 108
-8.7295 0000 90.0881 93
-8.6917 0000 90.1213 85
-8.6536 0000 90.1483 76
-8.6143 0000 90.1500 94
-8.5741 0000 90.1307 143
-8.5347 0000 90.1303 214
-8.4952 0000 90.1278 242
-8.4555 0000 90.1211 240
-8.4158 0000 90.1144 228
-8.3766 0000 90.1183 206
-8.3375 0000 90.1242 192
-8.2983 0000 90.1280 195
-8.2590 0000 90.1297 202
-8.2194 0000 90.1251 230
-8.1798 0000 90.1205 262
-8.1405 0000 90.1223 258
-8.1017 0000 90.1345 253
-8.0631 0000 90.1509 211
-8.0244 0000 90.1673 205
-7.9839 0000 90.1417 231
-7.9442 0000 90.1350 248
-7.9048 0000 90.1347 212
-7.8662 0000 90.1511 181
-7.8274 0000 90.1654 124
-7.7882 0000 90.1692 98
-7.7488 0000 90.1710 88
-7.7083 0000 90.1433 84
-7.6686 0000 90.1366 79
-7.6293 0000 90.1383 79
-7.5903 0000 90.1463 75
-7.5522 0000 90.1775 81
-7.5128 0000 90.1792 95
-7.4727 0000 90.1620 106
-7.4333 0000 90.1595 114
-7.3936 0000 90.1528 95
-7.3528 0000 90.1188 82
-7.3134 0000 90.1164 82
-7.2741 0000 90.1202 96
-7.2348 0000 90.1219 108
-7.1962 0000 90.1404 91
-7.1567 0000 90.1380 80
-7.1172 0000 90.1355 78
-7.0776 0000 90.1309 89
-7.0374 0000 90.1095 130
-6.9986 0000 90.1239 131
-6.9583 0000 90.1004 117
-6.9178 0000 90.0706 130
-6.8781 0000 90.0618 143
-6.8380 0000 90.0426 151
-6.7983 0000 90.0338 157
-6.7589 0000 90.0313 138
-6.7193 0000 90.0268 141
-6.6799 0000 90.0243 193
-6.6406 0000 90.0260 249
-6.6014 0000 90.0320 252
-6.5623 0000 90.0400 210
-6.5239 0000 90.0669 159
-6.4855 0000 90.0960 173
-6.4464 0000 90.1040 210
-6.4073 0000 90.1121 272
-6.3681 0000 90.1159 330
-6.3284 0000 90.1092 359
-6.2888 0000 90.1026 356
-6.2492 0000 90.0959 309
-6.2097 0000 90.0934 253
-6.1705 0000 90.0994 199
-6.1313 0000 90.1032 141
-6.0919 0000 90.1029 112
-6.0524 0000 90.1004 111
-6.0126 0000 90.0875 136
-5.9733 0000 90.0913 162
-5.9342 0000 90.0993 150
-5.8948 0000 90.0990 123
-5.8556 0000 90.1049 98
-5.8163 0000 90.1088 97
-5.7775 0000 90.1295 120
-5.7384 0000 90.1375 128
-5.6991 0000 90.1414 130
-5.6597 0000 90.1431 125
-5.6204 0000 90.1449 108
-5.5810 0000 90.1466 87
-5.5421 0000 90.1631 87
-5.5025 0000 90.1585 89
-5.4626 0000 90.1393 79
-5.4232 0000 90.1410 82
-5.3840 0000 90.1470 104
-5.3449 0000 90.1592 130
-5.3055 0000 90.1589 166
-5.2659 0000 90.1522 180
-5.2258 0000 90.1267 185
-5.1854 0000 90.0906 173
-5.1456 0000 90.0776 192
-5.1061 0000 90.0731 180
-5.0669 0000 90.0790 176
-5.0276 0000 90.0829 210
-4.9881 0000 90.0804 224
-4.9488 0000 90.0843 205
-4.9098 0000 90.0987 193
-4.8711 0000 90.1277 190
-4.8317 0000 90.1295 156
-4.7922 0000 90.1250 145
-4.7527 0000 90.1225 148
-4.7133 0000 90.1201 190
-4.6735 0000 90.1071 221
-4.6345 0000 90.1236 229
-4.5956 0000 90.1443 162
-4.5564 0000 90.1544 127
-4.5176 0000 90.1814 101
-4.4782 0000 90.1853 85
-4.4389 0000 90.1892 91
-4.3995 0000 90.1888 98
-4.3600 0000 90.1885 107
-4.3206 0000 90.1903 112
-4.2811 0000 90.1857 100
-4.2416 0000 90.1833 92
-4.2022 0000 90.1829 103
-4.1622 0000 90.1573 119
-4.1221 0000 90.1254 162
-4.0826 0000 90.1230 196
-4.0436 0000 90.1416 207
-4.0043 0000 90.1476 228
-3.9649 0000 90.1493 210
-3.9255 0000 90.1511 162
-3.8863 0000 90.1613 134
-3.8474 0000 90.1904 133
-3.8081 0000 90.2006 127
-3.7693 0000 90.2339 147
-3.7298 0000 90.2314 172
-3.6904 0000 90.2332 176
-3.6511 0000 90.2434 156
-3.6122 0000 90.2725 119
-3.5729 0000 90.2827 101
-3.5338 0000 90.3077 112
-3.4945 0000 90.3137 117
-3.4551 0000 90.3197 106
-3.4155 0000 90.3130 102
-3.3759 0000 90.3021 121
-3.3363 0000 90.2976 145
-3.2969 0000 90.3014 160
-3.2575 0000 90.3074 166
-3.2181 0000 90.3092 152
-3.1782 0000 90.2836 120
-3.1385 0000 90.2664 111
-3.0987 0000 90.2387 109
-3.0591 0000 90.2341 117
-3.0194 0000 90.2148 170
-2.9799 0000 90.2124 216
-2.9405 0000 90.2141 172
-2.9010 0000 90.2138 136
-2.8615 0000 90.2114 140
-2.8221 0000 90.2110 134
-2.7828 0000 90.2233 134
-2.7431 0000 90.2082 107
-2.7034 0000 90.1869 100
-2.6638 0000 90.1739 86
-2.6244 0000 90.1715 75
-2.5853 0000 90.2027 79
-2.5456 0000 90.1855 80
-2.5063 0000 90.1936 93
-2.4673 0000 90.2354 102
-2.4278 0000 90.2371 94
-2.3884 0000 90.2389 89
-2.3489 0000 90.2428 100
-2.3095 0000 90.2403 108
-2.2699 0000 90.2358 104
-2.2305 0000 90.2376 96
-2.1911 0000 90.2414 103
-2.1516 0000 90.2432 107
-2.1123 0000 90.2597 92
-2.0728 0000 90.2531 92
-2.0331 0000 90.2338 104
-1.9937 0000 90.2335 109
-1.9542 0000 90.2331 118
-1.9149 0000 90.2560 114
-1.8757 0000 90.2915 127
-1.8363 0000 90.3059 145
-1.7969 0000 90.3119 163
-1.7574 0000 90.3137 158
-1.7179 0000 90.3154 147
-1.6786 0000 90.3362 143
-1.6392 0000 90.3485 166
-1.5997 0000 90.3545 168
-1.5602 0000 90.3457 140
-1.5206 0000 90.3349 124
-1.4811 0000 90.3345 136
-1.4418 0000 90.3743 156
-1.4024 0000 90.3887 172
-1.3631 0000 90.4348 174
-1.3236 0000 90.4451 165
-1.2840 0000 90.4321 153
-1.2445 0000 90.4360 172
-1.2051 0000 90.4547 242
-1.1655 0000 90.4564 306
-1.1261 0000 90.4646 330
-1.0866 0000 90.4854 284
-1.0471 0000 90.4956 235
-1.0076 0000 90.5016 187
-0.9681 0000 90.5224 168
-0.9285 0000 90.5263 137
-0.8890 0000 90.5260 114
-0.8495 0000 90.5236 118
-0.8099 0000 90.5275 140
-0.7704 0000 90.5377 174
-0.7309 0000 90.5395 198
-0.6913 0000 90.5329 184
-0.6518 0000 90.5283 158
-0.6122 0000 90.5280 146
-0.5727 0000 90.5298 132
-0.5332 0000 90.5210 136
-0.4936 0000 90.5143 144
-0.4541 0000 90.4929 127
-0.4146 0000 90.4714 138
-0.3751 0000 90.4690 138
-0.3356 0000 90.4666 131
-0.2961 0000 90.4641 128
-0.2565 0000 90.4638 126
-0.2170 0000 90.4593 132
-0.1775 0000 90.4526 136
-0.1380 0000 90.4438 131
-0.0985 0000 90.4435 140
-0.0590 0000 90.4517 164
-0.0194 0000 90.4556 180
0.0201 0000 90.4468 191
0.0595 0000 90.4359 202
0.0991 0000 90.4377 187
0.1386 0000 90.4374 150
0.1779 0000 90.3927 124
0.2173 0000 90.3819 114
0.2568 0000 90.3815 122
0.2963 0000 90.3791 156
0.3358 0000 90.3767 194
0.3753 0000 90.3785 217
0.4148 0000 90.3803 223
0.4543 0000 90.3799 241
0.4938 0000 90.3775 308
0.5333 0000 90.3772 358
0.5728 0000 90.3769 313
0.6121 0000 90.3449 217
0.6513 0000 90.3108 184
0.6907 0000 90.2957 175
0.7298 0000 90.2533 211
0.7693 0000 90.2550 253
0.8088 0000 90.2589 262
0.8482 0000 90.2565 247
0.8876 0000 90.2478 238
0.9270 0000 90.2369 244
0.9664 0000 90.2303 250
1.0059 0000 90.2342 261
1.0453 0000 90.2318 287
1.0848 0000 90.2293 291
1.1243 0000 90.2332 285
1.1638 0000 90.2350 302
1.2032 0000 90.2347 326
1.2427 0000 90.2344 310
1.2822 0000 90.2341 273
1.3216 0000 90.2316 285
1.3611 0000 90.2334 330
1.4005 0000 90.2331 363
1.4400 0000 90.2370 376
1.4796 0000 90.2430 346
1.5191 0000 90.2469 283
1.5589 0000 90.2698 223
1.5983 0000 90.2695 209
1.6377 0000 90.2649 217
1.6772 0000 90.2646 224
1.7167 0000 90.2685 222
1.7562 0000 90.2682 227
1.7957 0000 90.2700 222
1.8354 0000 90.2866 225
1.8748 0000 90.2862 228
1.9144 0000 90.2901 238
1.9539 0000 90.2962 240
1.9934 0000 90.2937 227
2.0328 0000 90.2934 209
2.0724 0000 90.3015 198
2.1120 0000 90.3054 181
2.1514 0000 90.3051 162
2.1909 0000 90.3069 156
2.2311 0000 90.3488 158
2.2706 0000 90.3506 164
2.3101 0000 90.3503 173
2.3491 0000 90.3246 182
2.3881 0000 90.2948 179
2.4273 0000 90.2840 208
2.4659 0000 90.2352 244
2.5053 0000 90.2349 282
2.5452 0000 90.2556 279
2.5846 0000 90.2532 279
2.6239 0000 90.2466 268
2.6633 0000 90.2441 244
2.7027 0000 90.2396 212
2.7416 0000 90.2161 211
2.7811 0000 90.2158 212
2.8200 0000 90.1902 196
2.8592 0000 90.1773 209
2.8987 0000 90.1812 227
2.9384 0000 90.1935 251
2.9782 0000 90.2122 307
3.0178 0000 90.2182 325
3.0577 0000 90.2389 285
3.0973 0000 90.2492 244
3.1370 0000 90.2615 220
3.1769 0000 90.2780 256
3.2160 0000 90.2630 243
3.2552 0000 90.2542 215
3.2939 0000 90.2244 205
3.3332 0000 90.2178 201
3.3726 0000 90.2154 239
3.4117 0000 90.2025 311
3.4507 0000 90.1832 313
3.4896 0000 90.1640 338
3.5288 0000 90.1532 331
3.5680 0000 90.1465 313
3.6074 0000 90.1441 311
3.6466 0000 90.1375 288
3.6861 0000 90.1393 270
3.7258 0000 90.1516 324
3.7658 0000 90.1766 330
3.8059 0000 90.1994 371
3.8453 0000 90.2012 345
3.8848 0000 90.2030 279
3.9243 0000 90.2069 226
3.9639 0000 90.2151 179
4.0034 0000 90.2169 136
4.0428 0000 90.2166 119
4.0823 0000 90.2184 118
4.1215 0000 90.2117 125
4.1608 0000 90.2072 143
4.2005 0000 90.2175 153
4.2401 0000 90.2235 145
4.2794 0000 90.2211 135
4.3186 0000 90.2124 135
4.3575 0000 90.1952 141
4.3974 0000 90.2118 107
4.4378 0000 90.2451 102
4.4783 0000 90.2806 105
4.5185 0000 90.3077 114
4.5580 0000 90.3095 122
4.5975 0000 90.3114 121
4.6363 0000 90.2921 124
4.6763 0000 90.3086 130
4.7156 0000 90.3062 116
4.7542 0000 90.2807 116
4.7931 0000 90.2635 129
4.8330 0000 90.2780 167
4.8727 0000 90.2861 214
4.9134 0000 90.3258 254
4.9531 0000 90.3340 291
4.9927 0000 90.3379 311
5.0322 0000 90.3418 296
5.0723 0000 90.3605 256
5.1113 0000 90.3496 292
5.1509 0000 90.3536 316
5.1911 0000 90.3744 303
5.2312 0000 90.3951 367
5.2709 0000 90.4012 396
5.3104 0000 90.4030 359
5.3499 0000 90.4048 325
5.3896 0000 90.4130 342
5.4291 0000 90.4148 358
5.4682 0000 90.4060 384
5.5073 0000 90.3952 428
5.5461 0000 90.3780 394
5.5852 0000 90.3693 372
5.6241 0000 90.3543 361
5.6634 0000 90.3519 259
5.7031 0000 90.3579 212
5.7433 0000 90.3787 229
5.7834 0000 90.3953 153
5.8229 0000 90.3992 106
5.8635 0000 90.4284 96
5.9035 0000 90.4429 86
5.9449 0000 90.4933 85
5.9859 0000 90.5331 84
6.0269 0000 90.5709 102
6.0665 0000 90.5748 114
6.1068 0000 90.5935 119
6.1468 0000 90.6081 143
6.1874 0000 90.6353 162
6.2278 0000 90.6561 197
6.2677 0000 90.6664 211
6.3076 0000 90.6767 225
6.3469 0000 90.6722 224
6.3859 0000 90.6592 232
6.4253 0000 90.6568 247
6.4653 0000 90.6692 224
6.5062 0000 90.7028 176
6.5472 0000 90.7364 190
6.5872 0000 90.7488 190
6.6271 0000 90.7570 170
6.6669 0000 90.7631 147
6.7081 0000 90.8030 141
6.7481 0000 90.8134 164
6.7879 0000 90.8194 207
6.8277 0000 90.8255 222
6.8686 0000 90.8549 187
6.9084 0000 90.8610 150
6.9481 0000 90.8650 124
6.9878 0000 90.8668 103
7.0274 0000 90.8687 90
7.0670 0000 90.8684 79
7.1065 0000 90.8681 72
7.1465 0000 90.8784 77
7.1886 0000 90.9333 92
7.2289 0000 90.9479 115
7.2696 0000 90.9731 159
7.3102 0000 90.9941 192
7.3503 0000 91.0044 230
7.3914 0000 91.0382 226
7.4331 0000 91.0804 289
7.4744 0000 91.1163 318
7.5150 0000 91.1373 375
7.5547 0000 91.1392 347
7.5946 0000 91.1453 286
7.6348 0000 91.1557 243
7.6755 0000 91.1788 213
7.7160 0000 91.1956 213
7.7557 0000 91.1974 174
7.7954 0000 91.1993 130
7.8345 0000 91.1884 105
7.8740 0000 91.1860 88
7.9133 0000 91.1793 88
7.9527 0000 91.1748 131
7.9923 0000 91.1745 171
8.0314 0000 91.1657 216
8.0718 0000 91.1804 234
8.1119 0000 91.1886 184
8.1523 0000 91.2033 97
8.1932 0000 91.2286 62
8.2364 0000 91.2965 53
8.2823 0000 91.4137 54
8.3273 0000 91.5138 70
8.3691 0000 91.5542 93
8.4114 0000 91.6032 125
8.4519 0000 91.6179 154
8.4943 0000 91.6669 179
8.5351 0000 91.6859 204
8.5762 0000 91.7113 210
8.6172 0000 91.7347 246
8.6577 0000 91.7473 246
8.6981 0000 91.7599 250
8.7390 0000 91.7810 243
8.7790 0000 91.7851 233
8.8186 0000 91.7827 205
8.8585 0000 91.7846 193
8.8997 0000 91.8100 209
8.9404 0000 91.8269 207
8.9831 0000 91.8782 215
9.0235 0000 91.8887 233
9.0636 0000 91.8949 245
9.1035 0000 91.8968 237
9.1436 0000 91.9029 204
9.1852 0000 91.9349 172
9.2251 0000 91.9368 154
9.2650 0000 91.9387 142
9.3050 0000 91.9427 130
9.3449 0000 91.9446 128
9.3843 0000 91.9379 153
9.4236 0000 91.9290 202
9.4635 0000 91.9309 246
9.5035 0000 91.9350 263
9.5438 0000 91.9433 245
9.5842 0000 91.9538 220
9.6246 0000 91.9643 216
9.6667 0000 92.0027 222
9.7073 0000 92.0153 217
9.7477 0000 92.0258 183
9.7879 0000 92.0320 149
9.8289 0000 92.0511 172
9.8688 0000 92.0530 220
9.9075 0000 92.0356 264
9.9472 0000 92.0331 328
9.9875 0000 92.0415 377
10.0289 0000 92.0671 397
10.0695 0000 92.0797 381
10.1100 0000 92.0902 354
10.1511 0000 92.1115 316
10.1929 0000 92.1414 329
10.2338 0000 92.1583 272
10.2741 0000 92.1667 219
10.3163 0000 92.2031 208
10.3571 0000 92.2179 219
10.3982 0000 92.2371 225
10.4401 0000 92.2691 228
10.4801 0000 92.2710 226
10.5203 0000 92.2773 209
10.5623 0000 92.3094 177
10.6043 0000 92.3415 179
10.6460 0000 92.3693 162
10.6860 0000 92.3712 168
10.7257 0000 92.3688 195
10.7640 0000 92.3448 255
10.8037 0000 92.3424 294
10.8435 0000 92.3421 301
10.8835 0000 92.3440 284
10.9239 0000 92.3524 255
10.9643 0000 92.3608 222
11.0046 0000 92.3670 196
11.0461 0000 92.3905 199
11.0877 0000 92.4162 187
11.1285 0000 92.4289 199
11.1702 0000 92.4546 211
11.2118 0000 92.4803 177
11.2525 0000 92.4909 170
11.2926 0000 92.4949 156
11.3327 0000 92.4969 143
11.3741 0000 92.5182 158
11.4145 0000 92.5267 162
11.4561 0000 92.5502 149
11.4965 0000 92.5565 151
11.5370 0000 92.5649 159
11.5768 0000 92.5646 166
11.6172 0000 92.5709 171
11.6590 0000 92.5966 188
11.7001 0000 92.6137 167
11.7408 0000 92.6243 183
11.7811 0000 92.6305 204
11.8212 0000 92.6325 193
11.8620 0000 92.6452 191
11.9035 0000 92.6666 242
11.9442 0000 92.6772 227
11.9845 0000 92.6813 233
12.0247 0000 92.6854 235
12.0649 0000 92.6895 202
12.1051 0000 92.6936 187
12.1445 0000 92.6869 186
12.1844 0000 92.6867 156
12.2246 0000 92.6908 138
12.2648 0000 92.6949 135
12.3064 0000 92.7163 133
12.3468 0000 92.7226 118
12.3868 0000 92.7245 125
12.4264 0000 92.7199 143
12.4651 0000 92.7045 149
12.5050 0000 92.7043 170
12.5440 0000 92.6932 185
12.5836 0000 92.6887 200
12.6238 0000 92.6928 214
12.6640 0000 92.6969 229
12.7044 0000 92.7032 230
12.7460 0000 92.7246 217
12.7861 0000 92.7266 182
12.8273 0000 92.7437 158
12.8660 0000 92.7283 166
12.9052 0000 92.7194 160
12.9437 0000 92.7018 144
12.9839 0000 92.7059 154
13.0236 0000 92.7035 190
13.0631 0000 92.6989 233
13.1030 0000 92.6987 242
13.1434 0000 92.7050 244
13.1854 0000 92.7308 269
13.2250 0000 92.7284 240
13.2631 0000 92.7065 183
13.3025 0000 92.6998 144
13.3418 0000 92.6930 120
13.3814 0000 92.6906 117
13.4213 0000 92.6904 121
13.4612 0000 92.6902 131
13.5005 0000 92.6835 150
13.5378 0000 92.6529 203
13.5752 0000 92.6245 224
13.6143 0000 92.6157 250
13.6540 0000 92.6133 249
13.6934 0000 92.6087 234
13.7299 0000 92.5695 229
13.7674 0000 92.5412 224
13.8042 0000 92.5064 209
13.8421 0000 92.4845 247
13.8810 0000 92.4735 253
13.9197 0000 92.4603 261
13.9570 0000 92.4320 274
13.9960 0000 92.4232 287
14.0354 0000 92.4186 324
14.0748 0000 92.4141 366
14.1138 0000 92.4052 391
14.1530 0000 92.3985 394
14.1922 0000 92.3918 382
14.2320 0000 92.3916 352
14.2721 0000 92.3957 288
14.3117 0000 92.3933 218
14.3478 0000 92.3521 189
14.3873 0000 92.3497 191
14.4282 0000 92.3624 197
14.4680 0000 92.3622 170
14.5081 0000 92.3663 147
14.5476 0000 92.3639 129
14.5846 0000 92.3334 117
14.6212 0000 92.2987 138
14.6586 0000 92.2726 141
14.6977 0000 92.2659 173
14.7373 0000 92.2635 193
14.7772 0000 92.2655 183
14.8167 0000 92.2631 177
14.8552 0000 92.2499 166
14.8905 0000 92.2023 152
14.9290 0000 92.1891 139
14.9645 0000 92.1437 133
15.0042 0000 92.1435 138
15.0436 0000 92.1411 141
15.0827 0000 92.1344 137
15.1222 0000 92.1320 130
15.1618 0000 92.1318 124
15.2029 0000 92.1466 125
15.2405 0000 92.1248 120
15.2800 0000 92.1225 145
15.3196 0000 92.1222 166
15.3595 0000 92.1241 180
15.3989 0000 92.1217 195
15.4386 0000 92.1215 202
15.4780 0000 92.1191 202
15.5172 0000 92.1146 189
15.5566 0000 92.1122 163
15.5963 0000 92.1119 148
15.6359 0000 92.1117 141
15.6760 0000 92.1157 135
15.7158 0000 92.1176 133
15.7554 0000 92.1174 135
15.7948 0000 92.1150 142
15.8336 0000 92.1061 147
15.8707 0000 92.0801 141
15.9083 0000 92.0584 145
15.9472 0000 92.0517 125
15.9864 0000 92.0471 127
16.0258 0000 92.0447 163
16.0656 0000 92.0466 186
16.1061 0000 92.0550 181
16.1463 0000 92.0612 185
16.1852 0000 92.0545 183
16.2240 0000 92.0456 159
16.2631 0000 92.0411 149
16.3023 0000 92.0365 170
16.3421 0000 92.0384 200
16.3821 0000 92.0425 211
16.4219 0000 92.0444 206
16.4619 0000 92.0484 208
16.5039 0000 92.0718 197
16.5461 0000 92.0974 209
16.5863 0000 92.1035 190
16.6261 0000 92.1054 166
16.6657 0000 92.1052 162
16.7053 0000 92.1049 170
16.7429 0000 92.0853 150
16.7803 0000 92.0636 143
16.8192 0000 92.0569 126
16.8585 0000 92.0545 112
16.8976 0000 92.0499 96
16.9365 0000 92.0433 75
16.9699 0000 91.9829 61
17.0119 0000 92.0062 58
17.0483 0000 91.9759 58
17.0878 0000 91.9757 60
17.1307 0000 92.0076 65
17.1736 0000 92.0396 71
17.2134 0000 92.0415 92
17.2504 0000 92.0176 92
17.2961 0000 92.0753 91
17.3420 0000 92.1352 102
17.3822 0000 92.1414 113
17.4220 0000 92.1433 127
17.4641 0000 92.1667 129
17.5048 0000 92.1772 138
17.5464 0000 92.1963 162
17.5862 0000 92.1982 163
17.6265 0000 92.2044 157
17.6686 0000 92.2278 141
17.7086 0000 92.2318 129
17.7507 0000 92.2553 125
17.7938 0000 92.2873 122
17.8313 0000 92.2676 134
17.8715 0000 92.2738 160
17.9120 0000 92.2822 174
17.9511 0000 92.2776 170
17.9895 0000 92.2666 171
18.0263 0000 92.2405 179
18.0653 0000 92.2359 154
18.1051 0000 92.2378 138
18.1451 0000 92.2419 149
18.1859 0000 92.2524 169
18.2268 0000 92.2650 199
18.2685 0000 92.2841 257
18.3081 0000 92.2839 274
18.3474 0000 92.2815 266
18.3867 0000 92.2790 242
18.4277 0000 92.2917 208
18.4675 0000 92.2936 231
18.5070 0000 92.2933 267
18.5473 0000 92.2995 260
18.5883 0000 92.3122 211
18.6305 0000 92.3356 182
18.6703 0000 92.3375 151
18.7096 0000 92.3351 138
18.7491 0000 92.3348 129
18.7892 0000 92.3388 127
18.8312 0000 92.3601 129
18.8719 0000 92.3706 139
18.9172 0000 92.4199 166
18.9575 0000 92.4261 199
18.9982 0000 92.4366 202
19.0385 0000 92.4428 216
19.0783 0000 92.4447 253
19.1176 0000 92.4423 284
19.1539 0000 92.4140 296
19.1920 0000 92.4008 310
19.2318 0000 92.4027 277
19.2720 0000 92.4089 223
19.3141 0000 92.4302 194
19.3549 0000 92.4407 161
19.4003 0000 92.4900 143
19.4416 0000 92.5049 136
19.4842 0000 92.5305 149
19.5268 0000 92.5561 162
19.5666 0000 92.5580 197
19.6046 0000 92.5448 219
19.6442 0000 92.5445 236
19.6866 0000 92.5680 246
19.7274 0000 92.5786 251
19.7695 0000 92.5999 224
19.8120 0000 92.6234 195
19.8528 0000 92.6339 157
19.8934 0000 92.6423 139
19.9335 0000 92.6464 131
19.9744 0000 92.6569 135
20.0197 0000 92.7042 140
20.0595 0000 92.7061 142
20.0999 0000 92.7123 141
20.1405 0000 92.7207 133
20.1835 0000 92.7486 137
20.2268 0000 92.7786 132
20.2680 0000 92.7914 144
20.3107 0000 92.8171 159
20.3511 0000 92.8233 146
20.3937 0000 92.8469 123
20.4306 0000 92.8250 126
20.4701 0000 92.8247 137
20.5116 0000 92.8396 149
20.5517 0000 92.8437 168
20.5921 0000 92.8500 178
20.6317 0000 92.8497 187
20.6721 0000 92.8560 198
20.7158 0000 92.8882 182
20.7600 0000 92.9248 179
20.8012 0000 92.9376 163
20.8433 0000 92.9569 169
20.8831 0000 92.9588 159
20.9230 0000 92.9607 149
20.9648 0000 92.9779 130
21.0050 0000 92.9820 126
21.0451 0000 92.9861 137
21.0850 0000 92.9880 157
21.1249 0000 92.9899 165
21.1650 0000 92.9941 166
21.2049 0000 92.9960 166
21.2442 0000 92.9936 151
21.2841 0000 92.9955 140
21.3236 0000 92.9953 139
21.3658 0000 93.0146 145
21.4087 0000 93.0405 133
21.4492 0000 93.0468 123
21.4893 0000 93.0509 110
21.5258 0000 93.0268 107
21.5679 0000 93.0461 99
21.6081 0000 93.0502 107
21.6488 0000 93.0587 118
21.6890 0000 93.0628 131
21.7286 0000 93.0626 152
21.7681 0000 93.0624 172
21.8074 0000 93.0600 187
21.8464 0000 93.0555 209
21.8857 0000 93.0531 219
21.9253 0000 93.0529 203
21.9649 0000 93.0527 184
22.0047 0000 93.0547 156
22.0475 0000 93.0784 125
22.0908 0000 93.1064 99
22.1313 0000 93.1128 96
22.1749 0000 93.1430 97
22.2151 0000 93.1472 97
22.2547 0000 93.1470 105
22.2940 0000 93.1446 106
22.3333 0000 93.1423 103
22.3725 0000 93.1399 114
22.4097 0000 93.1223 121
22.4490 0000 93.1200 136
22.4874 0000 93.1111 158
22.5260 0000 93.1044 169
22.5665 0000 93.1107 158
22.6072 0000 93.1193 152
22.6468 0000 93.1191 147
22.6857 0000 93.1146 139
22.7253 0000 93.1144 136
22.7651 0000 93.1164 139
22.8043 0000 93.1141 149
22.8427 0000 93.1052 155
22.8792 0000 93.0834 145
22.9187 0000 93.0832 147
22.9552 0000 93.0613 160
22.9941 0000 93.0568 173
23.0330 0000 93.0524 189
23.0722 0000 93.0500 203
23.1118 0000 93.0499 217
23.1516 0000 93.0519 241
23.1920 0000 93.0583 257
23.2318 0000 93.0603 240
23.2710 0000 93.0580 205
23.3102 0000 93.0557 177
23.3497 0000 93.0556 169
23.3889 0000 93.0533 175
23.4275 0000 93.0466 180
23.4654 0000 93.0357 185
23.5046 0000 93.0334 201
23.5447 0000 93.0376 216
23.5842 0000 93.0374 205
23.6218 0000 93.0243 189
23.6554 0000 92.9830 205
23.6946 0000 92.9807 224
23.7331 0000 92.9741 220
23.7713 0000 92.9653 222
23.8098 0000 92.9587 229
23.8493 0000 92.9586 228
23.8863 0000 92.9412 234
23.9223 0000 92.9173 182
23.9608 0000 92.9107 159
23.9993 0000 92.9041 150
24.0375 0000 92.8953 150
24.0760 0000 92.8887 159
24.1120 0000 92.8649 152
24.1483 0000 92.8431 168
24.1867 0000 92.8366 185
24.2249 0000 92.8278 192
24.2634 0000 92.8213 194
24.3031 0000 92.8233 215
24.3422 0000 92.8211 230
24.3785 0000 92.7994 237
24.4137 0000 92.7713 192
24.4512 0000 92.7582 172
24.4897 0000 92.7517 140
24.5259 0000 92.7301 114
24.5573 0000 92.6761 91
24.5955 0000 92.6674 87
24.6339 0000 92.6609 101
24.6685 0000 92.6285 113
24.7030 0000 92.5961 131
24.7405 0000 92.5831 137
24.7770 0000 92.5637 146
24.8166 0000 92.5658 183
24.8557 0000 92.5636 199
24.8944 0000 92.5592 171
24.9325 0000 92.5506 145
24.9699 0000 92.5376 130
25.0018 0000 92.4881 119
25.0392 0000 92.4752 119
25.0714 0000 92.4279 120
25.1091 0000 92.4171 120
25.1446 0000 92.3913 135
25.1832 0000 92.3870 134
25.2209 0000 92.3762 125
