wt=151750670, DLLFiFo=0
-22.8771 0000 73.8189 149
-22.8405 0000 73.8098 147
-22.8007 0000 73.7786 151
-22.7652 0000 73.7763 136
-22.7325 0000 73.7927 109
-22.7047 0000 73.8414 95
-22.6884 0000 73.9667 95
-22.6592 0000 74.0070 104
-22.6288 0000 74.0388 97
-22.5937 0000 74.0399 83
-22.5574 0000 74.0325 71
-22.5178 0000 74.0030 67
-22.4817 0000 73.9973 63
-22.4398 0000 73.9524 61
-22.4030 0000 73.9416 60
-22.3639 0000 73.9155 64
-22.3254 0000 73.8928 64
-22.2888 0000 73.8837 70
-22.2526 0000 73.8763 72
-22.2148 0000 73.8588 70
-22.1798 0000 73.8599 75
-22.1455 0000 73.8661 75
-22.1137 0000 73.8893 72
-22.0854 0000 73.9363 64
-22.0563 0000 73.9783 63
-22.0294 0000 74.0356 69
-22.0005 0000 74.0793 77
-21.9694 0000 74.1077 90
-21.9388 0000 74.1395 82
-21.9076 0000 74.1679 80
-21.8794 0000 74.2169 70
-21.8521 0000 74.2726 66
-21.8290 0000 74.3575 77
-21.8007 0000 74.4065 87
-21.7695 0000 74.4351 91
-21.7377 0000 74.4602 124
-21.7025 0000 74.4613 151
-21.6691 0000 74.4744 151
-21.6314 0000 74.4584 157
-21.5953 0000 74.4526 173
-21.5579 0000 74.4383 183
-21.5181 0000 74.4069 187
-21.4774 0000 74.3687 158
-21.4384 0000 74.3424 121
-21.3927 0000 74.2683 82
-21.3401 0000 74.1448 82
-21.3002 0000 74.1118 97
-21.2622 0000 74.0925 112
-21.2273 0000 74.0953 108
-21.1946 0000 74.1134 96
-21.1564 0000 74.0924 117
-21.1175 0000 74.0662 133
-21.0810 0000 74.0571 142
-21.0443 0000 74.0463 137
-21.0108 0000 74.0593 127
-21.0155 0000 74.3489 105
-21.0041 0000 74.5230 141
-20.9720 0000 74.5464 144
-20.9396 0000 74.5681 154
-20.9039 0000 74.5658 166
-20.8673 0000 74.5566 198
-20.8264 0000 74.5166 252
-20.7905 0000 74.5125 312
-20.7551 0000 74.5119 347
-20.7201 0000 74.5148 347
-20.6856 0000 74.5210 348
-20.6501 0000 74.5204 334
-20.6140 0000 74.5147 274
-20.5728 0000 74.4712 221
-20.5369 0000 74.4672 197
-20.5010 0000 74.4632 184
-20.4653 0000 74.4609 178
-20.4267 0000 74.4363 185
-20.3876 0000 74.4083 175
-20.3490 0000 74.3837 173
-20.3163 0000 74.4037 169
-20.2818 0000 74.4099 182
-20.2498 0000 74.4350 186
-20.2142 0000 74.4327 178
-20.1783 0000 74.4286 181
-20.1426 0000 74.4263 190
-20.1068 0000 74.4223 194
-20.0711 0000 74.4200 197
-20.0359 0000 74.4211 205
-20.0014 0000 74.4274 210
-19.9718 0000 74.4713 210
-19.9366 0000 74.4724 210
-19.8958 0000 74.4307 206
-19.8575 0000 74.4078 192
-19.8214 0000 74.4021 190
-19.7831 0000 74.3792 179
-19.7477 0000 74.3786 166
-19.7151 0000 74.4003 154
-19.6832 0000 74.4271 161
-19.6484 0000 74.4316 165
-19.6154 0000 74.4499 170
-19.5800 0000 74.4493 170
-19.5450 0000 74.4521 176
-19.5100 0000 74.4549 182
-19.4767 0000 74.4715 197
-19.4415 0000 74.4726 209
-19.4065 0000 74.4754 230
-19.3712 0000 74.4766 235
-19.3354 0000 74.4725 217
-19.2999 0000 74.4719 200
-19.2649 0000 74.4748 193
-19.2316 0000 74.4913 170
-19.1991 0000 74.5147 159
-19.1665 0000 74.5365 133
-19.1250 0000 74.4878 123
-19.0887 0000 74.4804 131
-19.0571 0000 74.5107 151
-19.0257 0000 74.5427 149
-18.9968 0000 74.5953 154
-18.9649 0000 74.6239 170
-18.9285 0000 74.6165 179
-18.8899 0000 74.5901 178
-18.8483 0000 74.5398 169
-18.8111 0000 74.5254 171
-18.7706 0000 74.4837 166
-18.7351 0000 74.4831 155
-18.7001 0000 74.4860 144
-18.6652 0000 74.4905 139
-18.6324 0000 74.5123 131
-18.5955 0000 74.4997 122
-18.5625 0000 74.5197 131
-18.5264 0000 74.5140 124
-18.4909 0000 74.5134 139
-18.4581 0000 74.5351 142
-18.4255 0000 74.5586 140
-18.3931 0000 74.5838 145
-18.3580 0000 74.5866 141
-18.3200 0000 74.5655 138
-18.2820 0000 74.5443 122
-18.2470 0000 74.5472 124
-18.2143 0000 74.5706 139
-18.1786 0000 74.5684 137
-18.1384 0000 74.5283 119
-18.1009 0000 74.5106 97
-18.0593 0000 74.4586 84
-18.0232 0000 74.4529 78
-17.9895 0000 74.4678 78
-17.9542 0000 74.4689 72
-17.9167 0000 74.4512 75
-17.8790 0000 74.4318 71
-17.8431 0000 74.4278 76
-17.8072 0000 74.4239 90
-17.7719 0000 74.4250 96
-17.7364 0000 74.4245 94
-17.7045 0000 74.4548 95
-17.6695 0000 74.4594 101
-17.6323 0000 74.4434 111
-17.5958 0000 74.4343 146
-17.5595 0000 74.4269 180
-17.5226 0000 74.4144 178
-17.4892 0000 74.4327 178
-17.4543 0000 74.4373 164
-17.4192 0000 74.4402 144
-17.3848 0000 74.4499 115
-17.3571 0000 74.5180 105
-17.3240 0000 74.5398 137
-17.2887 0000 74.5410 141
-17.2535 0000 74.5439 125
-17.2149 0000 74.5159 123
-17.1761 0000 74.4862 155
-17.1382 0000 74.4650 142
-17.0998 0000 74.4388 139
-17.0601 0000 74.4005 135
-17.0191 0000 74.3503 153
-16.9830 0000 74.3446 168
-16.9477 0000 74.3458 179
-16.9122 0000 74.3453 185
-16.8746 0000 74.3259 183
-16.8376 0000 74.3117 147
-16.8013 0000 74.3043 119
-16.7645 0000 74.2918 116
-16.7284 0000 74.2861 119
-16.6922 0000 74.2788 134
-16.6550 0000 74.2628 142
-16.6191 0000 74.2589 168
-16.5834 0000 74.2567 166
-16.5479 0000 74.2561 131
-16.5128 0000 74.2590 90
-16.4866 0000 74.3458 68
-16.4695 0000 74.5168 94
-16.4367 0000 74.5421 124
-16.4031 0000 74.5604 144
-16.3654 0000 74.5393 160
-16.3261 0000 74.5044 130
-16.2807 0000 74.4113 119
-16.2363 0000 74.3268 145
-16.1986 0000 74.3057 170
-16.1631 0000 74.3052 166
-16.1272 0000 74.3012 159
-16.0924 0000 74.3075 163
-16.0576 0000 74.3139 176
-16.0219 0000 74.3116 171
-15.9869 0000 74.3162 165
-15.9556 0000 74.3568 196
-15.9217 0000 74.3718 240
-15.8872 0000 74.3815 247
-15.8539 0000 74.4033 232
-15.8189 0000 74.4079 209
-15.7846 0000 74.4194 173
-15.7518 0000 74.4463 157
-15.7179 0000 74.4613 129
-15.6828 0000 74.4659 109
-15.6499 0000 74.4911 92
-15.6211 0000 74.5576 80
-15.5904 0000 74.6052 97
-15.5555 0000 74.6116 116
-15.5190 0000 74.6024 130
-15.4830 0000 74.5985 151
-15.4483 0000 74.6066 162
-15.4149 0000 74.6284 169
-15.3822 0000 74.6571 157
-15.3474 0000 74.6652 155
-15.3116 0000 74.6630 144
-15.2755 0000 74.6573 139
-15.2397 0000 74.6551 141
-15.2026 0000 74.6391 144
-15.1668 0000 74.6368 135
-15.1306 0000 74.6311 126
-15.0915 0000 74.5945 111
-15.0528 0000 74.5630 120
-15.0134 0000 74.5230 132
-14.9771 0000 74.5156 136
-14.9407 0000 74.5065 136
-14.9046 0000 74.5008 133
-14.8691 0000 74.5020 125
-14.8340 0000 74.5066 125
-14.7998 0000 74.5198 126
-14.7663 0000 74.5417 142
-14.7307 0000 74.5411 148
-14.6964 0000 74.5544 127
-14.6588 0000 74.5332 122
-14.6209 0000 74.5087 109
-14.5849 0000 74.5030 108
-14.5493 0000 74.5025 106
-14.5138 0000 74.5037 102
-14.4782 0000 74.5031 95
-14.4407 0000 74.4820 101
-14.4048 0000 74.4781 104
-14.3708 0000 74.4947 103
-14.3358 0000 74.5011 130
-14.3005 0000 74.5040 176
-14.2635 0000 74.4880 191
-14.2295 0000 74.5047 208
-14.1959 0000 74.5265 178
-14.1625 0000 74.5501 158
-14.1266 0000 74.5461 123
-14.0891 0000 74.5250 100
-14.0518 0000 74.5055 108
-14.0141 0000 74.4827 110
-13.9781 0000 74.4770 116
-13.9426 0000 74.4782 118
-13.9096 0000 74.5069 128
-13.8776 0000 74.5459 144
-13.8460 0000 74.5902 191
-13.8117 0000 74.6051 175
-13.7782 0000 74.6287 148
-13.7431 0000 74.6334 148
-13.6972 0000 74.5176 122
-13.6596 0000 74.4947 129
-13.6361 0000 74.6318 177
-13.5999 0000 74.6244 190
-13.5627 0000 74.6067 165
-13.5267 0000 74.6010 134
-13.4805 0000 74.4802 97
-13.4398 0000 74.4213 89
-13.3947 0000 74.3110 97
-13.3635 0000 74.3602 92
-13.3283 0000 74.3648 94
-13.2880 0000 74.3094 111
-13.2500 0000 74.2798 153
-13.2138 0000 74.2724 190
-13.1759 0000 74.2445 187
-13.1398 0000 74.2372 204
-13.1051 0000 74.2469 199
-13.0714 0000 74.2687 179
-13.0366 0000 74.2768 144
-13.0045 0000 74.3174 114
-12.9722 0000 74.3563 94
-12.9401 0000 74.3970 111
-12.9075 0000 74.4326 133
-12.8723 0000 74.4372 146
-12.8370 0000 74.4401 157
-12.8013 0000 74.4379 150
-12.7661 0000 74.4426 129
-12.7331 0000 74.4747 144
-12.6978 0000 74.4777 162
-12.6628 0000 74.4840 144
-12.6288 0000 74.5042 132
-12.5950 0000 74.5260 130
-12.5590 0000 74.5204 155
-12.5206 0000 74.4855 164
-12.4861 0000 74.4987 147
-12.4553 0000 74.5584 140
-12.4251 0000 74.6268 122
-12.3936 0000 74.6780 103
-12.3575 0000 74.6723 99
-12.3189 0000 74.6339 109
-12.2797 0000 74.5887 113
-12.2439 0000 74.5864 106
-12.2085 0000 74.5894 104
-12.1741 0000 74.6044 132
-12.1383 0000 74.6022 168
-12.1021 0000 74.5948 192
-12.0665 0000 74.5943 178
-12.0330 0000 74.6214 142
-11.9997 0000 74.6519 132
-11.9645 0000 74.6583 140
-11.9294 0000 74.6647 155
-11.8949 0000 74.6797 188
-11.8591 0000 74.6775 191
-11.8222 0000 74.6598 170
-11.7865 0000 74.6593 164
-11.7513 0000 74.6657 148
-11.7175 0000 74.6893 133
-11.6832 0000 74.7078 111
-11.6490 0000 74.7263 127
-11.6137 0000 74.7310 138
-11.5791 0000 74.7460 149
-11.5452 0000 74.7697 162
-11.5094 0000 74.7675 167
-11.4735 0000 74.7635 154
-11.4394 0000 74.7855 148
-11.4047 0000 74.7988 150
-11.3702 0000 74.8139 151
-11.3348 0000 74.8186 149
-11.2999 0000 74.8285 149
-11.2673 0000 74.8712 161
-11.2327 0000 74.8863 173
-11.1999 0000 74.9273 178
-11.1652 0000 74.9406 199
-11.1304 0000 74.9540 273
-11.0941 0000 74.9448 306
-11.0567 0000 74.9219 262
-11.0204 0000 74.9127 215
-10.9831 0000 74.8898 182
-10.9462 0000 74.8720 144
-10.9103 0000 74.8698 137
-10.8744 0000 74.8658 151
-10.8382 0000 74.8584 182
-10.8028 0000 74.8631 223
-10.7683 0000 74.8800 288
-10.7340 0000 74.9002 371
-10.6982 0000 74.8997 382
-10.6624 0000 74.8975 390
-10.6267 0000 74.8970 378
-10.5906 0000 74.8914 311
-10.5545 0000 74.8857 228
-10.5173 0000 74.8627 167
-10.4796 0000 74.8329 155
-10.4436 0000 74.8272 168
-10.4084 0000 74.8354 181
-10.3734 0000 74.8453 159
-10.3377 0000 74.8448 131
-10.3015 0000 74.8374 111
-10.2639 0000 74.8075 89
-10.2261 0000 74.7760 82
-10.1879 0000 74.7358 90
-10.1501 0000 74.7025 103
-10.1129 0000 74.6796 140
-10.0767 0000 74.6705 143
-10.0415 0000 74.6769 130
-10.0103 0000 74.7472 102
-9.9805 0000 74.8400 124
-9.9471 0000 74.8758 149
-9.9115 0000 74.8771 143
-9.8758 0000 74.8783 147
-9.8399 0000 74.8744 169
-9.8041 0000 74.8722 174
-9.7682 0000 74.8700 161
-9.7315 0000 74.8540 141
-9.6973 0000 74.8777 119
-9.6637 0000 74.9118 114
-9.6309 0000 74.9598 124
-9.5956 0000 74.9663 145
-9.5601 0000 74.9710 158
-9.5254 0000 74.9879 161
-9.4882 0000 74.9631 133
-9.4518 0000 74.9523 117
-9.4132 0000 74.9034 111
-9.3771 0000 74.8977 121
-9.3414 0000 74.8972 125
-9.3048 0000 74.8829 126
-9.2690 0000 74.8807 131
-9.2332 0000 74.8785 135
-9.1998 0000 74.9196 138
-9.1657 0000 74.9468 135
-9.1301 0000 74.9498 144
-9.0943 0000 74.9476 156
-9.0583 0000 74.9437 163
-9.0228 0000 74.9467 165
-8.9886 0000 74.9740 165
-8.9516 0000 74.9510 174
-8.9155 0000 74.9453 177
-8.8797 0000 74.9449 176
-8.8443 0000 74.9496 166
-8.8097 0000 74.9699 154
-8.7725 0000 74.9435 144
-8.7364 0000 74.9379 135
-8.6981 0000 74.8907 135
-8.6622 0000 74.8868 135
-8.6255 0000 74.8690 124
-8.5897 0000 74.8668 119
-8.5540 0000 74.8681 120
-8.5195 0000 74.8901 120
-8.4838 0000 74.8914 122
-8.4477 0000 74.8840 124
-8.4107 0000 74.8594 121
-8.3762 0000 74.8832 121
-8.3438 0000 74.9468 138
-8.3106 0000 74.9965 183
-8.2749 0000 74.9978 216
-8.2388 0000 74.9905 225
-8.2009 0000 74.9484 208
-8.1647 0000 74.9393 170
-8.1277 0000 74.9147 134
-8.0892 0000 74.8606 101
-8.0501 0000 74.7944 87
-8.0103 0000 74.7128 88
-7.9733 0000 74.6865 86
-7.9375 0000 74.6826 96
-7.9019 0000 74.6856 115
-7.8665 0000 74.6904 133
-7.8308 0000 74.6916 133
-7.7953 0000 74.6947 113
-7.7617 0000 74.7391 102
-7.7278 0000 74.7767 119
-7.6939 0000 74.8143 129
-7.6601 0000 74.8536 142
-7.6247 0000 74.8619 152
-7.5899 0000 74.8822 144
-7.5543 0000 74.8835 141
-7.5183 0000 74.8796 145
-7.4825 0000 74.8775 155
-7.4467 0000 74.8770 172
-7.4110 0000 74.8766 181
-7.3750 0000 74.8727 171
-7.3382 0000 74.8481 166
-7.3024 0000 74.8477 148
-7.2671 0000 74.8576 123
-7.2324 0000 74.8815 105
-7.1978 0000 74.9070 87
-7.1631 0000 74.9308 85
-7.1276 0000 74.9373 84
-7.0931 0000 74.9664 83
-7.0583 0000 74.9885 90
-7.0226 0000 74.9898 97
-6.9859 0000 74.9686 100
-6.9497 0000 74.9578 97
-6.9118 0000 74.9089 89
-6.8761 0000 74.9085 86
-6.8423 0000 74.9566 88
-6.8067 0000 74.9614 89
-6.7720 0000 74.9870 101
-6.7373 0000 75.0126 120
-6.7030 0000 75.0504 203
-6.6673 0000 75.0517 356
-6.6316 0000 75.0548 464
-6.5961 0000 75.0614 492
-6.5604 0000 75.0644 510
-6.5245 0000 75.0623 466
-6.4892 0000 75.0758 324
-6.4538 0000 75.0859 259
-6.4183 0000 75.0941 229
-6.3826 0000 75.0972 195
-6.3467 0000 75.0934 179
-6.3108 0000 75.0913 181
-6.2751 0000 75.0944 189
-6.2392 0000 75.0923 194
-6.2024 0000 75.0676 179
-6.1665 0000 75.0655 172
-6.1300 0000 75.0460 183
-6.0939 0000 75.0370 180
-6.0579 0000 75.0331 175
-6.0223 0000 75.0363 178
-5.9872 0000 75.0584 187
-5.9525 0000 75.0876 166
-5.9185 0000 75.1393 163
-5.8828 0000 75.1442 158
-5.8470 0000 75.1438 149
-5.8109 0000 75.1382 139
-5.7741 0000 75.1084 119
-5.7362 0000 75.0490 101
-5.6974 0000 74.9585 96
-5.6607 0000 74.9321 102
-5.6247 0000 74.9249 115
-5.5896 0000 74.9453 110
-5.5539 0000 74.9484 109
-5.5201 0000 75.0087 107
-5.4872 0000 75.1003 117
-5.4537 0000 75.1729 135
-5.4187 0000 75.2004 161
-5.3824 0000 75.1862 183
-5.3454 0000 75.1493 187
-5.3080 0000 75.0986 205
-5.2720 0000 75.0931 183
-5.2356 0000 75.0736 162
-5.1991 0000 75.0490 142
-5.1625 0000 75.0226 135
-5.1258 0000 74.9946 128
-5.0904 0000 75.0081 137
-5.0547 0000 75.0095 147
-5.0195 0000 75.0317 135
-4.9838 0000 75.0366 131
-4.9487 0000 75.0605 139
-4.9130 0000 75.0637 169
-4.8772 0000 75.0651 197
-4.8415 0000 75.0682 209
-4.8057 0000 75.0696 213
-4.7694 0000 75.0537 224
-4.7341 0000 75.0724 210
-4.6984 0000 75.0756 214
-4.6625 0000 75.0735 204
-4.6260 0000 75.0471 185
-4.5888 0000 74.9931 190
-4.5528 0000 74.9875 205
-4.5176 0000 75.0080 216
-4.4825 0000 75.0389 201
-4.4468 0000 75.0438 202
-4.4110 0000 75.0417 201
-4.3757 0000 75.0622 194
-4.3400 0000 75.0671 177
-4.3037 0000 75.0494 168
-4.2679 0000 75.0508 155
-4.2330 0000 75.0904 156
-4.1978 0000 75.1161 150
-4.1621 0000 75.1227 152
-4.1264 0000 75.1259 163
-4.0905 0000 75.1221 175
-4.0546 0000 75.1200 191
-4.0188 0000 75.1214 206
-3.9830 0000 75.1228 204
-3.9471 0000 75.1225 200
-3.9113 0000 75.1222 198
-3.8758 0000 75.1375 199
-3.8399 0000 75.1354 190
-3.8037 0000 75.1177 177
-3.7679 0000 75.1191 169
-3.7321 0000 75.1223 162
-3.6967 0000 75.1411 172
-3.6609 0000 75.1425 169
-3.6250 0000 75.1422 168
-3.5892 0000 75.1418 174
-3.5534 0000 75.1432 185
-3.5176 0000 75.1464 196
-3.4819 0000 75.1513 200
-3.4464 0000 75.1718 194
-3.4110 0000 75.1958 219
-3.3755 0000 75.2163 212
-3.3398 0000 75.2230 208
-3.3040 0000 75.2244 216
-3.2681 0000 75.2240 221
-3.2323 0000 75.2237 213
-3.1963 0000 75.2182 217
-3.1601 0000 75.1952 234
-3.1239 0000 75.1723 198
-3.0879 0000 75.1650 190
-3.0520 0000 75.1595 199
-3.0158 0000 75.1401 203
-2.9799 0000 75.1345 184
-2.9440 0000 75.1290 175
-2.9081 0000 75.1269 187
-2.8724 0000 75.1318 226
-2.8368 0000 75.1523 251
-2.8011 0000 75.1572 277
-2.7652 0000 75.1552 285
-2.7291 0000 75.1357 295
-2.6930 0000 75.1146 264
-2.6570 0000 75.1038 246
-2.6208 0000 75.0774 247
-2.5845 0000 75.0389 254
-2.5486 0000 75.0299 269
-2.5128 0000 75.0279 276
-2.4770 0000 75.0345 281
-2.4416 0000 75.0637 259
-2.4064 0000 75.1154 260
-2.3711 0000 75.1655 268
-2.3358 0000 75.2086 272
-2.3001 0000 75.2205 262
-2.2643 0000 75.2271 243
-2.2289 0000 75.2668 231
-2.1930 0000 75.2699 229
-2.1570 0000 75.2540 239
-2.1211 0000 75.2502 230
-2.0852 0000 75.2429 213
-2.0493 0000 75.2373 191
-2.0134 0000 75.2370 176
-1.9776 0000 75.2419 183
-1.9418 0000 75.2451 198
-1.9059 0000 75.2465 202
-1.8702 0000 75.2618 188
-1.8343 0000 75.2598 186
-1.7985 0000 75.2612 179
-1.7625 0000 75.2417 162
-1.7264 0000 75.2136 160
-1.6907 0000 75.2324 171
-1.6548 0000 75.2303 184
-1.6191 0000 75.2561 196
-1.5833 0000 75.2610 222
-1.5476 0000 75.2868 240
-1.5118 0000 75.2917 272
-1.4760 0000 75.3123 291
-1.4402 0000 75.3155 297
-1.4043 0000 75.3151 321
-1.3684 0000 75.3131 309
-1.3325 0000 75.3128 257
-1.2966 0000 75.2985 186
-1.2606 0000 75.2738 171
-1.2247 0000 75.2596 177
-1.1887 0000 75.2332 179
-1.1528 0000 75.2294 182
-1.1170 0000 75.2273 176
-1.0810 0000 75.2079 172
-1.0452 0000 75.2041 144
-1.0092 0000 75.1777 115
-0.9733 0000 75.1444 112
-0.9374 0000 75.1249 107
-0.9016 0000 75.1264 106
-0.8658 0000 75.1278 109
-0.8300 0000 75.1744 110
-0.7941 0000 75.1498 108
-0.7583 0000 75.1425 116
-0.7224 0000 75.1492 132
-0.6866 0000 75.1715 158
-0.6508 0000 75.1538 177
-0.6149 0000 75.1778 175
-0.5791 0000 75.1966 154
-0.5432 0000 75.1998 150
-0.5074 0000 75.2273 150
-0.4715 0000 75.2409 156
-0.4356 0000 75.2615 171
-0.3997 0000 75.2786 208
-0.3638 0000 75.2801 213
-0.3280 0000 75.2624 182
-0.2922 0000 75.2377 169
-0.2563 0000 75.2357 166
-0.2204 0000 75.2388 176
-0.1845 0000 75.2751 196
-0.1486 0000 75.2748 213
-0.1128 0000 75.2536 202
-0.0770 0000 75.2307 215
-0.0412 0000 75.2217 216
-0.0053 0000 75.2179 203
0.0306 0000 75.2228 182
0.0664 0000 75.2295 162
0.1024 0000 75.2553 156
0.1384 0000 75.2777 142
0.1743 0000 75.2809 152
0.2103 0000 75.3032 156
0.2463 0000 75.3169 171
0.2824 0000 75.3584 186
0.3183 0000 75.3564 191
0.3542 0000 75.3561 188
0.3901 0000 75.3593 179
0.4261 0000 75.3660 164
0.4623 0000 75.4111 157
0.4985 0000 75.4562 161
0.5345 0000 75.4611 170
0.5704 0000 75.4556 186
0.6059 0000 75.4082 204
0.6417 0000 75.3974 209
0.6775 0000 75.3762 220
0.7132 0000 75.3620 208
0.7492 0000 75.3635 220
0.7852 0000 75.3806 254
0.8212 0000 75.3873 268
0.8572 0000 75.3923 284
0.8932 0000 75.4094 261
0.9293 0000 75.4179 225
0.9654 0000 75.4438 209
1.0014 0000 75.4470 217
1.0373 0000 75.4467 232
1.0732 0000 75.4395 225
1.1091 0000 75.4357 220
1.1450 0000 75.4407 215
1.1813 0000 75.4666 188
1.2175 0000 75.4926 187
1.2538 0000 75.5185 180
1.2903 0000 75.5637 190
1.3265 0000 75.5757 202
1.3631 0000 75.6244 210
1.3991 0000 75.6259 217
1.4350 0000 75.6239 217
1.4710 0000 75.6236 217
1.5073 0000 75.6461 219
1.5432 0000 75.6406 225
1.5784 0000 75.5913 243
1.6144 0000 75.5928 236
1.6505 0000 75.5978 233
1.6865 0000 75.6010 265
1.7225 0000 75.6025 320
1.7584 0000 75.6023 355
1.7944 0000 75.6037 344
1.8303 0000 75.6000 299
1.8656 0000 75.5595 241
1.9014 0000 75.5488 180
1.9365 0000 75.5013 135
1.9724 0000 75.4958 120
2.0084 0000 75.4991 120
2.0448 0000 75.5268 122
2.0815 0000 75.5685 139
2.1184 0000 75.6190 163
2.1547 0000 75.6362 191
2.1912 0000 75.6640 209
2.2276 0000 75.6830 240
2.2636 0000 75.6845 250
2.2997 0000 75.6895 253
2.3361 0000 75.7121 241
2.3726 0000 75.7346 262
2.4087 0000 75.7379 278
2.4447 0000 75.7394 278
2.4808 0000 75.7427 260
2.5168 0000 75.7459 241
2.5533 0000 75.7685 229
2.5894 0000 75.7700 218
2.6254 0000 75.7715 220
2.6619 0000 75.7941 221
2.6981 0000 75.7991 242
2.7346 0000 75.8217 257
2.7706 0000 75.8232 265
2.8066 0000 75.8230 265
2.8426 0000 75.8192 270
2.8789 0000 75.8330 306
2.9145 0000 75.8135 315
2.9504 0000 75.8115 315
2.9858 0000 75.7850 306
3.0212 0000 75.7585 264
3.0559 0000 75.7074 205
3.0904 0000 75.6511 192
3.1265 0000 75.6562 194
3.1626 0000 75.6594 213
3.1993 0000 75.6872 220
3.2366 0000 75.7361 218
3.2726 0000 75.7394 207
3.3081 0000 75.7199 193
3.3440 0000 75.7162 161
3.3789 0000 75.6774 129
3.4123 0000 75.5844 129
3.4469 0000 75.5335 146
3.4826 0000 75.5246 180
3.5185 0000 75.5244 195
3.5547 0000 75.5329 192
3.5907 0000 75.5362 182
3.6266 0000 75.5342 160
3.6624 0000 75.5323 138
3.6985 0000 75.5373 120
3.7346 0000 75.5406 99
3.7705 0000 75.5404 79
3.8065 0000 75.5420 70
3.8424 0000 75.5418 70
3.8772 0000 75.5066 72
3.9112 0000 75.4418 89
3.9462 0000 75.4155 139
3.9816 0000 75.3978 188
4.0172 0000 75.3907 250
4.0529 0000 75.3835 284
4.0883 0000 75.3693 270
4.1234 0000 75.3430 184
4.1572 0000 75.2801 136
4.1917 0000 75.2399 112
4.2260 0000 75.1945 88
4.2788 0000 75.6987 77
4.3140 0000 75.6757 90
4.3505 0000 75.6913 102
4.3866 0000 75.6964 117
4.4229 0000 75.7049 131
4.4594 0000 75.7223 128
4.4940 0000 75.6836 128
4.5297 0000 75.6764 126
4.5647 0000 75.6482 110
4.5993 0000 75.6113 117
4.6329 0000 75.5464 166
4.6672 0000 75.5008 239
4.7029 0000 75.4954 282
4.7385 0000 75.4865 303
4.7743 0000 75.4828 300
4.8105 0000 75.4914 254
4.8481 0000 75.5384 203
4.8864 0000 75.6011 174
4.9247 0000 75.6639 169
4.9625 0000 75.7110 158
4.9991 0000 75.7284 147
5.0359 0000 75.7510 144
5.0720 0000 75.7525 121
5.1087 0000 75.7734 87
5.1461 0000 75.8083 67
5.1844 0000 75.8660 58
5.2214 0000 75.8921 65
5.2572 0000 75.8885 78
5.2929 0000 75.8813 77
5.3279 0000 75.8548 63
5.3630 0000 75.8353 49
5.4013 0000 75.8895 44
0.0000 0000 0.0000 0
5.4907 0000 76.3116 54
5.5176 0000 76.0894 63
5.5508 0000 76.0224 79
5.5864 0000 76.0134 86
5.6211 0000 75.9816 82
5.6559 0000 75.9533 73
5.6912 0000 75.9356 68
5.7288 0000 75.9741 74
5.7658 0000 75.9967 88
5.8018 0000 75.9966 114
5.8370 0000 75.9771 155
5.8719 0000 75.9523 194
5.9075 0000 75.9434 242
5.9432 0000 75.9379 272
5.9791 0000 75.9360 272
6.0149 0000 75.9306 245
6.0506 0000 75.9234 216
6.0867 0000 75.9267 192
6.1246 0000 75.9687 167
6.1635 0000 76.0318 164
6.2010 0000 76.0651 193
6.2380 0000 76.0843 247
6.2749 0000 76.1035 252
6.3112 0000 76.1103 269
6.3480 0000 76.1260 324
6.3843 0000 76.1311 351
6.4207 0000 76.1398 354
6.4570 0000 76.1449 317
6.4929 0000 76.1430 255
6.5300 0000 76.1640 190
6.5684 0000 76.2131 164
6.6050 0000 76.2253 131
6.6415 0000 76.2340 97
6.6800 0000 76.2849 76
6.7163 0000 76.2901 68
6.7923 0000 77.0969 87
6.8274 0000 77.0736 128
6.8634 0000 77.0698 182
6.8988 0000 77.0519 214
6.9350 0000 77.0517 244
6.9721 0000 77.0694 242
7.0087 0000 77.0763 252
7.0461 0000 77.0976 279
7.0828 0000 77.1063 266
7.1203 0000 77.1311 213
7.1578 0000 77.1559 190
7.2007 0000 77.2826 155
7.2401 0000 77.3432 159
7.2734 0000 77.2858 164
7.3045 0000 77.1874 176
7.3371 0000 77.1177 193
7.3732 0000 77.1157 184
7.4092 0000 77.1120 156
7.4444 0000 77.0922 117
7.4808 0000 77.0956 75
7.5185 0000 77.1222 57
7.5564 0000 77.1524 44
7.5943 0000 77.1826 39
7.6305 0000 77.1824 40
7.6653 0000 77.1555 41
7.7014 0000 77.1518 44
7.7376 0000 77.1516 50
7.7740 0000 77.1550 61
7.8106 0000 77.1602 67
7.8481 0000 77.1833 61
7.8874 0000 77.2367 61
7.9255 0000 77.2687 66
7.9619 0000 77.2721 84
7.9978 0000 77.2648 113
8.0314 0000 77.2182 163
8.0669 0000 77.2056 235
8.1032 0000 77.2072 277
8.1398 0000 77.2124 274
8.1762 0000 77.2159 254
8.2136 0000 77.2354 220
8.2514 0000 77.2602 232
8.2883 0000 77.2708 208
8.3252 0000 77.2814 193
8.3620 0000 77.2901 162
8.4124 0000 77.5263 109
8.4589 0000 77.6949 117
8.5024 0000 77.8134 166
8.5385 0000 77.8079 180
8.5736 0000 77.7880 184
8.6087 0000 77.7662 147
8.6402 0000 77.6870 121
8.6728 0000 77.6258 111
8.7019 0000 77.5090 118
8.7369 0000 77.4874 132
8.7721 0000 77.4693 147
8.8080 0000 77.4638 182
8.8443 0000 77.4636 194
8.8835 0000 77.5083 187
8.9228 0000 77.5566 181
8.9625 0000 77.6085 191
9.0004 0000 77.6335 194
9.0370 0000 77.6369 168
9.0733 0000 77.6368 137
9.1085 0000 77.6187 113
9.1438 0000 77.6024 96
9.1768 0000 77.5520 101
9.2123 0000 77.5393 103
9.2473 0000 77.5195 94
9.2853 0000 77.5444 99
9.3239 0000 77.5784 105
9.3618 0000 77.6034 151
9.3983 0000 77.6050 207
9.4345 0000 77.6031 263
9.4694 0000 77.5814 273
9.5051 0000 77.5723 257
9.5418 0000 77.5776 208
9.5809 0000 77.6187 170
9.6199 0000 77.6581 137
9.6584 0000 77.6903 131
9.6950 0000 77.6938 130
9.7316 0000 77.6973 125
9.7678 0000 77.6953 126
9.8052 0000 77.7114 157
9.8420 0000 77.7166 194
9.8784 0000 77.7183 234
9.9148 0000 77.7182 253
9.9512 0000 77.7199 247
9.9880 0000 77.7251 242
10.0244 0000 77.7268 250
10.0608 0000 77.7267 247
10.0970 0000 77.7248 224
10.1331 0000 77.7211 211
10.1693 0000 77.7191 205
10.2059 0000 77.7226 180
10.2452 0000 77.7639 152
10.2835 0000 77.7907 132
10.3238 0000 77.8446 135
10.3680 0000 77.9526 141
10.4099 0000 78.0283 183
10.4469 0000 78.0372 230
10.4840 0000 78.0461 265
10.5236 0000 78.0893 289
10.5611 0000 78.1037 284
10.6006 0000 78.1451 271
10.6378 0000 78.1559 250
10.6745 0000 78.1594 210
10.7123 0000 78.1773 179
10.7492 0000 78.1826 153
10.7860 0000 78.1880 141
10.8226 0000 78.1897 147
10.8593 0000 78.1932 158
10.8992 0000 78.2383 161
10.9378 0000 78.2671 166
10.9762 0000 78.2924 159
11.0145 0000 78.3158 156
11.0492 0000 78.2940 136
11.0817 0000 78.2414 121
11.1152 0000 78.2033 108
11.1491 0000 78.1706 107
11.1854 0000 78.1687 110
11.2202 0000 78.1487 135
11.2547 0000 78.1233 161
11.2907 0000 78.1177 193
11.3267 0000 78.1122 206
11.3612 0000 78.0886 190
11.3952 0000 78.0578 179
11.4314 0000 78.0559 147
11.4683 0000 78.0612 124
11.5273 0000 78.3451 110
11.5687 0000 78.4067 123
11.6118 0000 78.4883 138
11.6483 0000 78.4881 148
11.6850 0000 78.4917 155
11.7217 0000 78.4934 161
11.7565 0000 78.4733 178
11.7930 0000 78.4732 178
11.8310 0000 78.4913 177
11.8675 0000 78.4912 155
11.9040 0000 78.4911 150
11.9426 0000 78.5164 153
11.9798 0000 78.5254 178
12.0202 0000 78.5725 197
12.0575 0000 78.5815 215
12.0962 0000 78.6087 223
12.1349 0000 78.6340 240
12.1722 0000 78.6430 236
12.2130 0000 78.6939 235
12.2536 0000 78.7429 232
12.2906 0000 78.7483 238
12.3292 0000 78.7719 244
12.3701 0000 78.8228 251
12.4072 0000 78.8300 245
12.4439 0000 78.8317 235
12.4803 0000 78.8298 226
12.5149 0000 78.8060 216
12.5511 0000 78.8023 219
12.5875 0000 78.8003 218
12.6226 0000 78.7838 223
12.6613 0000 78.8093 245
12.6984 0000 78.8146 272
12.7351 0000 78.8164 338
12.7710 0000 78.8090 452
12.8054 0000 78.7852 521
12.8415 0000 78.7796 619
12.8782 0000 78.7814 709
12.9149 0000 78.7831 753
12.9512 0000 78.7812 729
12.9876 0000 78.7792 672
13.0244 0000 78.7828 608
13.0621 0000 78.7955 536
13.0976 0000 78.7844 344
13.1320 0000 78.7607 255
13.1654 0000 78.7260 185
13.1965 0000 78.6658 148
13.2267 0000 78.5967 146
13.2630 0000 78.5948 155
13.2998 0000 78.5983 153
13.3396 0000 78.6346 146
13.3766 0000 78.6399 135
13.4173 0000 78.6853 123
13.4596 0000 78.7489 124
13.4976 0000 78.7652 131
13.5389 0000 78.8162 135
13.5781 0000 78.8452 149
13.6170 0000 78.8707 152
13.6535 0000 78.8706 157
13.6901 0000 78.8705 152
13.7264 0000 78.8686 153
13.7624 0000 78.8630 167
13.7990 0000 78.8629 186
13.8362 0000 78.8702 197
13.8753 0000 78.8974 187
13.9122 0000 78.9010 193
13.9485 0000 78.8991 196
13.9847 0000 78.8953 192
14.0212 0000 78.8953 181
14.0575 0000 78.8934 166
14.0937 0000 78.8896 162
14.1281 0000 78.8677 173
14.1646 0000 78.8676 161
14.2036 0000 78.8930 140
14.2401 0000 78.8930 144
14.2765 0000 78.8910 139
14.3112 0000 78.8727 147
14.3495 0000 78.8909 137
14.3844 0000 78.8744 142
14.4205 0000 78.8707 153
14.4568 0000 78.8688 155
14.4935 0000 78.8705 149
14.5284 0000 78.8540 133
14.5642 0000 78.8467 99
14.6003 0000 78.8430 85
14.6386 0000 78.8611 84
14.6753 0000 78.8629 92
14.7118 0000 78.8628 98
14.7477 0000 78.8572 107
14.7822 0000 78.8371 112
14.8109 0000 78.7606 85
14.8366 0000 78.6550 73
14.8531 0000 78.4589 79
14.8839 0000 78.4045 82
14.9181 0000 78.3827 87
14.9561 0000 78.3989 88
14.9906 0000 78.3807 83
15.0266 0000 78.3771 83
15.0624 0000 78.3716 80
15.0935 0000 78.3208 80
15.1298 0000 78.3208 81
15.1660 0000 78.3189 81
15.2001 0000 78.2971 85
15.2359 0000 78.2916 81
15.2665 0000 78.2373 80
15.3009 0000 78.2192 80
15.3313 0000 78.1632 79
15.3621 0000 78.1108 95
15.3973 0000 78.0999 118
15.4297 0000 78.0638 126
15.4654 0000 78.0583 116
15.5017 0000 78.0583 102
15.5382 0000 78.0600 96
15.5743 0000 78.0581 90
15.6100 0000 78.0527 84
15.6460 0000 78.0508 82
15.6846 0000 78.0724 84
15.7248 0000 78.1084 86
15.7640 0000 78.1354 110
15.8021 0000 78.1516 123
15.8350 0000 78.1209 140
15.8696 0000 78.1046 158
15.9025 0000 78.0739 162
15.9354 0000 78.0432 184
15.9693 0000 78.0215 180
16.0030 0000 77.9980 197
16.0379 0000 77.9853 189
16.0739 0000 77.9835 161
16.1110 0000 77.9906 117
16.1502 0000 78.0176 88
16.1913 0000 78.0608 68
16.2450 0000 78.2177 61
16.2930 0000 78.3225 74
16.3323 0000 78.3496 87
16.3664 0000 78.3297 96
16.4023 0000 78.3260 92
16.4378 0000 78.3187 82
16.4705 0000 78.2861 69
16.4968 0000 78.1975 55
16.5127 0000 78.0171 56
16.5296 0000 77.8460 74
16.5628 0000 77.8190 93
16.5961 0000 77.7938 118
16.6298 0000 77.7722 179
16.6656 0000 77.7686 237
16.7010 0000 77.7613 255
16.7337 0000 77.7308 238
16.7680 0000 77.7146 243
16.8027 0000 77.7019 239
16.8354 0000 77.6714 211
16.8686 0000 77.6462 234
16.9050 0000 77.6480 231
16.9413 0000 77.6497 214
16.9781 0000 77.6550 189
17.0166 0000 77.6747 162
17.0548 0000 77.6926 162
17.0916 0000 77.6979 141
17.1280 0000 77.6997 129
17.1639 0000 77.6978 128
17.2026 0000 77.7193 115
17.2404 0000 77.7336 116
17.2825 0000 77.7839 122
17.3199 0000 77.7946 130
17.3553 0000 77.7874 147
17.3855 0000 77.7371 173
17.4178 0000 77.7047 183
17.4475 0000 77.6508 197
17.4787 0000 77.6096 208
17.5093 0000 77.5629 212
17.5452 0000 77.5611 219
17.5841 0000 77.5843 215
17.6240 0000 77.6166 177
17.6692 0000 77.6918 161
17.7118 0000 77.7456 173
17.7490 0000 77.7546 190
17.7858 0000 77.7599 200
17.8248 0000 77.7832 186
17.8642 0000 77.8101 171
17.9017 0000 77.8209 147
17.9319 0000 77.7723 126
17.9621 0000 77.7238 115
17.9638 0000 77.4425 116
17.9961 0000 77.4121 119
18.0315 0000 77.4067 133
18.0636 0000 77.3745 140
18.0985 0000 77.3656 148
18.1334 0000 77.3566 154
18.1668 0000 77.3352 145
18.2048 0000 77.3512 160
18.2426 0000 77.3655 149
18.2839 0000 77.4084 134
18.3218 0000 77.4226 126
18.3627 0000 77.4620 119
18.3992 0000 77.4655 124
18.4365 0000 77.4762 132
18.4759 0000 77.5030 128
18.5149 0000 77.5263 95
18.5482 0000 77.5048 87
18.5838 0000 77.5012 101
18.6178 0000 77.4851 125
18.6538 0000 77.4851 146
18.6866 0000 77.4600 153
18.7210 0000 77.4475 154
18.7536 0000 77.4207 159
18.7885 0000 77.4118 151
18.8242 0000 77.4100 129
18.8577 0000 77.3904 89
18.8911 0000 77.3707 69
18.9303 0000 77.3957 61
18.9663 0000 77.3957 54
19.0052 0000 77.4189 54
19.0414 0000 77.4207 55
19.0769 0000 77.4171 58
19.1122 0000 77.4118 69
19.1442 0000 77.3815 85
19.1769 0000 77.3565 103
19.2121 0000 77.3511 122
19.2478 0000 77.3494 130
19.2819 0000 77.3351 147
19.3157 0000 77.3191 141
19.3507 0000 77.3120 142
19.3854 0000 77.3031 136
19.4176 0000 77.2746 132
19.4504 0000 77.2514 168
19.4846 0000 77.2390 191
19.5191 0000 77.2283 193
19.5550 0000 77.2284 170
19.5920 0000 77.2373 149
19.6262 0000 77.2248 146
19.6614 0000 77.2195 160
19.6958 0000 77.2089 167
19.7257 0000 77.1644 184
19.7575 0000 77.1342 186
19.7902 0000 77.1112 199
19.8246 0000 77.1005 192
19.8560 0000 77.0686 195
19.8897 0000 77.0527 188
19.9240 0000 77.0420 178
19.9606 0000 77.0474 130
19.9961 0000 77.0457 97
20.0985 0000 77.5317 65
20.1344 0000 77.5318 54
0.0000 0000 0.0000 0
0.0000 0000 0.0000 0
0.0000 0000 0.0000 0
0.0000 0000 0.0000 0
20.2862 0000 77.3321 40
20.3221 0000 77.3321 44
20.3577 0000 77.3304 47
20.3938 0000 77.3322 55
20.4326 0000 77.3536 65
20.4711 0000 77.3732 72
20.5147 0000 77.4285 70
20.5648 0000 77.5302 69
20.6120 0000 77.6106 80
20.6476 0000 77.6089 102
20.6802 0000 77.5856 121
20.7161 0000 77.5857 135
20.7517 0000 77.5839 142
20.7868 0000 77.5786 147
20.8194 0000 77.5554 154
20.8555 0000 77.5572 154
20.8911 0000 77.5554 149
20.9267 0000 77.5537 137
20.9594 0000 77.5322 119
20.9881 0000 77.4823 109
21.0135 0000 77.4092 105
21.0257 0000 77.2454 112
21.0538 0000 77.1921 138
21.0880 0000 77.1815 164
21.1209 0000 77.1620 164
21.1584 0000 77.1744 186
21.1980 0000 77.2011 178
21.2369 0000 77.2225 166
21.2786 0000 77.2634 152
21.3153 0000 77.2705 148
21.3526 0000 77.2813 162
21.3892 0000 77.2866 178
21.4231 0000 77.2742 170
21.4510 0000 77.2209 165
21.4823 0000 77.1907 192
21.5167 0000 77.1818 198
21.5519 0000 77.1783 190
21.5878 0000 77.1801 179
21.6277 0000 77.2085 159
21.6682 0000 77.2406 172
21.7052 0000 77.2495 177
21.7415 0000 77.2531 184
21.7775 0000 77.2549 199
21.8129 0000 77.2531 231
21.8454 0000 77.2318 253
21.8793 0000 77.2194 270
21.9094 0000 77.1821 269
21.9421 0000 77.1626 274
21.9736 0000 77.1342 295
22.0074 0000 77.1217 281
22.0417 0000 77.1129 283
22.0774 0000 77.1129 266
22.1122 0000 77.1076 203
22.1482 0000 77.1094 172
22.1865 0000 77.1272 155
22.2230 0000 77.1326 123
22.2576 0000 77.1255 113
22.2924 0000 77.1202 116
22.3289 0000 77.1255 109
22.3656 0000 77.1327 101
22.4010 0000 77.1309 91
22.4364 0000 77.1292 77
22.4693 0000 77.1114 73
22.5047 0000 77.1097 72
22.5404 0000 77.1097 76
22.5763 0000 77.1115 85
22.6152 0000 77.1328 93
22.6550 0000 77.1595 73
22.6951 0000 77.1880 68
22.7352 0000 77.2165 52
22.8265 0000 77.5751 50
22.8617 0000 77.5716 59
22.8969 0000 77.5680 72
22.9324 0000 77.5663 86
