wt=151764853, DLLFiFo=0
-22.9227 0000 74.1186 113
-22.8876 0000 74.1197 127
-22.8533 0000 74.1259 118
-22.8239 0000 74.1646 94
-22.7916 0000 74.1845 86
-22.7596 0000 74.2061 101
-22.7217 0000 74.1884 85
-22.6761 0000 74.1195 68
-22.6180 0000 73.9673 102
-22.5769 0000 73.9275 140
-22.5411 0000 73.9235 147
-22.5053 0000 73.9196 142
-22.4683 0000 73.9071 142
-22.4294 0000 73.8827 151
-22.3939 0000 73.8804 144
-22.3609 0000 73.8951 122
-22.3302 0000 73.9251 99
-22.3087 0000 74.0182 79
-22.2814 0000 74.0721 69
-22.2556 0000 74.1363 65
-22.2163 0000 74.1084 62
-22.1789 0000 74.0942 61
-22.1379 0000 74.0544 66
-22.1021 0000 74.0504 70
-22.0660 0000 74.0447 72
-22.0304 0000 74.0424 70
-21.9953 0000 74.0435 63
-21.9595 0000 74.0395 58
-21.9208 0000 74.0151 64
-21.8820 0000 73.9907 68
-21.8462 0000 73.9867 78
-21.8112 0000 73.9878 81
-21.7768 0000 73.9940 76
-21.7447 0000 74.0156 64
-21.7135 0000 74.0439 70
-21.6828 0000 74.0757 68
-21.6592 0000 74.1570 71
-21.6292 0000 74.1939 84
-21.5970 0000 74.2155 91
-21.5650 0000 74.2388 82
-21.5332 0000 74.2639 82
-21.5022 0000 74.2940 65
-21.4760 0000 74.3584 61
-21.4403 0000 74.3561 60
-21.4047 0000 74.3538 64
-21.3818 0000 74.4422 68
-21.3545 0000 74.4998 86
-21.3155 0000 74.4735 113
-21.2800 0000 74.4729 120
-21.2487 0000 74.5015 116
-21.2132 0000 74.5009 140
-21.1783 0000 74.5037 140
-21.1435 0000 74.5082 128
-21.1052 0000 74.4871 109
-21.0651 0000 74.4522 85
-21.0113 0000 74.3182 70
-20.9608 0000 74.2082 85
-20.9236 0000 74.1940 116
-20.8915 0000 74.2173 109
-20.8575 0000 74.2269 101
-20.8222 0000 74.2263 100
-20.7854 0000 74.2155 110
-20.7477 0000 74.1978 144
-20.7126 0000 74.1989 151
-20.6779 0000 74.2034 130
-20.6430 0000 74.2063 109
-20.6095 0000 74.2193 96
-20.5962 0000 74.3828 71
-20.6077 0000 74.7304 84
-20.5727 0000 74.7333 88
-20.5367 0000 74.7292 99
-20.5000 0000 74.7200 119
-20.4584 0000 74.6730 143
-20.4229 0000 74.6724 167
-20.3876 0000 74.6735 190
-20.3526 0000 74.6764 203
-20.3169 0000 74.6740 206
-20.2750 0000 74.6253 210
-20.2355 0000 74.5938 200
-20.1968 0000 74.5692 199
-20.1609 0000 74.5652 198
-20.1250 0000 74.5611 200
-20.0893 0000 74.5588 200
-20.0512 0000 74.5376 205
-20.0124 0000 74.5113 189
-19.9767 0000 74.5090 183
-19.9417 0000 74.5118 183
-19.9123 0000 74.5575 181
-19.8741 0000 74.5364 181
-19.8391 0000 74.5392 180
-19.8092 0000 74.5815 182
-19.7738 0000 74.5809 181
-19.7332 0000 74.5408 176
-19.6973 0000 74.5368 174
-19.6643 0000 74.5551 175
-19.6328 0000 74.5854 160
-19.5975 0000 74.5865 164
-19.5590 0000 74.5619 170
-19.5202 0000 74.5355 174
-19.4839 0000 74.5281 182
-19.4485 0000 74.5275 181
-19.4132 0000 74.5286 175
-19.3782 0000 74.5314 169
-19.3458 0000 74.5549 161
-19.3137 0000 74.5817 165
-19.2815 0000 74.6069 169
-19.2458 0000 74.6046 164
-19.2105 0000 74.6057 161
-19.1755 0000 74.6085 161
-19.1424 0000 74.6268 178
-19.1071 0000 74.6280 190
-19.0720 0000 74.6308 206
-19.0363 0000 74.6285 217
-19.0004 0000 74.6245 219
-18.9645 0000 74.6205 212
-18.9290 0000 74.6199 201
-18.8939 0000 74.6227 186
-18.8605 0000 74.6393 165
-18.8252 0000 74.6405 155
-18.7868 0000 74.6159 149
-18.7504 0000 74.6084 140
-18.7181 0000 74.6336 134
-18.6842 0000 74.6468 142
-18.6544 0000 74.6926 144
-18.6232 0000 74.7281 136
-18.5908 0000 74.7534 145
-18.5521 0000 74.7270 141
-18.5120 0000 74.6886 150
-18.4707 0000 74.6399 158
-18.4325 0000 74.6170 178
-18.3966 0000 74.6130 179
-18.3615 0000 74.6158 171
-18.3270 0000 74.6239 161
-18.2923 0000 74.6302 148
-18.2570 0000 74.6313 137
-18.2212 0000 74.6291 132
-18.1881 0000 74.6491 145
-18.1528 0000 74.6503 171
-18.1189 0000 74.6635 192
-18.0836 0000 74.6646 206
-18.0504 0000 74.6847 183
-18.0157 0000 74.6910 169
-17.9803 0000 74.6922 158
-17.9448 0000 74.6917 148
-17.9092 0000 74.6911 139
-17.8719 0000 74.6751 130
-17.8383 0000 74.6917 135
-17.7982 0000 74.6516 126
-17.7614 0000 74.6408 111
-17.7229 0000 74.6144 101
-17.6869 0000 74.6105 96
-17.6510 0000 74.6065 88
-17.6156 0000 74.6077 82
-17.5801 0000 74.6071 64
-17.5443 0000 74.6049 58
-17.5060 0000 74.5803 55
-17.4695 0000 74.5711 67
-17.4330 0000 74.5620 85
-17.3957 0000 74.5460 91
-17.3627 0000 74.5678 75
-17.3273 0000 74.5690 84
-17.2916 0000 74.5667 109
-17.2562 0000 74.5679 121
-17.2203 0000 74.5640 145
-17.1822 0000 74.5411 175
-17.1469 0000 74.5423 183
-17.1117 0000 74.5452 170
-17.0761 0000 74.5447 151
-17.0406 0000 74.5441 137
-17.0079 0000 74.5694 123
-16.9757 0000 74.5998 137
-16.9428 0000 74.6233 131
-16.9072 0000 74.6228 123
-16.8686 0000 74.5947 146
-16.8319 0000 74.5839 170
-16.7937 0000 74.5593 152
-16.7574 0000 74.5519 122
-16.7153 0000 74.4913 122
-16.6754 0000 74.4513 130
-16.6345 0000 74.4011 148
-16.5980 0000 74.3920 153
-16.5633 0000 74.3983 147
-16.5286 0000 74.4063 144
-16.4922 0000 74.3972 148
-16.4542 0000 74.3744 149
-16.4187 0000 74.3739 116
-16.3841 0000 74.3820 90
-16.3507 0000 74.4020 86
-16.3145 0000 74.3946 102
-16.2784 0000 74.3890 136
-16.2432 0000 74.3919 145
-16.2077 0000 74.3914 124
-16.1723 0000 74.3925 96
-16.1449 0000 74.4692 74
-16.1251 0000 74.6199 83
-16.0980 0000 74.7002 118
-16.0647 0000 74.7221 162
-16.0271 0000 74.7026 172
-15.9874 0000 74.6625 172
-15.9455 0000 74.6018 154
-15.9025 0000 74.5291 136
-15.8596 0000 74.4582 152
-15.8217 0000 74.4354 177
-15.7862 0000 74.4348 166
-15.7517 0000 74.4446 157
-15.7173 0000 74.4561 162
-15.6826 0000 74.4642 161
-15.6464 0000 74.4568 171
-15.6118 0000 74.4666 175
-15.5810 0000 74.5124 206
-15.5469 0000 74.5273 249
-15.5120 0000 74.5337 248
-15.4766 0000 74.5349 214
-15.4426 0000 74.5498 195
-15.4084 0000 74.5631 154
-15.3729 0000 74.5643 141
-15.3385 0000 74.5758 122
-15.3074 0000 74.6200 106
-15.2747 0000 74.6487 114
-15.2414 0000 74.6723 118
-15.2065 0000 74.6786 133
-15.1705 0000 74.6747 137
-15.1352 0000 74.6776 141
-15.1038 0000 74.7201 143
-15.0693 0000 74.7317 138
-15.0343 0000 74.7381 135
-15.0007 0000 74.7582 135
-14.9651 0000 74.7577 146
-14.9292 0000 74.7555 154
-14.8937 0000 74.7567 154
-14.8581 0000 74.7561 141
-14.8186 0000 74.7160 122
-14.7818 0000 74.7034 114
-14.7435 0000 74.6753 132
-14.7081 0000 74.6765 148
-14.6724 0000 74.6760 163
-14.6358 0000 74.6652 167
-14.5980 0000 74.6423 140
-14.5605 0000 74.6211 136
-14.5245 0000 74.6171 134
-14.4889 0000 74.6166 134
-14.4539 0000 74.6230 124
-14.4184 0000 74.6242 121
-14.3822 0000 74.6168 122
-14.3457 0000 74.6077 113
-14.3096 0000 74.6020 111
-14.2726 0000 74.5860 125
-14.2373 0000 74.5889 126
-14.2021 0000 74.5936 125
-14.1670 0000 74.5982 118
-14.1332 0000 74.6184 99
-14.0993 0000 74.6368 106
-14.0635 0000 74.6345 105
-14.0277 0000 74.6323 115
-13.9938 0000 74.6507 148
-13.9588 0000 74.6571 205
-13.9236 0000 74.6618 231
-13.8884 0000 74.6664 222
-13.8549 0000 74.6900 190
-13.8200 0000 74.6981 166
-13.7839 0000 74.6924 132
-13.7473 0000 74.6816 106
-13.7097 0000 74.6587 108
-13.6722 0000 74.6375 114
-13.6349 0000 74.6181 131
-13.5972 0000 74.5935 124
-13.5632 0000 74.6119 122
-13.5301 0000 74.6406 115
-13.4976 0000 74.6763 123
-13.4600 0000 74.6534 120
-13.4205 0000 74.6081 103
-13.3761 0000 74.5061 96
-13.3280 0000 74.3614 123
-13.2920 0000 74.3557 135
-13.2579 0000 74.3724 127
-13.2341 0000 74.5093 102
-13.1998 0000 74.5242 99
-13.1637 0000 74.5186 98
-13.1201 0000 74.4236 130
-13.0846 0000 74.4248 160
-13.0492 0000 74.4260 167
-13.0134 0000 74.4238 163
-12.9778 0000 74.4233 164
-12.9422 0000 74.4228 179
-12.9052 0000 74.4051 197
-12.8678 0000 74.3823 242
-12.8309 0000 74.3663 268
-12.7937 0000 74.3470 270
-12.7580 0000 74.3447 256
-12.7229 0000 74.3494 202
-12.6892 0000 74.3729 157
-12.6562 0000 74.4033 109
-12.6245 0000 74.4509 90
-12.5924 0000 74.4934 98
-12.5609 0000 74.5444 125
-12.5258 0000 74.5508 153
-12.4901 0000 74.5486 156
-12.4564 0000 74.5722 139
-12.4216 0000 74.5820 120
-12.3871 0000 74.5970 129
-12.3522 0000 74.6052 147
-12.3176 0000 74.6184 149
-12.2832 0000 74.6334 118
-12.2478 0000 74.6364 117
-12.2122 0000 74.6359 129
-12.1760 0000 74.6285 149
-12.1402 0000 74.6263 163
-12.1065 0000 74.6516 143
-12.0758 0000 74.7149 116
-12.0429 0000 74.7507 109
-12.0086 0000 74.7674 110
-11.9724 0000 74.7600 104
-11.9348 0000 74.7354 104
-11.8965 0000 74.7004 98
-11.8625 0000 74.7223 111
-11.8271 0000 74.7253 128
-11.7914 0000 74.7248 147
-11.7565 0000 74.7347 142
-11.7210 0000 74.7359 130
-11.6868 0000 74.7561 124
-11.6531 0000 74.7815 115
-11.6179 0000 74.7879 122
-11.5840 0000 74.8116 124
-11.5485 0000 74.8146 134
-11.5126 0000 74.8107 133
-11.4751 0000 74.7860 142
-11.4394 0000 74.7855 141
-11.4062 0000 74.8196 121
-11.3729 0000 74.8519 118
-11.3372 0000 74.8514 117
-11.3014 0000 74.8492 130
-11.2655 0000 74.8470 150
-11.2301 0000 74.8500 177
-11.1947 0000 74.8546 198
-11.1599 0000 74.8663 177
-11.1241 0000 74.8658 161
-11.0904 0000 74.8930 161
-11.0570 0000 74.9253 150
-11.0222 0000 74.9387 152
-10.9881 0000 74.9607 163
-10.9535 0000 74.9775 150
-10.9184 0000 74.9857 156
-10.8859 0000 75.0320 168
-10.8512 0000 75.0471 176
-10.8185 0000 75.0917 194
-10.7830 0000 75.0947 238
-10.7464 0000 75.0820 292
-10.7088 0000 75.0556 323
-10.6724 0000 75.0447 264
-10.6352 0000 75.0234 189
-10.5981 0000 75.0021 167
-10.5623 0000 75.0017 152
-10.5261 0000 74.9942 158
-10.4885 0000 74.9661 197
-10.4532 0000 74.9725 205
-10.4196 0000 75.0049 205
-10.3856 0000 75.0304 235
-10.3502 0000 75.0352 244
-10.3144 0000 75.0347 244
-10.2788 0000 75.0359 251
-10.2429 0000 75.0337 238
-10.2066 0000 75.0246 197
-10.1690 0000 74.9964 173
-10.1326 0000 74.9855 148
-10.0942 0000 74.9435 148
-10.0575 0000 74.9274 158
-10.0244 0000 74.9685 152
-9.9889 0000 74.9732 135
-9.9530 0000 74.9693 120
-9.9157 0000 74.9446 109
-9.8793 0000 74.9337 88
-9.8416 0000 74.9021 76
-9.8027 0000 74.8497 82
-9.7662 0000 74.8372 109
-9.7296 0000 74.8229 118
-9.6940 0000 74.8241 113
-9.6618 0000 74.8807 103
-9.6327 0000 74.9893 126
-9.5973 0000 74.9957 161
-9.5614 0000 74.9918 165
-9.5257 0000 74.9931 161
-9.4902 0000 74.9961 167
-9.4543 0000 74.9939 167
-9.4181 0000 74.9865 161
-9.3819 0000 74.9773 154
-9.3460 0000 74.9751 137
-9.3121 0000 75.0058 110
-9.2799 0000 75.0660 104
-9.2456 0000 75.0916 119
-9.2113 0000 75.1172 133
-9.1758 0000 75.1219 138
-9.1400 0000 75.1214 127
-9.1024 0000 75.0897 123
-9.0640 0000 75.0425 115
-9.0279 0000 75.0368 108
-8.9911 0000 75.0190 120
-8.9563 0000 75.0359 125
-8.9205 0000 75.0337 127
-8.8846 0000 75.0315 125
-8.8489 0000 75.0328 121
-8.8147 0000 75.0601 115
-8.7799 0000 75.0787 132
-8.7441 0000 75.0782 154
-8.7083 0000 75.0778 166
-8.6740 0000 75.1033 155
-8.6385 0000 75.1098 154
-8.6016 0000 75.0886 154
-8.5657 0000 75.0864 156
-8.5298 0000 75.0842 156
-8.4951 0000 75.1046 153
-8.4582 0000 75.0833 145
-8.4223 0000 75.0794 132
-8.3837 0000 75.0269 126
-8.3467 0000 75.0022 124
-8.3110 0000 75.0035 139
-8.2759 0000 75.0169 138
-8.2400 0000 75.0147 134
-8.2046 0000 75.0212 126
-8.1693 0000 75.0294 127
-8.1343 0000 75.0463 120
-8.0964 0000 75.0026 118
-8.0600 0000 74.9917 121
-8.0243 0000 74.9913 110
-7.9952 0000 75.1261 108
-7.9614 0000 75.1656 141
-7.9256 0000 75.1669 174
-7.8894 0000 75.1578 196
-7.8513 0000 75.1122 193
-7.8149 0000 75.0997 161
-7.7766 0000 75.0472 130
-7.7394 0000 75.0173 110
-7.7009 0000 74.9614 87
-7.6623 0000 74.9004 83
-7.6242 0000 74.8515 91
-7.5873 0000 74.8251 110
-7.5505 0000 74.8022 113
-7.5147 0000 74.8018 111
-7.4792 0000 74.8065 99
-7.4444 0000 74.8269 96
-7.4099 0000 74.8524 83
-7.3767 0000 74.9091 84
-7.3424 0000 74.9416 102
-7.3075 0000 74.9602 107
-7.2729 0000 74.9875 113
-7.2378 0000 75.0010 125
-7.2030 0000 75.0231 145
-7.1672 0000 75.0227 168
-7.1314 0000 75.0240 190
-7.0962 0000 75.0375 181
-7.0606 0000 75.0405 179
-7.0246 0000 75.0366 178
-6.9878 0000 75.0120 177
-6.9517 0000 75.0046 154
-6.9159 0000 75.0042 133
-6.8803 0000 75.0090 112
-6.8450 0000 75.0208 96
-6.8121 0000 75.0915 100
-6.7767 0000 75.0998 102
-6.7416 0000 75.1185 93
-6.7060 0000 75.1233 89
-6.6704 0000 75.1281 93
-6.6344 0000 75.1242 100
-6.5968 0000 75.0787 97
-6.5605 0000 75.0679 89
-6.5247 0000 75.0675 87
-6.4892 0000 75.0741 93
-6.4551 0000 75.1188 96
-6.4202 0000 75.1428 99
-6.3852 0000 75.1650 94
-6.3494 0000 75.1663 121
-6.3138 0000 75.1712 168
-6.2790 0000 75.1986 186
-6.2433 0000 75.2017 210
-6.2073 0000 75.1978 233
-6.1715 0000 75.1992 228
-6.1358 0000 75.2023 195
-6.1014 0000 75.2419 174
-6.0657 0000 75.2468 174
-6.0297 0000 75.2447 167
-5.9937 0000 75.2391 155
-5.9562 0000 75.1935 163
-5.9201 0000 75.1862 182
-5.8841 0000 75.1806 207
-5.8476 0000 75.1612 214
-5.8118 0000 75.1626 205
-5.7759 0000 75.1622 193
-5.7394 0000 75.1410 201
-5.7036 0000 75.1441 206
-5.6678 0000 75.1455 205
-5.6325 0000 75.1608 205
-5.5975 0000 75.1848 170
-5.5631 0000 75.2314 150
-5.5276 0000 75.2414 133
-5.4920 0000 75.2480 120
-5.4561 0000 75.2494 111
-5.4201 0000 75.2439 102
-5.3823 0000 75.1827 90
-5.3438 0000 75.0955 81
-5.3065 0000 75.0500 80
-5.2709 0000 75.0549 85
-5.2353 0000 75.0632 95
-5.2000 0000 75.0802 109
-5.1653 0000 75.1181 112
-5.1329 0000 75.2342 111
-5.0992 0000 75.3069 128
-5.0642 0000 75.3362 151
-5.0284 0000 75.3393 183
-4.9910 0000 75.2868 204
-4.9544 0000 75.2603 214
-4.9183 0000 75.2530 194
-4.8815 0000 75.2179 176
-4.8450 0000 75.1967 165
-4.8089 0000 75.1877 146
-4.7723 0000 75.1578 145
-4.7363 0000 75.1523 152
-4.6999 0000 75.1329 153
-4.6643 0000 75.1412 147
-4.6283 0000 75.1339 143
-4.5927 0000 75.1440 144
-4.5576 0000 75.1750 159
-4.5219 0000 75.1781 186
-4.4861 0000 75.1813 205
-4.4503 0000 75.1844 219
-4.4145 0000 75.1858 223
-4.3788 0000 75.1924 224
-4.3431 0000 75.1956 220
-4.3075 0000 75.2057 198
-4.2709 0000 75.1758 202
-4.2343 0000 75.1442 205
-4.1984 0000 75.1404 215
-4.1627 0000 75.1453 218
-4.1269 0000 75.1502 222
-4.0916 0000 75.1707 227
-4.0558 0000 75.1756 205
-4.0202 0000 75.1840 180
-3.9848 0000 75.2062 169
-3.9489 0000 75.2042 161
-3.9125 0000 75.1778 174
-3.8770 0000 75.1966 164
-3.8414 0000 75.2049 160
-3.8061 0000 75.2342 160
-3.7703 0000 75.2356 171
-3.7344 0000 75.2318 187
-3.6986 0000 75.2349 211
-3.6630 0000 75.2520 242
-3.6272 0000 75.2551 244
-3.5918 0000 75.2740 220
-3.5559 0000 75.2771 206
-3.5200 0000 75.2750 191
-3.4838 0000 75.2538 191
-3.4479 0000 75.2518 186
-3.4116 0000 75.2306 166
-3.3758 0000 75.2320 149
-3.3404 0000 75.2595 145
-3.3046 0000 75.2592 149
-3.2687 0000 75.2571 156
-3.2328 0000 75.2585 170
-3.1971 0000 75.2634 190
-3.1613 0000 75.2665 205
-3.1256 0000 75.2801 199
-3.0898 0000 75.2816 196
-3.0546 0000 75.3230 194
-3.0189 0000 75.3383 199
-2.9837 0000 75.3781 209
-2.9475 0000 75.3586 236
-2.9116 0000 75.3600 237
-2.8758 0000 75.3632 233
-2.8396 0000 75.3402 215
-2.8035 0000 75.3259 197
-2.7675 0000 75.3186 174
-2.7314 0000 75.3027 173
-2.6955 0000 75.2954 182
-2.6591 0000 75.2568 191
-2.6231 0000 75.2495 188
-2.5872 0000 75.2457 183
-2.5513 0000 75.2401 179
-2.5155 0000 75.2450 190
-2.4799 0000 75.2708 200
-2.4441 0000 75.2757 215
-2.4083 0000 75.2771 228
-2.3724 0000 75.2750 232
-2.3365 0000 75.2695 231
-2.3003 0000 75.2431 238
-2.2642 0000 75.2167 215
-2.2280 0000 75.1885 241
-2.1920 0000 75.1691 243
-2.1561 0000 75.1687 256
-2.1205 0000 75.1858 281
-2.0849 0000 75.2116 265
-2.0494 0000 75.2460 262
-2.0138 0000 75.2788 278
-1.9783 0000 75.3220 259
-1.9425 0000 75.3304 240
-1.9070 0000 75.3701 226
-1.8712 0000 75.3802 215
-1.8354 0000 75.3886 218
-1.7995 0000 75.3883 226
-1.7636 0000 75.3810 220
-1.7276 0000 75.3737 206
-1.6917 0000 75.3717 189
-1.6559 0000 75.3766 168
-1.6200 0000 75.3850 162
-1.5843 0000 75.4056 180
-1.5484 0000 75.4088 182
-1.5125 0000 75.4050 179
-1.4766 0000 75.4012 176
-1.4405 0000 75.3799 165
-1.4046 0000 75.3744 158
-1.3686 0000 75.3479 160
-1.3327 0000 75.3476 162
-1.2968 0000 75.3421 174
-1.2609 0000 75.3365 193
-1.2249 0000 75.3223 198
-1.1893 0000 75.3690 225
-1.1535 0000 75.3949 248
-1.1176 0000 75.4137 288
-1.0818 0000 75.4396 285
-1.0459 0000 75.4445 277
-1.0100 0000 75.4268 263
-0.9741 0000 75.4230 217
-0.9381 0000 75.4192 186
-0.9021 0000 75.3735 183
-0.8662 0000 75.3593 192
-0.8303 0000 75.3537 194
-0.7944 0000 75.3534 194
-0.7585 0000 75.3357 204
-0.7226 0000 75.3162 174
-0.6867 0000 75.3037 145
-0.6508 0000 75.2512 123
-0.6149 0000 75.2004 122
-0.5791 0000 75.1897 125
-0.5432 0000 75.1894 124
-0.5074 0000 75.2169 117
-0.4715 0000 75.1974 122
-0.4357 0000 75.1711 122
-0.3999 0000 75.1655 129
-0.3640 0000 75.1983 144
-0.3280 0000 75.2345 148
-0.2921 0000 75.2847 145
-0.2562 0000 75.3071 144
-0.2203 0000 75.3068 141
-0.1844 0000 75.3099 138
-0.1484 0000 75.3393 136
-0.1124 0000 75.3895 136
-0.0764 0000 75.3962 155
-0.0405 0000 75.4169 163
-0.0046 0000 75.4009 180
0.0313 0000 75.3953 179
0.0671 0000 75.3671 171
0.1029 0000 75.3651 178
0.1389 0000 75.3875 199
0.1749 0000 75.3924 213
0.2108 0000 75.3956 213
0.2467 0000 75.3884 215
0.2824 0000 75.3637 211
0.3182 0000 75.3424 218
0.3541 0000 75.3422 197
0.3901 0000 75.3611 183
0.4260 0000 75.3625 157
0.4621 0000 75.3849 135
0.4981 0000 75.3968 144
0.5342 0000 75.4175 153
0.5703 0000 75.4451 179
0.6065 0000 75.4780 189
0.6428 0000 75.5214 206
0.6787 0000 75.5246 211
0.7147 0000 75.5209 203
0.7506 0000 75.5188 193
0.7866 0000 75.5255 185
0.8229 0000 75.5690 175
0.8592 0000 75.6019 158
0.8954 0000 75.6262 167
0.9311 0000 75.5944 177
0.9665 0000 75.5399 196
1.0021 0000 75.5117 221
1.0379 0000 75.4939 238
1.0738 0000 75.4971 242
1.1098 0000 75.5004 247
1.1460 0000 75.5211 234
1.1821 0000 75.5295 245
1.2182 0000 75.5485 267
1.2542 0000 75.5500 255
1.2905 0000 75.5724 231
1.3265 0000 75.5827 226
1.3625 0000 75.5841 219
1.3984 0000 75.5804 216
1.4344 0000 75.5766 218
1.4704 0000 75.5798 214
1.5066 0000 75.5988 216
1.5427 0000 75.6056 207
1.5790 0000 75.6316 194
1.6157 0000 75.6786 191
1.6519 0000 75.6923 191
1.6886 0000 75.7376 207
1.7247 0000 75.7426 223
1.7607 0000 75.7441 231
1.7971 0000 75.7649 224
1.8330 0000 75.7612 222
1.8682 0000 75.7101 248
1.9040 0000 75.7028 253
1.9401 0000 75.7060 236
1.9762 0000 75.7146 222
2.0123 0000 75.7213 232
2.0485 0000 75.7281 264
2.0851 0000 75.7611 315
2.1211 0000 75.7626 350
2.1569 0000 75.7501 316
2.1928 0000 75.7429 274
2.2282 0000 75.7163 237
2.2637 0000 75.6898 174
2.2987 0000 75.6405 135
2.3346 0000 75.6333 115
2.3706 0000 75.6365 110
2.4071 0000 75.6608 125
2.4440 0000 75.7078 141
2.4813 0000 75.7655 153
2.5180 0000 75.7985 199
2.5544 0000 75.8194 220
2.5906 0000 75.8244 239
2.6267 0000 75.8294 249
2.6631 0000 75.8485 266
2.6992 0000 75.8518 274
2.7357 0000 75.8708 277
2.7717 0000 75.8706 291
2.8073 0000 75.8511 299
2.8434 0000 75.8526 279
2.8795 0000 75.8559 254
2.9161 0000 75.8820 251
2.9522 0000 75.8853 244
2.9887 0000 75.9026 237
3.0247 0000 75.9006 250
3.0608 0000 75.9039 259
3.0969 0000 75.9072 270
3.1334 0000 75.9263 268
3.1694 0000 75.9243 270
3.2060 0000 75.9470 285
3.2421 0000 75.9485 292
3.2781 0000 75.9465 301
3.3130 0000 75.9024 319
3.3489 0000 75.8969 300
3.3842 0000 75.8721 250
3.4188 0000 75.8209 208
3.4541 0000 75.7944 209
3.4909 0000 75.8205 216
3.5270 0000 75.8238 231
3.5637 0000 75.8499 237
3.5998 0000 75.8532 235
3.6365 0000 75.8759 222
3.6719 0000 75.8546 182
3.7076 0000 75.8456 153
3.7420 0000 75.7910 123
3.7768 0000 75.7505 112
3.8110 0000 75.6925 122
3.8462 0000 75.6660 149
3.8818 0000 75.6535 148
3.9178 0000 75.6551 158
3.9538 0000 75.6566 166
3.9898 0000 75.6599 156
4.0262 0000 75.6738 129
4.0626 0000 75.6858 120
4.0987 0000 75.6891 91
4.1349 0000 75.6977 71
4.1709 0000 75.6993 68
4.2052 0000 75.6483 73
4.2399 0000 75.6096 79
4.2745 0000 75.5710 105
4.3092 0000 75.5341 147
4.3443 0000 75.5112 211
4.3801 0000 75.5057 300
4.4159 0000 75.5038 315
4.4515 0000 75.4949 265
4.4856 0000 75.4423 226
4.5194 0000 75.3828 179
4.5533 0000 75.3286 143
4.5884 0000 75.3076 107
4.6346 0000 75.5936 69
4.6784 0000 75.8088 90
4.7145 0000 75.8122 98
4.7504 0000 75.8120 106
4.7863 0000 75.8083 119
4.8214 0000 75.7836 127
4.8572 0000 75.7799 141
4.8933 0000 75.7832 142
4.9293 0000 75.7848 138
4.9634 0000 75.7355 144
4.9970 0000 75.6723 180
5.0321 0000 75.6512 245
5.0672 0000 75.6300 318
5.1028 0000 75.6211 321
5.1382 0000 75.6087 286
5.1748 0000 75.6242 276
5.2126 0000 75.6713 205
5.2519 0000 75.7552 192
5.2890 0000 75.7830 160
5.3259 0000 75.8057 161
5.3630 0000 75.8336 138
5.4000 0000 75.8579 128
5.4362 0000 75.8648 98
5.4741 0000 75.9103 70
5.5126 0000 75.9698 54
5.5501 0000 76.0065 51
5.5872 0000 76.0310 56
5.6230 0000 76.0255 57
5.6579 0000 75.9990 55
5.6939 0000 76.0006 48
5.7299 0000 76.0004 44
0.0000 0000 0.0000 0
0.0000 0000 0.0000 0
5.8587 0000 76.4742 61
5.8947 0000 76.4705 79
5.9218 0000 76.2672 77
5.9558 0000 76.2212 83
5.9889 0000 76.1541 77
6.0210 0000 76.0659 72
6.0575 0000 76.0781 69
6.0951 0000 76.1113 73
6.1312 0000 76.1129 95
6.1668 0000 76.1040 132
6.2018 0000 76.0809 202
6.2376 0000 76.0772 268
6.2735 0000 76.0736 307
6.3093 0000 76.0699 333
6.3452 0000 76.0662 336
6.3803 0000 76.0484 284
6.4162 0000 76.0448 243
6.4534 0000 76.0692 189
6.4903 0000 76.0884 181
6.5290 0000 76.1446 204
6.5659 0000 76.1620 221
6.6051 0000 76.2271 247
6.6425 0000 76.2551 296
6.6790 0000 76.2638 329
6.7150 0000 76.2636 340
6.7518 0000 76.2776 319
6.7887 0000 76.2951 336
6.8248 0000 76.2949 301
6.8601 0000 76.2806 238
6.8969 0000 76.2946 221
6.9340 0000 76.3156 167
6.9703 0000 76.3207 134
7.0066 0000 76.3259 110
7.0432 0000 76.3363 86
7.0811 0000 76.3715 81
7.1199 0000 76.4243 98
7.1985 0000 77.2415 130
7.2344 0000 77.2342 158
7.2707 0000 77.2340 195
7.3070 0000 77.2356 224
7.3435 0000 77.2390 243
7.3807 0000 77.2567 229
7.4173 0000 77.2637 230
7.4540 0000 77.2707 228
7.4908 0000 77.2795 209
7.5292 0000 77.3187 173
7.5695 0000 77.3937 150
7.6045 0000 77.3684 158
7.6359 0000 77.2807 193
7.6704 0000 77.2483 235
7.7056 0000 77.2285 219
7.7416 0000 77.2230 206
7.7777 0000 77.2211 176
7.8145 0000 77.2299 121
7.8524 0000 77.2601 79
7.8905 0000 77.2921 56
7.9286 0000 77.3241 44
7.9665 0000 77.3526 41
7.9998 0000 77.3006 40
8.0360 0000 77.2986 42
8.0723 0000 77.2985 46
8.1085 0000 77.2983 52
8.1434 0000 77.2750 50
8.1824 0000 77.3213 47
8.2206 0000 77.3533 48
8.2599 0000 77.4051 53
8.2965 0000 77.4103 65
8.3313 0000 77.3851 79
8.3665 0000 77.3670 122
8.4006 0000 77.3293 184
8.4371 0000 77.3328 230
8.4737 0000 77.3380 251
8.5109 0000 77.3539 236
8.5485 0000 77.3753 253
8.5855 0000 77.3876 241
8.6229 0000 77.4054 240
8.6603 0000 77.4232 184
8.6979 0000 77.4445 167
8.7455 0000 77.6255 95
8.7950 0000 77.8375 95
8.8391 0000 77.9599 140
8.8753 0000 77.9561 165
8.9105 0000 77.9361 163
8.9463 0000 77.9270 153
8.9781 0000 77.8548 129
9.0103 0000 77.7880 110
9.0413 0000 77.7052 99
9.0739 0000 77.6458 116
9.1078 0000 77.6079 151
9.1435 0000 77.5988 202
9.1799 0000 77.5987 242
9.2176 0000 77.6201 230
9.2577 0000 77.6774 226
9.2963 0000 77.7114 230
9.3355 0000 77.7544 227
9.3733 0000 77.7759 225
9.4100 0000 77.7811 186
9.4465 0000 77.7828 133
9.4810 0000 77.7557 89
9.5130 0000 77.6908 83
9.5471 0000 77.6566 97
9.5833 0000 77.6547 101
9.6199 0000 77.6581 107
9.6566 0000 77.6634 116
9.6949 0000 77.6920 116
9.7333 0000 77.7224 155
9.7710 0000 77.7421 188
9.8057 0000 77.7186 248
9.8412 0000 77.7059 281
9.8778 0000 77.7093 267
9.9145 0000 77.7146 220
9.9530 0000 77.7450 158
9.9933 0000 77.8007 126
10.0318 0000 77.8312 125
10.0684 0000 77.8346 126
10.1049 0000 77.8363 134
10.1414 0000 77.8380 157
10.1779 0000 77.8397 180
10.2157 0000 77.8594 185
10.2523 0000 77.8629 206
10.2876 0000 77.8483 251
10.3241 0000 77.8500 280
10.3609 0000 77.8553 298
10.3979 0000 77.8642 268
10.4331 0000 77.8479 261
10.4692 0000 77.8441 223
10.5056 0000 77.8440 198
10.5430 0000 77.8583 156
10.5808 0000 77.8780 146
10.6179 0000 77.8869 134
10.6596 0000 77.9589 120
10.7041 0000 78.0671 125
10.7468 0000 78.1519 161
10.7841 0000 78.1626 200
10.8234 0000 78.2005 230
10.8609 0000 78.2149 252
10.9009 0000 78.2618 284
10.9385 0000 78.2762 306
10.9766 0000 78.2978 303
11.0133 0000 78.3013 254
11.0499 0000 78.3030 209
11.0865 0000 78.3047 172
11.1231 0000 78.3064 153
11.1597 0000 78.3082 150
11.1999 0000 78.3552 154
11.2370 0000 78.3641 160
11.2771 0000 78.4093 164
11.3138 0000 78.4129 161
11.3502 0000 78.4109 148
11.3885 0000 78.4344 141
11.4230 0000 78.4089 121
11.4547 0000 78.3490 112
11.4886 0000 78.3163 106
11.5231 0000 78.2926 109
11.5597 0000 78.2943 115
11.5957 0000 78.2888 128
11.6282 0000 78.2398 150
11.6641 0000 78.2325 181
11.7001 0000 78.2269 202
11.7343 0000 78.1997 191
11.7685 0000 78.1725 187
11.8048 0000 78.1705 161
11.8436 0000 78.1994 134
11.9040 0000 78.4911 118
11.9497 0000 78.6036 124
11.9884 0000 78.6290 135
12.0250 0000 78.6307 147
12.0615 0000 78.6306 161
12.0979 0000 78.6287 168
12.1343 0000 78.6268 162
12.1711 0000 78.6303 153
12.2064 0000 78.6156 162
12.2444 0000 78.6337 150
12.2815 0000 78.6409 153
12.3205 0000 78.6699 186
12.3591 0000 78.6935 211
12.3962 0000 78.7007 236
12.4347 0000 78.7242 230
12.4731 0000 78.7460 242
12.5108 0000 78.7586 235
12.5517 0000 78.8096 231
12.5905 0000 78.8350 217
12.6297 0000 78.8659 225
12.6705 0000 78.9151 235
12.7100 0000 78.9478 233
12.7469 0000 78.9514 239
12.7830 0000 78.9458 251
12.8213 0000 78.9658 247
12.8584 0000 78.9712 235
12.8948 0000 78.9692 224
12.9289 0000 78.9418 224
12.9657 0000 78.9435 214
13.0006 0000 78.9251 224
13.0375 0000 78.9287 242
13.0763 0000 78.9542 261
13.1127 0000 78.9522 329
13.1457 0000 78.9120 438
13.1814 0000 78.9028 557
13.2179 0000 78.9027 650
13.2557 0000 78.9153 752
13.2922 0000 78.9153 748
13.3276 0000 78.9024 669
13.3640 0000 78.9005 610
13.4018 0000 78.9150 534
13.4391 0000 78.9222 396
13.4759 0000 78.9258 285
13.5100 0000 78.8983 198
13.5409 0000 78.8380 152
13.5695 0000 78.7523 137
13.6022 0000 78.7122 136
13.6387 0000 78.7121 130
13.6771 0000 78.7320 117
13.7158 0000 78.7556 120
13.7550 0000 78.7847 116
13.7946 0000 78.8174 131
13.8360 0000 78.8683 133
13.8779 0000 78.9248 127
13.9177 0000 78.9594 141
13.9567 0000 78.9849 147
13.9939 0000 78.9921 155
14.0307 0000 78.9938 153
14.0669 0000 78.9901 153
14.1032 0000 78.9882 164
14.1401 0000 78.9917 181
14.1804 0000 79.0300 192
14.2176 0000 79.0372 199
14.2545 0000 79.0408 205
14.2911 0000 79.0407 214
14.3273 0000 79.0370 219
14.3636 0000 79.0351 204
14.3980 0000 79.0131 179
14.4344 0000 79.0112 184
14.4711 0000 79.0129 182
14.5075 0000 79.0110 160
14.5460 0000 79.0310 152
14.5829 0000 79.0346 151
14.6172 0000 79.0126 154
14.6532 0000 79.0071 142
14.6883 0000 78.9924 134
14.7254 0000 78.9978 140
14.7613 0000 78.9922 141
14.7973 0000 78.9867 146
14.8344 0000 78.9921 149
14.8713 0000 78.9956 128
14.9074 0000 78.9919 104
14.9436 0000 78.9882 98
14.9801 0000 78.9881 95
15.0162 0000 78.9844 96
15.0522 0000 78.9789 111
15.0866 0000 78.9587 118
15.1254 0000 78.9805 114
15.1549 0000 78.9130 94
15.1836 0000 78.8382 83
15.2114 0000 78.7543 74
15.2268 0000 78.5526 89
15.2628 0000 78.5489 97
15.2971 0000 78.5288 94
15.3325 0000 78.5197 93
15.3687 0000 78.5178 101
15.4032 0000 78.4996 101
15.4392 0000 78.4960 95
15.4742 0000 78.4832 89
15.5081 0000 78.4596 92
15.5439 0000 78.4541 91
15.5799 0000 78.4504 94
15.6159 0000 78.4467 92
15.6474 0000 78.4014 81
15.6769 0000 78.3380 77
15.7068 0000 78.2782 87
15.7398 0000 78.2474 90
15.7736 0000 78.2239 100
15.8091 0000 78.2166 102
15.8437 0000 78.2003 109
15.8798 0000 78.1984 105
15.9155 0000 78.1930 97
15.9516 0000 78.1911 86
15.9883 0000 78.1946 81
16.0270 0000 78.2163 82
16.0651 0000 78.2325 95
16.1050 0000 78.2649 115
16.1429 0000 78.2794 115
16.1768 0000 78.2576 126
16.2117 0000 78.2449 157
16.2450 0000 78.2177 197
16.2783 0000 78.1906 198
16.3123 0000 78.1707 233
16.3472 0000 78.1580 246
16.3805 0000 78.1309 214
16.4149 0000 78.1146 195
16.4528 0000 78.1290 154
16.4901 0000 78.1379 99
16.5292 0000 78.1631 75
16.5878 0000 78.3601 56
16.6358 0000 78.4633 67
16.6724 0000 78.4651 76
16.7083 0000 78.4614 81
16.7419 0000 78.4378 89
16.7783 0000 78.4377 92
16.8136 0000 78.4286 81
16.8426 0000 78.3652 64
16.8673 0000 78.2638 57
16.8807 0000 78.0652 58
16.9037 0000 77.9499 96
16.9378 0000 77.9318 127
16.9736 0000 77.9282 169
17.0065 0000 77.8993 223
17.0414 0000 77.8885 252
17.0768 0000 77.8812 242
17.1109 0000 77.8632 216
17.1454 0000 77.8488 204
17.1757 0000 77.7984 196
17.2085 0000 77.7696 219
17.2449 0000 77.7714 214
17.2831 0000 77.7893 178
17.3201 0000 77.7964 160
17.3584 0000 77.8143 156
17.3950 0000 77.8179 141
17.4316 0000 77.8214 134
17.4684 0000 77.8268 140
17.5046 0000 77.8267 137
17.5416 0000 77.8339 117
17.5780 0000 77.8356 116
17.6204 0000 77.8877 121
17.6579 0000 77.8985 128
17.6947 0000 77.9039 142
17.7285 0000 77.8840 158
17.7588 0000 77.8354 176
17.7921 0000 77.8120 180
17.8209 0000 77.7509 193
17.8511 0000 77.7024 216
17.8842 0000 77.6773 247
17.9201 0000 77.6754 239
17.9614 0000 77.7185 198
18.0046 0000 77.7759 166
18.0475 0000 77.8315 165
18.0881 0000 77.8674 178
18.1278 0000 77.8962 188
18.1666 0000 77.9177 194
18.2039 0000 77.9267 175
18.2416 0000 77.9393 153
18.2782 0000 77.9428 135
18.3034 0000 77.8547 117
18.3294 0000 77.7738 102
18.3392 0000 77.5622 123
18.3723 0000 77.5389 128
18.4068 0000 77.5263 144
18.4401 0000 77.5048 151
18.4739 0000 77.4869 164
18.5090 0000 77.4798 146
18.5451 0000 77.4798 141
18.5856 0000 77.5155 145
18.6230 0000 77.5262 140
18.6624 0000 77.5531 118
18.7019 0000 77.5799 118
18.7388 0000 77.5871 129
18.7757 0000 77.5942 129
18.8148 0000 77.6175 112
18.8517 0000 77.6246 85
18.8894 0000 77.6372 75
18.9254 0000 77.6371 78
18.9593 0000 77.6210 81
18.9956 0000 77.6228 96
19.0316 0000 77.6228 108
19.0642 0000 77.5959 117
19.0962 0000 77.5655 112
19.1318 0000 77.5619 118
19.1659 0000 77.5476 124
19.2009 0000 77.5405 98
19.2360 0000 77.5333 70
19.2720 0000 77.5333 57
19.3112 0000 77.5583 53
19.3477 0000 77.5619 49
19.3874 0000 77.5905 49
19.4237 0000 77.5923 54
19.4556 0000 77.5619 62
19.4906 0000 77.5548 81
19.5228 0000 77.5262 98
19.5561 0000 77.5065 129
19.5942 0000 77.5226 149
19.6283 0000 77.5083 191
19.6609 0000 77.4833 193
19.6930 0000 77.4548 191
19.7243 0000 77.4209 207
19.7557 0000 77.3870 194
19.7885 0000 77.3639 220
19.8229 0000 77.3532 230
19.8578 0000 77.3461 224
19.8935 0000 77.3443 195
19.9303 0000 77.3515 166
19.9674 0000 77.3604 151
20.0035 0000 77.3622 147
20.0358 0000 77.3355 147
20.0675 0000 77.3052 170
20.0999 0000 77.2803 165
20.1348 0000 77.2732 175
20.1677 0000 77.2519 190
20.1991 0000 77.2199 179
20.2297 0000 77.1826 195
20.2646 0000 77.1755 181
20.3008 0000 77.1791 172
20.3371 0000 77.1827 111
20.4027 0000 77.3963 54
20.4776 0000 77.6767 58
20.5133 0000 77.6749 45
0.0000 0000 0.0000 0
0.0000 0000 0.0000 0
0.0000 0000 0.0000 0
20.6285 0000 77.4731 40
20.6646 0000 77.4749 48
20.7005 0000 77.4750 49
20.7363 0000 77.4750 55
20.7726 0000 77.4786 66
20.8113 0000 77.4982 80
20.8542 0000 77.5482 69
20.9030 0000 77.6394 67
20.9517 0000 77.7289 75
20.9878 0000 77.7307 93
21.0234 0000 77.7289 113
21.0591 0000 77.7272 130
21.0947 0000 77.7254 143
21.1303 0000 77.7237 152
21.1656 0000 77.7201 156
21.1979 0000 77.6951 151
21.2304 0000 77.6718 153
21.2665 0000 77.6737 137
21.3024 0000 77.6737 121
21.3379 0000 77.6719 112
21.3592 0000 77.5718 104
21.3791 0000 77.4630 101
21.3993 0000 77.3561 124
21.4325 0000 77.3383 133
21.4666 0000 77.3276 150
21.4987 0000 77.3027 181
21.5350 0000 77.3063 195
21.5768 0000 77.3473 185
21.6175 0000 77.3812 153
21.6580 0000 77.4133 162
21.6975 0000 77.4383 155
21.7332 0000 77.4383 158
21.7624 0000 77.3938 163
21.7907 0000 77.3439 169
21.8238 0000 77.3261 176
21.8563 0000 77.3048 193
21.8920 0000 77.3048 187
21.9302 0000 77.3209 164
21.9669 0000 77.3280 161
22.0067 0000 77.3548 174
22.0467 0000 77.3833 165
22.0838 0000 77.3922 178
22.1195 0000 77.3923 198
22.1534 0000 77.3798 249
22.1885 0000 77.3763 278
22.2232 0000 77.3692 287
22.2543 0000 77.3389 268
22.2857 0000 77.3105 310
22.3173 0000 77.2838 281
22.3506 0000 77.2678 258
22.3844 0000 77.2554 254
22.4182 0000 77.2429 269
22.4544 0000 77.2465 228
22.4901 0000 77.2465 185
22.5255 0000 77.2448 158
22.5615 0000 77.2466 138
22.5974 0000 77.2484 132
22.6334 0000 77.2502 129
22.6696 0000 77.2538 112
22.7056 0000 77.2556 96
22.7413 0000 77.2557 86
22.7789 0000 77.2681 84
22.8146 0000 77.2682 73
22.8464 0000 77.2433 68
22.8790 0000 77.2237 83
