wt=151657741, DLLFiFo=0
-27.4371 0000 104.7647 170
-27.3966 0000 104.7768 188
-27.3597 0000 104.8137 194
-27.3224 0000 104.8482 183
-27.2936 0000 104.9420 126
-27.2673 0000 105.0534 110
-27.2366 0000 105.1350 116
-27.1936 0000 105.1299 131
-27.1459 0000 105.0925 153
-27.1018 0000 105.0799 152
-27.0594 0000 105.0797 154
-27.0146 0000 105.0622 165
-26.9758 0000 105.0868 178
-26.9373 0000 105.1139 220
-26.8956 0000 105.1187 258
-26.8529 0000 105.1160 264
-26.8095 0000 105.1084 239
-26.7675 0000 105.1107 215
-26.7265 0000 105.1204 201
-26.6880 0000 105.1475 221
-26.6470 0000 105.1572 227
-26.6060 0000 105.1670 211
-26.5643 0000 105.1717 198
-26.5216 0000 105.1691 200
-26.4778 0000 105.1590 195
-26.4341 0000 105.1488 176
-26.3855 0000 105.1040 150
-26.3414 0000 105.0914 137
-26.2980 0000 105.0838 139
-26.2567 0000 105.0910 155
-26.2153 0000 105.0983 182
-26.1723 0000 105.0931 191
-26.1292 0000 105.0880 182
-26.0872 0000 105.0902 166
-26.0492 0000 105.1223 136
-26.0156 0000 105.1866 132
-25.9743 0000 105.1938 144
-25.9329 0000 105.2011 158
-25.8908 0000 105.2034 161
-25.8484 0000 105.2032 142
-25.8076 0000 105.2154 113
-25.7807 0000 105.3294 114
-25.7443 0000 105.3740 130
-25.7048 0000 105.3962 153
-25.6580 0000 105.3636 146
-25.6146 0000 105.3560 135
-25.5711 0000 105.3483 122
-25.5280 0000 105.3431 117
-25.4858 0000 105.3454 113
-25.4640 0000 105.4994 105
-25.4334 0000 105.5889 116
-25.3853 0000 105.5463 140
-25.3325 0000 105.4689 153
-25.2874 0000 105.4487 150
-25.2445 0000 105.4460 153
-25.2030 0000 105.4533 170
-25.1562 0000 105.4207 193
-25.1134 0000 105.4180 202
-25.0634 0000 105.3606 208
-25.0212 0000 105.3628 209
-24.9830 0000 105.3949 212
-24.9454 0000 105.4320 193
-24.9116 0000 105.4990 198
-24.8717 0000 105.5187 202
-24.8337 0000 105.5533 212
-24.7915 0000 105.5555 204
-24.7489 0000 105.5553 194
-24.7063 0000 105.5551 193
-24.6673 0000 105.5822 194
-24.6209 0000 105.5521 186
-24.5739 0000 105.5170 187
-24.5307 0000 105.5117 186
-24.4875 0000 105.5065 184
-24.4407 0000 105.4739 186
-24.3985 0000 105.4761 180
-24.3607 0000 105.5132 183
-24.3270 0000 105.5827 210
-24.2895 0000 105.6224 222
-24.2476 0000 105.6271 223
-24.2050 0000 105.6268 209
-24.1586 0000 105.5967 190
-24.1144 0000 105.5839 157
-24.0655 0000 105.5338 136
-24.0160 0000 105.4788 134
-23.9750 0000 105.4910 146
-23.9337 0000 105.5007 143
-23.8907 0000 105.4979 128
-23.8469 0000 105.4877 116
-23.8021 0000 105.4700 110
-23.7583 0000 105.4598 115
-23.7247 0000 105.5317 127
-23.6920 0000 105.6112 167
-23.6552 0000 105.6583 190
-23.6175 0000 105.6980 206
-23.5758 0000 105.7052 213
-23.5334 0000 105.7074 220
-23.4862 0000 105.6697 206
-23.4377 0000 105.6220 205
-23.3865 0000 105.5520 202
-23.3439 0000 105.5517 193
-23.3061 0000 105.5913 180
-23.2723 0000 105.6633 164
-23.2338 0000 105.6980 180
-23.1921 0000 105.7052 191
-23.1500 0000 105.7099 177
-23.1094 0000 105.7271 140
-23.0701 0000 105.7543 136
-23.0334 0000 105.8040 133
-22.9880 0000 105.7813 135
-22.9456 0000 105.7835 146
-22.9029 0000 105.7832 154
-22.8599 0000 105.7804 150
-22.8204 0000 105.8076 148
-22.7780 0000 105.8098 134
-22.7311 0000 105.7746 110
-22.6745 0000 105.6569 91
-22.6232 0000 105.5843 88
-22.5800 0000 105.5790 91
-22.5388 0000 105.5912 103
-22.4973 0000 105.6009 112
-22.4543 0000 105.5981 119
-22.4116 0000 105.5978 132
-22.3713 0000 105.6175 118
-22.3265 0000 105.5998 100
-22.2859 0000 105.6169 84
-22.2464 0000 105.6441 82
-22.2040 0000 105.6463 106
-22.1633 0000 105.6635 108
-22.1252 0000 105.7032 93
-22.0940 0000 105.8029 80
-22.0568 0000 105.8501 79
-22.0106 0000 105.8198 82
-21.9621 0000 105.7695 74
-21.9108 0000 105.6943 78
-21.8686 0000 105.6990 95
-21.8270 0000 105.7087 106
-21.7917 0000 105.7734 101
-21.7589 0000 105.8607 107
-21.7213 0000 105.9054 119
-21.6822 0000 105.9377 138
-21.6422 0000 105.9625 144
-21.6000 0000 105.9672 161
-21.5583 0000 105.9770 175
-21.5158 0000 105.9792 173
-21.4722 0000 105.9714 152
-21.4268 0000 105.9486 136
-21.3877 0000 105.9809 134
-21.3482 0000 106.0107 136
-21.3057 0000 106.0129 155
-21.2634 0000 106.0177 165
-21.2265 0000 106.0700 174
-21.1853 0000 106.0848 195
-21.1463 0000 106.1197 205
-21.1038 0000 106.1219 209
-21.0598 0000 106.1116 194
-21.0159 0000 106.1013 189
-20.9739 0000 106.1086 204
-20.9362 0000 106.1560 207
-20.8980 0000 106.1984 221
-20.8519 0000 106.1680 226
-20.7995 0000 106.0799 244
-20.7491 0000 106.0094 266
-20.7065 0000 106.0116 286
-20.6639 0000 106.0139 297
-20.6206 0000 106.0086 295
-20.5777 0000 106.0083 287
-20.5395 0000 106.0507 292
-20.5030 0000 106.1106 287
-20.4610 0000 106.1179 272
-20.4187 0000 106.1227 253
-20.3761 0000 106.1249 235
-20.3329 0000 106.1221 223
-20.2874 0000 106.0968 216
-20.2401 0000 106.0538 170
-20.1946 0000 106.0285 141
-20.1523 0000 106.0333 111
-20.1191 0000 106.1258 95
-20.0812 0000 106.1733 91
-20.0386 0000 106.1755 93
-19.9999 0000 106.2155 107
-19.9601 0000 106.2454 132
-19.9113 0000 106.1873 142
-19.8634 0000 106.1393 139
-19.8187 0000 106.1215 143
-19.7746 0000 106.1087 138
-19.7286 0000 106.0783 128
-19.6860 0000 106.0805 145
-19.6434 0000 106.0828 145
-19.6010 0000 106.0876 143
-19.5617 0000 106.1224 139
-19.5196 0000 106.1297 140
-19.4764 0000 106.1269 128
-19.4303 0000 106.0941 116
-19.3788 0000 106.0085 110
-19.3307 0000 105.9556 105
-19.2906 0000 105.9829 105
-19.2490 0000 105.9952 115
-19.2083 0000 106.0175 123
-19.1809 0000 106.1729 132
-19.1418 0000 106.2103 164
-19.0991 0000 106.2126 186
-19.0559 0000 106.2098 208
-19.0128 0000 106.2070 213
-18.9696 0000 106.2043 190
-18.9267 0000 106.2040 164
-18.8904 0000 106.2716 157
-18.8548 0000 106.3469 174
-18.8124 0000 106.3517 197
-18.7687 0000 106.3439 220
-18.7247 0000 106.3335 233
-18.6764 0000 106.2779 247
-18.6330 0000 106.2727 269
-18.5929 0000 106.3026 269
-18.5507 0000 106.3099 265
-18.5087 0000 106.3197 245
-18.4713 0000 106.3774 227
-18.4250 0000 106.3419 228
-18.3815 0000 106.3366 226
-18.3393 0000 106.3439 208
-18.2839 0000 106.2128 159
-18.2377 0000 106.1774 141
-18.1719 0000 105.9337 152
-18.1292 0000 105.9360 143
-18.0875 0000 105.9483 118
-18.0549 0000 106.0584 92
-18.0169 0000 106.1109 94
-17.9756 0000 106.1282 98
-17.9362 0000 106.1656 111
-17.8951 0000 106.1855 107
-17.8443 0000 106.0998 103
-17.7896 0000 105.9716 123
-17.7421 0000 105.9212 135
-17.6988 0000 105.9160 119
-17.6559 0000 105.9157 103
-17.6157 0000 105.9455 99
-17.5762 0000 105.9829 93
-17.5333 0000 105.9827 127
-17.4904 0000 105.9824 176
-17.4475 0000 105.9822 189
-17.4008 0000 105.9393 170
-17.3590 0000 105.9516 150
-17.3192 0000 105.9864 166
-17.2772 0000 105.9962 161
-17.2339 0000 105.9910 152
-17.1898 0000 105.9782 141
-17.1462 0000 105.9704 123
-17.1005 0000 105.9376 111
-17.0512 0000 105.8646 88
-17.0050 0000 105.8268 93
-16.9713 0000 105.9318 100
-16.9323 0000 105.9767 146
-16.8889 0000 105.9714 201
-16.8451 0000 105.9611 209
-16.7972 0000 105.9032 187
-16.7532 0000 105.8905 199
-16.7112 0000 105.9002 220
-16.6711 0000 105.9326 194
-16.6342 0000 106.0025 176
-16.5972 0000 106.0726 185
-16.5579 0000 106.1150 230
-16.5143 0000 106.1072 248
-16.4683 0000 106.0718 256
-16.4222 0000 106.0339 217
-16.3754 0000 105.9885 192
-16.3314 0000 105.9757 157
-16.2875 0000 105.9629 134
-16.2393 0000 105.9000 125
-16.1961 0000 105.8972 127
-16.1590 0000 105.9672 163
-16.1194 0000 106.0071 218
-16.0767 0000 106.0093 261
-16.0314 0000 105.9815 270
-15.9870 0000 105.9637 290
-15.9459 0000 105.9860 264
-15.9017 0000 105.9707 202
-15.8555 0000 105.9303 185
-15.8130 0000 105.9350 168
-15.7940 0000 106.2312 131
-15.7573 0000 106.3090 135
-15.7149 0000 106.3163 136
-15.6579 0000 106.1424 139
-15.6123 0000 106.1095 150
-15.5721 0000 106.1444 156
-15.5343 0000 106.2096 168
-15.4927 0000 106.2269 166
-15.4496 0000 106.2267 165
-15.4058 0000 106.2164 171
-15.3598 0000 106.1784 169
-15.3180 0000 106.1932 166
-15.2750 0000 106.1930 159
-15.2260 0000 106.1173 158
-15.1770 0000 106.0391 169
-15.1342 0000 106.0414 163
-15.0949 0000 106.0888 153
-15.0528 0000 106.1011 170
-15.0100 0000 106.1034 198
-14.9674 0000 106.1082 202
-14.9246 0000 106.1104 195
-14.8812 0000 106.1051 184
-14.8364 0000 106.0822 186
-14.7963 0000 106.1197 183
-14.7563 0000 106.1596 197
-14.7138 0000 106.1669 235
-14.6683 0000 106.1340 224
-14.6249 0000 106.1287 211
-14.5853 0000 106.1737 217
-14.5460 0000 106.2237 225
-14.5054 0000 106.2562 261
-14.4621 0000 106.2534 268
-14.4162 0000 106.2154 248
-14.3704 0000 106.1774 249
-14.3264 0000 106.1645 228
-14.2812 0000 106.1341 215
-14.2352 0000 106.0935 187
-14.1885 0000 106.0430 210
-14.1429 0000 106.0076 214
-14.1001 0000 106.0098 231
-14.0579 0000 106.0221 249
-14.0189 0000 106.0771 272
-13.9793 0000 106.1246 267
-13.9398 0000 106.1746 275
-13.9013 0000 106.2373 257
-13.8594 0000 106.2546 252
-13.8169 0000 106.2619 252
-13.7752 0000 106.2818 243
-13.7321 0000 106.2815 227
-13.6901 0000 106.2964 186
-13.6470 0000 106.2961 146
-13.5972 0000 106.2001 122
-13.5466 0000 106.0916 123
-13.4980 0000 106.0109 131
-13.4567 0000 106.0357 113
-13.4367 0000 106.3703 89
-13.3960 0000 106.4053 92
-13.3516 0000 106.3874 93
-13.3068 0000 106.3618 95
-13.2638 0000 106.3641 98
-13.2198 0000 106.3512 111
-13.1747 0000 106.3206 130
-13.1320 0000 106.3279 156
-13.0913 0000 106.3629 171
-13.0515 0000 106.4131 151
-13.0159 0000 106.5264 170
-12.9759 0000 106.5741 170
-12.9349 0000 106.6067 193
-12.8902 0000 106.5836 189
-12.8470 0000 106.5833 188
-12.8075 0000 106.6386 181
-12.7652 0000 106.6535 174
-12.7263 0000 106.7190 174
-12.6835 0000 106.7263 179
-12.6405 0000 106.7285 176
-12.5974 0000 106.7308 177
-12.5543 0000 106.7330 185
-12.5116 0000 106.7403 197
-12.4718 0000 106.7957 217
-12.4294 0000 106.8080 233
-12.3884 0000 106.8432 245
-12.3452 0000 106.8454 217
-12.3018 0000 106.8426 181
-12.2609 0000 106.8803 160
-12.2179 0000 106.8850 173
-12.1743 0000 106.8797 185
-12.1309 0000 106.8768 186
-12.0913 0000 106.9374 204
-12.0508 0000 106.9827 226
-12.0084 0000 106.9976 237
-11.9671 0000 107.0303 241
-11.9239 0000 107.0326 217
-11.8809 0000 107.0373 177
-11.8391 0000 107.0624 144
-11.7983 0000 107.1053 103
-11.7522 0000 107.0592 81
-11.6955 0000 106.8330 113
-11.6506 0000 106.8048 127
-11.6054 0000 106.7715 120
-11.5600 0000 106.7357 141
-11.5176 0000 106.7506 141
-11.4748 0000 106.7579 126
-11.4337 0000 106.7955 124
-11.3922 0000 106.8256 132
-11.3493 0000 106.8329 159
-11.3089 0000 106.8833 172
-11.2709 0000 106.9768 154
-11.2346 0000 107.1010 149
-11.1972 0000 107.2075 146
-11.1572 0000 107.2682 132
-11.1154 0000 107.2959 135
-11.0687 0000 107.2370 145
-11.0257 0000 107.2443 172
-10.9833 0000 107.2618 201
-10.9399 0000 107.2615 207
-10.8955 0000 107.2433 210
-10.8517 0000 107.2353 214
-10.8091 0000 107.2503 202
-10.7676 0000 107.2856 179
-10.7226 0000 107.2547 192
-10.6776 0000 107.2264 190
-10.6311 0000 107.1675 185
-10.5869 0000 107.1519 185
-10.5426 0000 107.1337 190
-10.4991 0000 107.1309 158
-10.4558 0000 107.1331 141
-10.4139 0000 107.1607 126
-10.3742 0000 107.2316 124
-10.3349 0000 107.3128 140
-10.2966 0000 107.4119 162
-10.2558 0000 107.4626 178
-10.2147 0000 107.5108 202
-10.1733 0000 107.5514 202
-10.1316 0000 107.5868 221
-10.0888 0000 107.5993 252
-10.0473 0000 107.6399 314
-10.0053 0000 107.6702 321
-9.9619 0000 107.6724 314
-9.9183 0000 107.6696 289
-9.8748 0000 107.6692 265
-9.8317 0000 107.6791 253
-9.7887 0000 107.6890 250
-9.7466 0000 107.7194 239
-9.7045 0000 107.7472 244
-9.6629 0000 107.7879 233
-9.6197 0000 107.7953 228
-9.5764 0000 107.8000 217
-9.5344 0000 107.8330 210
-9.4893 0000 107.7994 207
-9.4439 0000 107.7606 192
-9.3983 0000 107.7167 225
-9.3545 0000 107.7113 256
-9.3111 0000 107.7135 260
-9.2678 0000 107.7183 268
-9.2252 0000 107.7384 273
-9.1807 0000 107.7176 306
-9.1380 0000 107.7352 276
-9.0950 0000 107.7477 271
-9.0513 0000 107.7448 266
-9.0071 0000 107.7291 238
-8.9609 0000 107.6673 190
-8.9168 0000 107.6542 153
-8.8733 0000 107.6564 139
-8.8286 0000 107.6279 148
-8.7842 0000 107.6071 152
-8.7405 0000 107.6042 133
-8.6972 0000 107.6090 124
-8.6537 0000 107.6087 122
-8.6100 0000 107.6032 128
-8.5663 0000 107.6003 122
-8.5227 0000 107.5974 101
-8.4795 0000 107.6048 90
-8.4376 0000 107.6428 86
-8.3952 0000 107.6706 93
-8.3526 0000 107.6933 96
-8.3064 0000 107.6290 119
-8.2633 0000 107.6389 149
-8.2205 0000 107.6564 164
-8.1789 0000 107.7047 177
-8.1360 0000 107.7197 208
-8.0930 0000 107.7347 221
-8.0495 0000 107.7370 196
-8.0059 0000 107.7340 162
-7.9621 0000 107.7286 141
-7.9197 0000 107.7564 124
-7.8774 0000 107.7894 127
-7.8338 0000 107.7890 127
-7.7893 0000 107.7630 160
-7.7455 0000 107.7576 225
-7.7015 0000 107.7470 241
-7.6576 0000 107.7364 197
-7.6139 0000 107.7334 148
-7.5708 0000 107.7433 113
-7.5285 0000 107.7788 113
-7.4843 0000 107.7606 153
-7.4407 0000 107.7602 193
-7.3979 0000 107.7803 210
-7.3555 0000 107.8133 221
-7.3138 0000 107.8668 225
-7.2719 0000 107.9151 246
-7.2287 0000 107.9276 254
-7.1872 0000 107.9863 266
-7.1441 0000 108.0013 279
-7.1017 0000 108.0395 299
-7.0583 0000 108.0443 290
-7.0156 0000 108.0722 263
-6.9726 0000 108.0924 259
-6.9307 0000 108.1434 245
-6.8863 0000 108.1199 237
-6.8432 0000 108.1375 223
-6.7997 0000 108.1423 262
-6.7564 0000 108.1522 328
-6.7130 0000 108.1622 398
-6.6703 0000 108.1901 448
-6.6276 0000 108.2206 380
-6.5845 0000 108.2383 324
-6.5427 0000 108.2997 284
-6.5003 0000 108.3431 272
-6.4580 0000 108.3866 268
-6.4156 0000 108.4301 266
-6.3724 0000 108.4477 237
-6.3296 0000 108.4783 219
-6.2858 0000 108.4754 188
-6.2414 0000 108.4518 155
-6.1942 0000 108.3328 150
-6.1488 0000 108.2757 151
-6.1060 0000 108.3063 159
-6.0644 0000 108.3781 132
-6.0223 0000 108.4344 145
-5.9796 0000 108.4728 145
-5.9363 0000 108.4853 160
-5.8939 0000 108.5366 173
-5.8504 0000 108.5440 169
-5.8076 0000 108.5797 152
-5.7631 0000 108.5510 156
-5.7193 0000 108.5480 161
-5.6763 0000 108.5760 186
-5.6335 0000 108.6118 203
-5.5898 0000 108.6141 227
-5.5461 0000 108.6188 262
-5.5026 0000 108.6262 290
-5.4590 0000 108.6336 283
-5.4159 0000 108.6617 254
-5.3722 0000 108.6613 248
-5.3284 0000 108.6609 249
-5.2840 0000 108.6347 268
-5.2401 0000 108.6317 269
-5.1963 0000 108.6288 257
-5.1527 0000 108.6361 251
-5.1105 0000 108.7004 278
-5.0670 0000 108.7156 320
-5.0240 0000 108.7463 326
-4.9796 0000 108.7226 348
-4.9357 0000 108.7145 354
-4.8918 0000 108.7089 342
-4.8485 0000 108.7344 297
-4.8048 0000 108.7366 266
-4.7618 0000 108.7751 240
-4.7174 0000 108.7436 241
-4.6728 0000 108.7044 251
-4.6278 0000 108.6497 251
-4.5839 0000 108.6416 245
-4.5401 0000 108.6412 240
-4.4973 0000 108.6900 237
-4.4537 0000 108.6974 232
-4.4092 0000 108.6582 218
-4.3638 0000 108.5751 206
-4.3197 0000 108.5566 169
-4.2747 0000 108.4917 170
-4.2311 0000 108.4990 177
-4.1875 0000 108.5090 170
-4.1439 0000 108.5138 151
-4.1005 0000 108.5366 124
-4.0569 0000 108.5440 120
-4.0132 0000 108.5436 122
-3.9690 0000 108.5200 119
-3.9237 0000 108.4293 114
-3.8793 0000 108.3876 119
-3.8357 0000 108.3950 120
-3.7927 0000 108.4359 118
-3.7502 0000 108.5156 119
-3.7066 0000 108.5229 112
-3.6628 0000 108.5200 102
-3.6186 0000 108.4912 105
-3.5759 0000 108.5554 118
-3.5332 0000 108.6248 165
-3.4901 0000 108.6736 252
-3.4466 0000 108.6887 238
-3.4025 0000 108.6702 214
-3.3587 0000 108.6647 204
-3.3141 0000 108.6048 191
-3.2698 0000 108.5631 184
-3.2259 0000 108.5550 164
-3.1819 0000 108.5314 157
-3.1378 0000 108.5052 133
-3.0940 0000 108.5048 121
-3.0499 0000 108.4760 112
-3.0062 0000 108.4705 103
-2.9624 0000 108.4701 107
-2.9187 0000 108.4697 114
-2.8749 0000 108.4616 130
-2.8311 0000 108.4587 161
-2.7876 0000 108.4790 159
-2.7442 0000 108.5096 143
-2.7012 0000 108.5763 142
-2.6571 0000 108.5450 136
-2.6133 0000 108.5369 156
-2.5698 0000 108.5623 181
-2.5270 0000 108.6550 204
-2.4836 0000 108.6934 231
-2.4398 0000 108.6853 235
-2.3959 0000 108.6720 229
-2.3516 0000 108.6173 244
-2.3078 0000 108.6092 273
-2.2640 0000 108.6010 279
-2.2202 0000 108.5955 251
-2.1764 0000 108.5925 206
-2.1325 0000 108.5586 172
-2.0879 0000 108.4472 137
-2.0441 0000 108.4314 127
-2.0006 0000 108.4594 133
-1.9569 0000 108.4539 137
-1.9131 0000 108.4535 139
-1.8694 0000 108.4531 140
-1.8257 0000 108.4502 128
-1.7817 0000 108.3956 114
-1.7380 0000 108.3875 111
-1.6941 0000 108.3459 122
-1.6504 0000 108.3481 152
-1.6068 0000 108.3581 165
-1.5632 0000 108.3680 157
-1.5198 0000 108.4295 157
-1.4761 0000 108.4369 162
-1.4324 0000 108.4365 155
-1.3886 0000 108.4104 158
-1.3450 0000 108.4074 159
-1.3012 0000 108.3761 148
-1.2575 0000 108.3654 141
-1.2137 0000 108.3213 135
-1.1702 0000 108.3905 144
-1.1266 0000 108.4288 150
-1.0830 0000 108.4620 151
-1.0393 0000 108.4642 133
-0.9956 0000 108.4380 108
-0.9519 0000 108.4376 97
-0.9082 0000 108.4321 89
-0.8645 0000 108.3957 82
-0.8209 0000 108.4030 97
-0.7772 0000 108.4001 128
-0.7335 0000 108.3920 158
-0.6899 0000 108.3633 177
-0.6462 0000 108.4119 197
-0.6025 0000 108.4244 205
-0.5589 0000 108.4317 191
-0.5152 0000 108.4288 154
-0.4715 0000 108.4258 117
-0.4278 0000 108.4513 98
-0.3841 0000 108.4664 80
-0.3404 0000 108.5073 80
-0.2967 0000 108.5121 84
-0.2531 0000 108.4885 91
-0.2094 0000 108.4855 104
-0.1657 0000 108.4800 103
-0.1221 0000 108.4796 96
-0.0782 0000 108.5438 99
-0.0345 0000 108.5537 112
0.0093 0000 108.5688 123
0.0532 0000 108.6356 128
0.0971 0000 108.6818 131
0.1410 0000 108.7305 152
0.1849 0000 108.7586 149
0.2285 0000 108.7504 150
0.2719 0000 108.6777 153
0.3155 0000 108.6592 162
0.3590 0000 108.6201 171
0.4025 0000 108.5835 189
0.4469 0000 108.6917 190
0.4906 0000 108.6913 197
0.5348 0000 108.7737 204
0.5788 0000 108.8251 208
0.6234 0000 108.9542 206
0.6678 0000 109.0446 196
0.7121 0000 109.1194 189
0.7560 0000 109.1320 179
0.8005 0000 109.2200 175
0.8449 0000 109.2924 214
0.8887 0000 109.2868 251
0.9325 0000 109.2838 267
0.9763 0000 109.2782 259
1.0199 0000 109.2441 235
1.0640 0000 109.2723 241
1.1078 0000 109.2771 236
1.1520 0000 109.3131 208
1.1963 0000 109.3570 189
1.2409 0000 109.4321 175
1.2851 0000 109.4656 173
1.3283 0000 109.4001 175
1.3718 0000 109.3606 174
1.4153 0000 109.3264 162
1.4592 0000 109.3312 174
1.5034 0000 109.3647 203
1.5473 0000 109.3669 224
1.5913 0000 109.3717 245
1.6358 0000 109.4286 259
1.6802 0000 109.4725 252
1.7246 0000 109.5164 248
1.7691 0000 109.5577 269
1.8135 0000 109.5965 263
1.8574 0000 109.5987 259
1.9017 0000 109.6270 261
1.9462 0000 109.6684 233
1.9904 0000 109.6837 204
2.0348 0000 109.7172 178
2.0787 0000 109.7142 145
2.1218 0000 109.6512 118
2.1658 0000 109.6586 106
2.2103 0000 109.6974 115
2.2543 0000 109.6970 132
2.2986 0000 109.7227 136
2.3427 0000 109.7276 129
2.3867 0000 109.7298 120
2.4305 0000 109.7242 115
2.4747 0000 109.7369 113
2.5195 0000 109.7861 128
2.5634 0000 109.7805 151
2.6066 0000 109.7357 171
2.6503 0000 109.7196 192
2.6941 0000 109.7140 190
2.7381 0000 109.7162 174
2.7829 0000 109.7603 143
2.8288 0000 109.8645 131
2.8751 0000 109.9898 138
2.9203 0000 110.0524 127
2.9644 0000 110.0546 115
3.0085 0000 110.0595 116
3.0526 0000 110.0591 137
3.0959 0000 110.0220 174
3.1391 0000 109.9797 180
3.1824 0000 109.9452 216
3.2262 0000 109.9344 212
3.2703 0000 109.9340 180
3.3145 0000 109.9441 161
3.3589 0000 109.9647 149
3.4089 0000 110.2398 105
3.4591 0000 110.5211 110
3.5021 0000 110.4706 108
3.5445 0000 110.3912 101
3.5877 0000 110.3461 90
3.6306 0000 110.2958 73
3.6723 0000 110.1903 77
3.7165 0000 110.1951 83
3.7614 0000 110.2263 83
3.8065 0000 110.2706 70
3.8526 0000 110.3544 79
3.8971 0000 110.3672 102
3.9412 0000 110.3694 123
3.9862 0000 110.4007 156
4.0309 0000 110.4266 152
4.0753 0000 110.4342 147
4.1202 0000 110.4628 132
4.1646 0000 110.4729 142
4.2088 0000 110.4752 151
4.2532 0000 110.4854 151
4.2980 0000 110.5087 155
4.3422 0000 110.5084 139
4.3866 0000 110.5185 113
4.4316 0000 110.5498 90
4.4780 0000 110.6286 62
4.5302 0000 110.9217 55
4.5756 0000 110.9611 75
4.6198 0000 110.9580 106
4.6641 0000 110.9603 120
4.7082 0000 110.9547 117
4.7517 0000 110.9252 114
4.7958 0000 110.9195 97
4.8401 0000 110.9191 92
4.8845 0000 110.9241 103
4.9290 0000 110.9343 113
4.9737 0000 110.9472 102
5.0200 0000 111.0130 80
5.0658 0000 111.0631 79
5.1114 0000 111.1078 87
5.1560 0000 111.1154 99
5.1998 0000 111.0991 105
5.2427 0000 111.0536 109
5.2870 0000 111.0533 123
5.3314 0000 111.0582 125
5.3762 0000 111.0737 112
5.4204 0000 111.0681 91
5.4648 0000 111.0730 92
5.5095 0000 111.0833 100
5.5541 0000 111.0935 105
5.5988 0000 111.1037 127
5.6432 0000 111.1087 154
5.6875 0000 111.1057 149
5.7318 0000 111.1079 125
5.7773 0000 111.1421 112
5.8232 0000 111.1895 91
5.8701 0000 111.2635 102
5.9160 0000 111.3083 141
5.9604 0000 111.3106 155
6.0038 0000 111.2809 127
6.0477 0000 111.2699 111
6.0928 0000 111.2908 111
6.1377 0000 111.3064 106
6.1844 0000 111.3725 105
6.2303 0000 111.4147 96
6.2760 0000 111.4516 89
6.3214 0000 111.4778 96
6.3662 0000 111.4907 94
6.4125 0000 111.5410 88
6.4577 0000 111.5619 85
6.5082 0000 111.7269 89
6.5590 0000 111.8948 115
6.6063 0000 111.9693 135
6.6496 0000 111.9395 122
6.6908 0000 111.8535 109
6.7318 0000 111.7623 112
6.7790 0000 111.8340 130
6.8244 0000 111.8577 152
6.8716 0000 111.9268 165
6.9166 0000 111.9398 163
6.9612 0000 111.9421 156
7.0025 0000 111.8615 150
7.0431 0000 111.7649 150
7.0862 0000 111.7325 171
7.1336 0000 111.8042 197
7.1799 0000 111.8492 245
7.2252 0000 111.8702 266
7.2715 0000 111.9152 263
7.3163 0000 111.9229 241
7.3599 0000 111.9011 190
7.4037 0000 111.8846 159
7.4443 0000 111.7934 145
7.4850 0000 111.7049 138
7.5283 0000 111.6778 139
7.5743 0000 111.7147 115
7.6207 0000 111.7597 110
7.6689 0000 111.8475 112
7.7156 0000 111.8978 112
7.7597 0000 111.8894 101
7.8013 0000 111.8249 93
7.8428 0000 111.7577 95
7.8850 0000 111.7066 91
7.9258 0000 111.6261 101
7.9690 0000 111.5991 128
8.0134 0000 111.5987 138
8.0590 0000 111.6249 158
8.1050 0000 111.6592 152
8.1502 0000 111.6774 137
8.1975 0000 111.7384 106
8.2426 0000 111.7540 102
8.2870 0000 111.7536 125
8.3313 0000 111.7505 141
8.3755 0000 111.7448 133
8.4200 0000 111.7470 113
8.4658 0000 111.7760 109
8.5106 0000 111.7836 98
8.5556 0000 111.7938 85
8.6022 0000 111.8388 77
8.6472 0000 111.8518 85
8.6951 0000 111.9209 103
8.7407 0000 111.9445 126
8.7880 0000 112.0030 152
8.8329 0000 112.0106 163
8.8774 0000 112.0102 155
8.9213 0000 111.9990 139
8.9642 0000 111.9665 130
9.0082 0000 111.9581 118
9.0541 0000 111.9871 117
9.0973 0000 111.9599 123
9.1403 0000 111.9327 151
9.1851 0000 111.9377 180
9.2298 0000 111.9426 189
9.2753 0000 111.9636 188
9.3208 0000 111.9819 163
9.3653 0000 111.9842 178
9.4105 0000 111.9971 196
9.4572 0000 112.0395 202
9.5038 0000 112.0793 239
9.5500 0000 112.1110 229
9.5949 0000 112.1187 224
9.6412 0000 112.1531 214
9.6859 0000 112.1553 215
9.7304 0000 112.1549 207
9.7748 0000 112.1545 194
9.8195 0000 112.1568 175
9.8638 0000 112.1537 154
9.9040 0000 112.0755 157
9.9463 0000 112.0349 152
9.9910 0000 112.0399 153
10.0377 0000 112.0796 157
10.0826 0000 112.0873 150
10.1274 0000 112.0922 151
10.1733 0000 112.1186 146
10.2186 0000 112.1316 157
10.2669 0000 112.1982 171
10.3112 0000 112.1951 166
10.3518 0000 112.1276 159
10.3972 0000 112.1433 176
10.4421 0000 112.1509 189
10.4875 0000 112.1666 199
10.5348 0000 112.2144 200
10.5813 0000 112.2489 216
10.6257 0000 112.2458 210
10.6697 0000 112.2373 196
10.7116 0000 112.1940 178
10.7537 0000 112.1533 189
10.7977 0000 112.1449 178
10.8402 0000 112.1123 137
10.8748 0000 111.9486 118
10.9131 0000 111.8466 144
10.9555 0000 111.8141 196
10.9997 0000 111.8111 207
11.0437 0000 111.8053 186
11.0881 0000 111.8049 149
11.1330 0000 111.8125 118
11.1782 0000 111.8254 104
11.2268 0000 111.8945 109
11.2777 0000 111.9984 125
11.3234 0000 112.0194 155
11.3707 0000 112.0644 172
11.4173 0000 112.0988 197
11.4614 0000 112.0931 202
11.5053 0000 112.0846 203
11.5499 0000 112.0869 217
11.5943 0000 112.0864 234
11.6385 0000 112.0833 241
11.6811 0000 112.0535 259
11.7253 0000 112.0504 258
11.7681 0000 112.0259 233
11.8123 0000 112.0228 219
11.8539 0000 111.9795 198
11.8932 0000 111.9016 192
11.9362 0000 111.8798 191
11.9765 0000 111.8180 192
12.0228 0000 111.8469 187
12.0666 0000 111.8385 162
12.1106 0000 111.8327 144
12.1535 0000 111.8109 142
12.2001 0000 111.8452 124
12.2473 0000 111.8875 130
12.2928 0000 111.9031 142
12.3391 0000 111.9321 161
12.3851 0000 111.9557 148
12.4323 0000 111.9981 147
12.4804 0000 112.0511 166
12.5253 0000 112.0587 215
12.5704 0000 112.0690 245
12.6153 0000 112.0766 258
12.6599 0000 112.0788 247
12.7016 0000 112.0409 199
12.7441 0000 112.0137 150
12.7851 0000 111.9651 120
12.8339 0000 112.0289 104
12.8875 0000 112.1596 108
12.9410 0000 112.2878 134
12.9859 0000 112.2953 149
13.0277 0000 112.2574 144
13.0663 0000 112.1765 130
13.1055 0000 112.1038 122
13.1485 0000 112.0846 114
13.1898 0000 112.0413 113
13.2320 0000 112.0114 120
13.2742 0000 111.9816 118
13.3184 0000 111.9784 126
13.3666 0000 112.0315 137
13.4121 0000 112.0470 149
13.4591 0000 112.0840 136
13.5044 0000 112.0969 123
13.5539 0000 112.1661 123
13.5988 0000 112.1737 142
13.6434 0000 112.1759 176
13.6911 0000 112.2209 194
13.7335 0000 112.1937 176
13.7742 0000 112.1450 139
13.8184 0000 112.1418 129
13.8617 0000 112.1280 132
13.9052 0000 112.1168 139
13.9503 0000 112.1270 143
13.9999 0000 112.1962 147
14.0451 0000 112.2064 156
14.0896 0000 112.2086 153
14.1346 0000 112.2161 129
14.1678 0000 112.0711 105
14.2111 0000 112.0572 106
14.2576 0000 112.0862 123
14.3017 0000 112.0830 144
14.3456 0000 112.0772 159
14.3891 0000 112.0660 162
14.4329 0000 112.0601 160
14.4749 0000 112.0302 170
14.5188 0000 112.0244 171
14.5630 0000 112.0239 164
14.6086 0000 112.0394 153
14.6539 0000 112.0523 156
14.6971 0000 112.0384 171
14.7354 0000 111.9631 173
14.7756 0000 111.9118 180
14.8190 0000 111.9006 222
14.8645 0000 111.9162 261
14.9096 0000 111.9264 255
14.9567 0000 111.9606 242
15.0033 0000 111.9895 269
15.0467 0000 111.9783 240
15.0912 0000 111.9805 230
15.1321 0000 111.9399 216
15.1753 0000 111.9260 223
15.2173 0000 111.8988 241
15.2613 0000 111.8956 224
15.3053 0000 111.8925 197
15.3497 0000 111.8946 185
15.3944 0000 111.8995 180
15.4386 0000 111.8990 167
15.4833 0000 111.9038 153
15.5320 0000 111.9567 150
15.5823 0000 112.0284 138
15.6272 0000 112.0360 136
15.6717 0000 112.0381 138
15.7125 0000 111.9975 122
15.7517 0000 111.9382 114
15.7907 0000 111.8762 127
15.8292 0000 111.8090 160
15.8740 0000 111.8165 182
15.9187 0000 111.8213 192
15.9649 0000 111.8448 210
16.0098 0000 111.8523 214
16.0549 0000 111.8625 221
16.1010 0000 111.8834 206
16.1449 0000 111.8802 197
16.1894 0000 111.8824 186
16.2366 0000 111.9166 175
16.2820 0000 111.9294 153
16.3406 0000 112.0921 139
16.3902 0000 112.1532 149
16.4407 0000 112.2223 171
16.4854 0000 112.2272 208
16.5326 0000 112.2589 267
16.5775 0000 112.2664 293
16.6247 0000 112.2981 275
16.6728 0000 112.3405 256
16.7208 0000 112.3803 259
16.7687 0000 112.4201 228
16.8164 0000 112.4572 230
16.8610 0000 112.4593 237
16.9045 0000 112.4508 256
16.9466 0000 112.4261 289
16.9939 0000 112.4578 264
17.0397 0000 112.4734 248
17.0877 0000 112.5133 235
17.1350 0000 112.5450 178
17.1788 0000 112.5391 140
17.2229 0000 112.5359 127
17.2670 0000 112.5327 131
17.3085 0000 112.5026 150
17.3536 0000 112.5102 163
17.3989 0000 112.5204 168
17.4435 0000 112.5226 162
17.4873 0000 112.5167 143
17.5313 0000 112.5135 125
17.5794 0000 112.5534 115
17.6283 0000 112.6013 118
17.6739 0000 112.6142 115
17.7211 0000 112.6433 107
17.7685 0000 112.6751 113
17.8159 0000 112.7069 112
17.8652 0000 112.7575 117
17.9176 0000 112.8406 130
17.9624 0000 112.8455 147
18.0060 0000 112.8369 161
18.0496 0000 112.8283 166
18.0945 0000 112.8331 160
18.1401 0000 112.8461 141
18.1924 0000 112.9265 119
18.2460 0000 113.0205 112
18.2960 0000 113.0767 126
18.3444 0000 113.1167 127
18.3930 0000 113.1595 131
18.4374 0000 113.1589 125
18.4808 0000 113.1476 116
18.5252 0000 113.1471 117
18.5744 0000 113.1952 124
18.6275 0000 113.2813 128
18.6760 0000 113.3214 127
18.7207 0000 113.3236 113
18.7686 0000 113.3583 104
18.8128 0000 113.3550 95
18.8575 0000 113.3572 87
18.9055 0000 113.3919 88
18.9582 0000 113.4727 85
19.0081 0000 113.5264 100
19.0564 0000 113.5639 102
19.1009 0000 113.5634 103
19.1498 0000 113.6063 98
19.2040 0000 113.7009 101
19.2532 0000 113.7465 113
19.2982 0000 113.7514 119
19.3433 0000 113.7563 121
19.3909 0000 113.7857 122
19.4323 0000 113.7552 105
19.4762 0000 113.7492 97
19.5207 0000 113.7487 93
19.5728 0000 113.8216 93
19.6192 0000 113.8401 102
19.6711 0000 113.9104 120
19.7156 0000 113.9098 137
19.7598 0000 113.9065 147
19.8003 0000 113.8679 158
19.8448 0000 113.8673 162
19.8907 0000 113.8804 174
19.9363 0000 113.8907 187
19.9797 0000 113.8793 177
20.0204 0000 113.8433 161
20.0643 0000 113.8373 141
20.1113 0000 113.8613 123
20.1599 0000 113.8989 114
20.2093 0000 113.9446 113
20.2538 0000 113.9441 115
20.2971 0000 113.9326 121
20.3377 0000 113.8967 135
20.3840 0000 113.9125 147
20.4364 0000 113.9855 156
20.4823 0000 113.9985 163
20.5283 0000 114.0116 166
20.5727 0000 114.0111 157
20.6199 0000 114.0351 144
20.6688 0000 114.0754 127
20.7181 0000 114.1185 134
20.7632 0000 114.1234 136
20.8083 0000 114.1283 134
20.8528 0000 114.1278 138
20.8964 0000 114.1191 147
20.9402 0000 114.1131 150
20.9884 0000 114.1453 146
21.0335 0000 114.1502 159
21.0828 0000 114.1933 171
21.1279 0000 114.1982 181
21.1727 0000 114.2004 192
21.2148 0000 114.1780 213
21.2596 0000 114.1802 207
21.3038 0000 114.1769 188
21.3477 0000 114.1709 171
21.3922 0000 114.1703 156
21.4367 0000 114.1698 134
21.4889 0000 114.2375 113
21.5436 0000 114.3272 111
21.5934 0000 114.3731 123
21.6417 0000 114.4054 117
21.6868 0000 114.4103 111
21.7351 0000 114.4426 113
21.7788 0000 114.4338 110
21.8155 0000 114.3649 102
21.8565 0000 114.3343 107
21.9045 0000 114.3638 112
21.9500 0000 114.3715 121
21.9996 0000 114.4147 112
22.0461 0000 114.4306 106
22.0944 0000 114.4629 107
22.1431 0000 114.4979 107
22.1928 0000 114.5412 121
22.2393 0000 114.5571 123
22.2884 0000 114.5949 121
22.3323 0000 114.5889 121
22.3679 0000 114.5116 113
22.4099 0000 114.4892 115
22.4551 0000 114.4941 120
22.5003 0000 114.4990 112
22.5472 0000 114.5177 107
22.5846 0000 114.4569 98
22.6292 0000 114.4563 88
22.6738 0000 114.4558 85
22.7177 0000 114.4498 88
22.7619 0000 114.4465 89
22.8078 0000 114.4569 94
22.8606 0000 114.5248 107
22.9071 0000 114.5407 126
22.9603 0000 114.6115 148
23.0105 0000 114.6575 163
23.0561 0000 114.6652 183
23.1017 0000 114.6729 197
23.1503 0000 114.7053 217
23.1953 0000 114.7075 228
23.2372 0000 114.6850 232
23.2812 0000 114.6790 238
23.3288 0000 114.7031 246
23.3751 0000 114.7163 244
23.4238 0000 114.7487 232
23.4694 0000 114.7564 227
23.5218 0000 114.8190 221
23.5681 0000 114.8322 224
23.6168 0000 114.8647 218
23.6587 0000 114.8421 230
23.7040 0000 114.8471 222
23.7487 0000 114.8466 206
23.7930 0000 114.8433 187
23.8410 0000 114.8702 181
23.8860 0000 114.8724 168
23.9316 0000 114.8801 162
23.9807 0000 114.9153 144
24.0302 0000 114.9533 150
24.0776 0000 114.9747 157
24.1274 0000 115.0155 145
24.1772 0000 115.0562 141
24.2177 0000 115.0226 118
24.2592 0000 114.9973 106
24.2983 0000 114.9527 106
24.3439 0000 114.9604 114
24.3969 0000 115.0259 127
24.4468 0000 115.0666 130
24.4925 0000 115.0743 133
24.5389 0000 115.0875 140
24.5888 0000 115.1283 155
24.6390 0000 115.1718 140
24.6939 0000 115.2512 139
24.7477 0000 115.3224 155
24.7931 0000 115.3274 171
24.8377 0000 115.3268 183
24.8820 0000 115.3234 198
24.9277 0000 115.3311 229
24.9777 0000 115.3720 254
25.0274 0000 115.4101 283
25.0741 0000 115.4261 281
25.1202 0000 115.4365 280
25.1656 0000 115.4415 277
25.2138 0000 115.4685 290
25.2592 0000 115.4734 283
25.3045 0000 115.4784 261
25.3531 0000 115.5082 219
25.4028 0000 115.5463 187
25.4525 0000 115.5844 177
25.5033 0000 115.6308 159
25.5498 0000 115.6441 152
25.5948 0000 115.6462 151
25.6387 0000 115.6400 151
25.6785 0000 115.6034 151
25.7224 0000 115.5972 142
25.7673 0000 115.5993 136
25.8175 0000 115.6402 137
25.8628 0000 115.6451 150
25.9122 0000 115.6805 165
25.9571 0000 115.6826 166
26.0028 0000 115.6902 165
26.0533 0000 115.7339 162
26.1087 0000 115.8136 161
26.1597 0000 115.8600 165
26.2047 0000 115.8621 168
26.2481 0000 115.8531 178
26.2927 0000 115.8524 195
26.3380 0000 115.8573 207
26.3822 0000 115.8538 213
26.4215 0000 115.8143 204
26.4653 0000 115.8080 199
26.5136 0000 115.8350 212
26.5593 0000 115.8426 217
26.6058 0000 115.8558 214
26.6511 0000 115.8606 209
26.6960 0000 115.8626 202
26.7421 0000 115.8730 205
26.7912 0000 115.9056 229
26.8357 0000 115.9048 229
26.8841 0000 115.9318 202
26.9306 0000 115.9450 191
26.9755 0000 115.9470 168
27.0088 0000 115.8658 140
27.0502 0000 115.8429 134
27.0901 0000 115.8089 139
27.1346 0000 115.8081 144
27.1841 0000 115.8434 146
27.2344 0000 115.8842 145
27.2852 0000 115.9278 154
27.3368 0000 115.9770 150
27.3990 0000 116.1012 157
27.4510 0000 116.1532 161
27.5062 0000 116.2275 168
27.5512 0000 116.2295 171
27.5914 0000 116.1981 177
27.6355 0000 116.1945 176
27.6789 0000 116.1854 175
27.7230 0000 116.1818 177
27.7636 0000 116.1532 187
27.8077 0000 116.1496 176
27.8523 0000 116.1488 159
27.8968 0000 116.1480 150
27.9469 0000 116.1861 148
27.9927 0000 116.1937 161
28.0417 0000 116.2234 173
28.0858 0000 116.2198 191
28.1303 0000 116.2190 202
28.1753 0000 116.2210 199
28.2210 0000 116.2285 192
28.2701 0000 116.2583 205
28.3203 0000 116.2964 213
28.3690 0000 116.3234 235
28.4242 0000 116.3950 254
28.4696 0000 116.3997 272
28.5137 0000 116.3961 282
28.5583 0000 116.3953 268
28.6041 0000 116.4028 243
28.6499 0000 116.4103 222
28.6937 0000 116.4039 201
28.7337 0000 116.3725 191
28.7828 0000 116.4023 174
28.8336 0000 116.4432 187
