wt=153309607, DLLFiFo=0
-23.7726 0000 79.8216 133
-23.7441 0000 79.8745 147
-23.7087 0000 79.8813 192
-23.6716 0000 79.8770 224
-23.6342 0000 79.8709 208
-23.5972 0000 79.8666 187
-23.5601 0000 79.8623 178
-23.5203 0000 79.8395 162
-23.4835 0000 79.8371 171
-23.4473 0000 79.8383 204
-23.4108 0000 79.8377 246
-23.3732 0000 79.8298 288
-23.3282 0000 79.7721 333
-23.2858 0000 79.7310 380
-23.2458 0000 79.7064 321
-23.2026 0000 79.6599 268
-23.1607 0000 79.6225 245
-23.1175 0000 79.5760 219
-23.0797 0000 79.5662 205
-23.0425 0000 79.5601 187
-23.0063 0000 79.5614 173
-22.9706 0000 79.5663 180
-22.9352 0000 79.5731 215
-22.9011 0000 79.5890 245
-22.8620 0000 79.5701 290
-22.8242 0000 79.5603 292
-22.7869 0000 79.5542 271
-22.7476 0000 79.5335 217
-22.7098 0000 79.5237 192
-22.6688 0000 79.4919 208
-22.6332 0000 79.4969 241
-22.5975 0000 79.5018 314
-22.5610 0000 79.5012 372
-22.5272 0000 79.5190 336
-22.4922 0000 79.5294 312
-22.4599 0000 79.5582 292
-22.4279 0000 79.5888 298
-22.3916 0000 79.5900 296
-22.3546 0000 79.5858 304
-22.3179 0000 79.5834 315
-22.2821 0000 79.5883 317
-22.2493 0000 79.6134 281
-22.2207 0000 79.6698 242
-22.1855 0000 79.6784 198
-22.1526 0000 79.7035 172
-22.1150 0000 79.6956 159
-22.0731 0000 79.6564 198
-22.0294 0000 79.6044 276
-21.9926 0000 79.6020 350
-21.9592 0000 79.6234 348
-21.9214 0000 79.6137 330
-21.8853 0000 79.6168 335
-21.8516 0000 79.6364 334
-21.8146 0000 79.6321 288
-21.7750 0000 79.6095 277
-21.7390 0000 79.6126 267
-21.6994 0000 79.5900 222
-21.6613 0000 79.5784 193
-21.6243 0000 79.5742 173
-21.5908 0000 79.5956 165
-21.5540 0000 79.5932 179
-21.5157 0000 79.5798 244
-21.4746 0000 79.5462 318
-21.4379 0000 79.5438 333
-21.4008 0000 79.5395 297
-21.3643 0000 79.5389 247
-21.3277 0000 79.5384 207
-21.2917 0000 79.5415 180
-21.2563 0000 79.5500 168
-21.2222 0000 79.5678 174
-21.1852 0000 79.5636 159
-21.1486 0000 79.5630 149
-21.1152 0000 79.5862 139
-21.0796 0000 79.5930 135
-21.0494 0000 79.6401 134
-21.0128 0000 79.6396 134
-20.9762 0000 79.6390 135
-20.9391 0000 79.6347 138
-20.8996 0000 79.6121 127
-20.8601 0000 79.5896 115
-20.8261 0000 79.6092 103
-20.7936 0000 79.6398 89
-20.7616 0000 79.6741 83
-20.7250 0000 79.6735 82
-20.6843 0000 79.6417 89
-20.6445 0000 79.6173 105
-20.6074 0000 79.6131 95
-20.5710 0000 79.6143 79
-20.5380 0000 79.6413 65
-20.5047 0000 79.6664 67
-20.4685 0000 79.6695 67
-20.4283 0000 79.6414 70
-20.3895 0000 79.6243 89
-20.3470 0000 79.5779 130
-20.3049 0000 79.5351 184
-20.2646 0000 79.5052 211
-20.2209 0000 79.4497 238
-20.1792 0000 79.4088 246
-20.1388 0000 79.3790 281
-20.0987 0000 79.3510 266
-20.0589 0000 79.3248 267
-20.0218 0000 79.3205 252
-19.9838 0000 79.3090 242
-19.9438 0000 79.2810 240
-19.9035 0000 79.2512 189
-19.8623 0000 79.2141 166
-19.8223 0000 79.1861 148
-19.7810 0000 79.1472 117
-19.7435 0000 79.1394 104
-19.7046 0000 79.1206 104
-19.6678 0000 79.1182 124
-19.6329 0000 79.1304 133
-19.5958 0000 79.1262 141
-19.5566 0000 79.1037 168
-19.5193 0000 79.0977 223
-19.4830 0000 79.0989 281
-19.4466 0000 79.1002 293
-19.4101 0000 79.0996 279
-19.3735 0000 79.0990 267
-19.3371 0000 79.1003 231
-19.3008 0000 79.1016 182
-19.2644 0000 79.1028 157
-19.2278 0000 79.1023 152
-19.1910 0000 79.0999 150
-19.1545 0000 79.0993 159
-19.1179 0000 79.0988 183
-19.0799 0000 79.0873 200
-19.0396 0000 79.0557 194
-18.9997 0000 79.0278 202
-18.9605 0000 79.0054 176
-18.9235 0000 79.0012 168
-18.8870 0000 79.0006 159
-18.8480 0000 78.9800 147
-18.8144 0000 79.0050 133
-18.7807 0000 79.0282 136
-18.7437 0000 79.0240 161
-18.7069 0000 79.0216 205
-18.6700 0000 79.0192 230
-18.6334 0000 79.0187 222
-18.5975 0000 79.0236 192
-18.5615 0000 79.0285 154
-18.5252 0000 79.0298 128
-18.4885 0000 79.0293 112
-18.4511 0000 79.0215 105
-18.4113 0000 78.9936 113
-18.3743 0000 78.9894 101
-18.3328 0000 78.9469 80
-18.2929 0000 78.9173 66
-18.2590 0000 78.9404 56
-18.2258 0000 78.9690 52
-18.1894 0000 78.9703 51
-18.1524 0000 78.9661 50
-18.1145 0000 78.9547 65
-18.0733 0000 78.9141 100
-18.0344 0000 78.8935 119
-17.9978 0000 78.8930 120
-17.9559 0000 78.8451 127
-17.9154 0000 78.8100 155
-17.8757 0000 78.7822 205
-17.8367 0000 78.7599 213
-17.7993 0000 78.7521 199
-17.7599 0000 78.7262 172
-17.7231 0000 78.7238 152
-17.6866 0000 78.7233 150
-17.6504 0000 78.7264 147
-17.6144 0000 78.7314 171
-17.5779 0000 78.7308 220
-17.5389 0000 78.7085 249
-17.5025 0000 78.7098 285
-17.4686 0000 78.7329 326
-17.4352 0000 78.7615 315
-17.4036 0000 78.8065 322
-17.3680 0000 78.8151 312
-17.3316 0000 78.8164 291
-17.2952 0000 78.8177 262
-17.2612 0000 78.8408 245
-17.2258 0000 78.8512 231
-17.1890 0000 78.8489 217
-17.1516 0000 78.8411 183
-17.1142 0000 78.8334 156
-17.0693 0000 78.7565 157
-17.0257 0000 78.6905 192
-16.9839 0000 78.6410 234
-16.9471 0000 78.6387 258
-16.9104 0000 78.6364 256
-16.8744 0000 78.6413 244
-16.8430 0000 78.6898 232
-16.8065 0000 78.6894 228
-16.7674 0000 78.6652 237
-16.7300 0000 78.6575 230
-16.6931 0000 78.6534 229
-16.6540 0000 78.6293 230
-16.6142 0000 78.5979 239
-16.5714 0000 78.5376 235
-16.5316 0000 78.5063 232
-16.4928 0000 78.4840 240
-16.4589 0000 78.5089 230
-16.4201 0000 78.4867 190
-16.3832 0000 78.4826 179
-16.3471 0000 78.4857 179
-16.3131 0000 78.5106 194
-16.2766 0000 78.5101 203
-16.2397 0000 78.5060 229
-16.2029 0000 78.5037 264
-16.1649 0000 78.4887 260
-16.1306 0000 78.5100 257
-16.0942 0000 78.5113 274
-16.0573 0000 78.5072 287
-16.0204 0000 78.5031 303
-15.9840 0000 78.5044 315
-15.9500 0000 78.5293 324
-15.9160 0000 78.5542 282
-15.8796 0000 78.5556 255
-15.8454 0000 78.5787 244
-15.8101 0000 78.5909 229
-15.7755 0000 78.6104 227
-15.7371 0000 78.5917 248
-15.7000 0000 78.5858 215
-15.6638 0000 78.5890 178
-15.6301 0000 78.6175 182
-15.5933 0000 78.6153 170
-15.5564 0000 78.6112 197
-15.5198 0000 78.6107 220
-15.4830 0000 78.6084 220
-15.4447 0000 78.5898 218
-15.4072 0000 78.5802 183
-15.3675 0000 78.5471 150
-15.3261 0000 78.4958 140
-15.2895 0000 78.4954 135
-15.2509 0000 78.4731 138
-15.2192 0000 78.5234 137
-15.1828 0000 78.5248 135
-15.1459 0000 78.5207 143
-15.1091 0000 78.5184 171
-15.0726 0000 78.5179 208
-15.0357 0000 78.5138 233
-14.9988 0000 78.5097 240
-14.9622 0000 78.5092 240
-14.9260 0000 78.5124 238
-14.8903 0000 78.5210 236
-14.8581 0000 78.5677 251
-14.8229 0000 78.5817 287
-14.7902 0000 78.6230 326
-14.7539 0000 78.6262 345
-14.7170 0000 78.6221 317
-14.6806 0000 78.6234 268
-14.6476 0000 78.6629 238
-14.6075 0000 78.6243 242
-14.5700 0000 78.6129 301
-14.5314 0000 78.5907 351
-14.4955 0000 78.5974 368
-14.4638 0000 78.6515 356
-14.4287 0000 78.6673 331
-14.3941 0000 78.6887 294
-14.3574 0000 78.6882 244
-14.3223 0000 78.7041 229
-14.2842 0000 78.6873 252
-14.2458 0000 78.6668 243
-14.2091 0000 78.6645 237
-14.1723 0000 78.6622 220
-14.1383 0000 78.6908 224
-14.1067 0000 78.7467 274
-14.0726 0000 78.7753 333
-14.0360 0000 78.7749 388
-13.9986 0000 78.7653 407
-13.9613 0000 78.7575 380
-13.9248 0000 78.7589 307
-13.8887 0000 78.7639 234
-13.8543 0000 78.7889 178
-13.8186 0000 78.7993 136
-13.7849 0000 78.8334 111
-13.7486 0000 78.8366 102
-13.7140 0000 78.8598 100
-13.6778 0000 78.8648 94
-13.6458 0000 78.9190 96
-13.6115 0000 78.9459 108
-13.5762 0000 78.9618 105
-13.5373 0000 78.9339 116
-13.4995 0000 78.9207 116
-13.4617 0000 78.9056 98
-13.4238 0000 78.8906 111
-13.3847 0000 78.8609 134
-13.3452 0000 78.8258 150
-13.3054 0000 78.7871 166
-13.2660 0000 78.7539 158
-13.2276 0000 78.7315 179
-13.1907 0000 78.7274 172
-13.1544 0000 78.7306 184
-13.1182 0000 78.7355 191
-13.0832 0000 78.7551 188
-13.0469 0000 78.7582 166
-13.0113 0000 78.7705 155
-12.9769 0000 78.7973 157
-12.9417 0000 78.8150 141
-12.9044 0000 78.8054 146
-12.8667 0000 78.7922 166
-12.8262 0000 78.7426 194
-12.7888 0000 78.7330 230
-12.7519 0000 78.7289 256
-12.7137 0000 78.7084 298
-12.6770 0000 78.7060 322
-12.6403 0000 78.7056 287
-12.6037 0000 78.7051 278
-12.5674 0000 78.7082 267
-12.5314 0000 78.7150 284
-12.4949 0000 78.7163 289
-12.4580 0000 78.7122 319
-12.4215 0000 78.7136 340
-12.3849 0000 78.7131 328
-12.3483 0000 78.7126 302
-12.3117 0000 78.7121 291
-12.2737 0000 78.6934 268
-12.2367 0000 78.6875 263
-12.1996 0000 78.6815 253
-12.1615 0000 78.6610 249
-12.1228 0000 78.6333 226
-12.0838 0000 78.6001 281
-12.0454 0000 78.5760 309
-12.0080 0000 78.5646 326
-11.9706 0000 78.5532 334
-11.9322 0000 78.5291 327
-11.8959 0000 78.5323 320
-11.8612 0000 78.5572 314
-11.8268 0000 78.5858 271
-11.7905 0000 78.5889 229
-11.7550 0000 78.6030 193
-11.7185 0000 78.6043 165
-11.6822 0000 78.6075 158
-11.6456 0000 78.6070 155
-11.6075 0000 78.5865 167
-11.5709 0000 78.5860 173
-11.5356 0000 78.6037 161
-11.4994 0000 78.6087 147
-11.4650 0000 78.6391 140
-11.4293 0000 78.6514 127
-11.3929 0000 78.6545 104
-11.3576 0000 78.6722 92
-11.3227 0000 78.6954 94
-11.2885 0000 78.7295 111
-11.2525 0000 78.7381 129
-11.2175 0000 78.7613 137
-11.1808 0000 78.7608 151
-11.1434 0000 78.7494 165
-11.1051 0000 78.7253 165
-11.0684 0000 78.7230 144
-11.0314 0000 78.7171 127
-10.9923 0000 78.6820 119
-10.9544 0000 78.6615 135
-10.9197 0000 78.6902 179
-10.8848 0000 78.7152 214
-10.8484 0000 78.7183 234
-10.8105 0000 78.6997 227
-10.7739 0000 78.6992 204
-10.7403 0000 78.7442 199
-10.7040 0000 78.7492 204
-10.6656 0000 78.7233 197
-10.6267 0000 78.6882 200
-10.5897 0000 78.6823 194
-10.5523 0000 78.6709 189
-10.5174 0000 78.6959 179
-10.4812 0000 78.7027 173
-10.4443 0000 78.6986 179
-10.4068 0000 78.6854 176
-10.3671 0000 78.6377 175
-10.3299 0000 78.6281 169
-10.2931 0000 78.6240 163
-10.2563 0000 78.6217 184
-10.2185 0000 78.6031 202
-10.1814 0000 78.5953 204
-10.1438 0000 78.5785 185
-10.1070 0000 78.5762 146
-10.0719 0000 78.5994 120
-10.0367 0000 78.6226 128
-9.9987 0000 78.6003 119
-9.9604 0000 78.5726 118
-9.9219 0000 78.5413 98
-9.8815 0000 78.4791 91
-9.8410 0000 78.4151 92
-9.8024 0000 78.3802 98
-9.7642 0000 78.3544 92
-9.7263 0000 78.3304 66
-9.6882 0000 78.3045 54
-9.6515 0000 78.3023 48
0.0000 0000 0.0000 0
0.0000 0000 0.0000 0
0.0000 0000 0.0000 0
0.0000 0000 0.0000 0
0.0000 0000 0.0000 0
0.0000 0000 0.0000 0
0.0000 0000 0.0000 0
0.0000 0000 0.0000 0
0.0000 0000 0.0000 0
0.0000 0000 0.0000 0
-9.2262 0000 77.8928 58
-9.1909 0000 77.9122 75
-9.1532 0000 77.8901 99
-9.1161 0000 77.8789 122
-9.0788 0000 77.8640 114
-9.0424 0000 77.8636 76
-9.0042 0000 77.8325 56
0.0000 0000 0.0000 0
0.0000 0000 0.0000 0
-8.8979 0000 77.8888 53
-8.8663 0000 77.9767 59
-8.8313 0000 78.0052 64
-8.7934 0000 77.9795 68
-8.7552 0000 77.9466 71
-8.7185 0000 77.9426 68
-8.6822 0000 77.9457 63
-8.6441 0000 77.9147 63
-8.6076 0000 77.9142 68
-8.5710 0000 77.9120 76
-8.5344 0000 77.9098 96
-8.4993 0000 77.9364 143
-8.4627 0000 77.9342 221
-8.4252 0000 77.9139 291
-8.3884 0000 77.9081 344
-8.3505 0000 77.8788 392
-8.3124 0000 77.8478 383
-8.2748 0000 77.8240 376
-8.2370 0000 77.7984 299
-8.1994 0000 77.7746 258
-8.1626 0000 77.7669 227
-8.1272 0000 77.7881 207
-8.0934 0000 77.8417 202
-8.0585 0000 77.8737 214
-8.0211 0000 77.8553 209
-7.9841 0000 77.8441 204
-7.9462 0000 77.8149 200
-7.9094 0000 77.8073 176
-7.8719 0000 77.7852 153
-7.8342 0000 77.7596 118
-7.7950 0000 77.7017 110
-7.7570 0000 77.6671 115
-7.7204 0000 77.6649 122
-7.6840 0000 77.6645 128
-7.6454 0000 77.6174 144
-7.6089 0000 77.6152 162
-7.5723 0000 77.6112 167
-7.5347 0000 77.5857 160
-7.4991 0000 77.6032 140
-7.4604 0000 77.5526 137
-7.4234 0000 77.5414 143
-7.3857 0000 77.5123 151
-7.3482 0000 77.4868 153
-7.3109 0000 77.4667 133
-7.2737 0000 77.4466 126
-7.2370 0000 77.4408 128
-7.1994 0000 77.4117 142
-7.1607 0000 77.3576 159
-7.1217 0000 77.2964 163
-7.0817 0000 77.2120 159
-7.0427 0000 77.1491 167
-7.0042 0000 77.0951 171
-6.9677 0000 77.0912 169
-6.9303 0000 77.0640 162
-6.8928 0000 77.0369 157
-6.8565 0000 77.0365 153
-6.8211 0000 77.0575 157
-6.7838 0000 77.0339 156
-6.7463 0000 77.0032 149
-6.7078 0000 76.9476 158
-6.6704 0000 76.9188 158
-6.6341 0000 76.9184 167
-6.5979 0000 76.9216 170
-6.5616 0000 76.9194 153
-6.5234 0000 76.8692 138
-6.4879 0000 76.8901 136
-6.4504 0000 76.8577 148
-6.4140 0000 76.8538 170
-6.3779 0000 76.8570 206
-6.3418 0000 76.8602 236
-6.3054 0000 76.8580 237
-6.2689 0000 76.8505 222
-6.2315 0000 76.8199 203
-6.1943 0000 76.7946 196
-6.1580 0000 76.7925 181
-6.1201 0000 76.7477 173
-6.0840 0000 76.7491 168
-6.0494 0000 76.7967 167
-6.0132 0000 76.7963 172
-5.9767 0000 76.7888 196
-5.9389 0000 76.7458 241
-5.9026 0000 76.7437 280
-5.8663 0000 76.7415 292
-5.8299 0000 76.7358 288
-5.7927 0000 76.7089 276
-5.7555 0000 76.6801 304
-5.7187 0000 76.6602 291
-5.6824 0000 76.6599 280
-5.6463 0000 76.6613 264
-5.6102 0000 76.6644 242
-5.5746 0000 76.6854 229
-5.5384 0000 76.6832 210
-5.5021 0000 76.6811 188
-5.4658 0000 76.6790 161
-5.4295 0000 76.6768 132
-5.3925 0000 76.6516 116
-5.3553 0000 76.6211 114
-5.3174 0000 76.5641 135
-5.2802 0000 76.5319 176
-5.2430 0000 76.4979 269
-5.2059 0000 76.4692 370
-5.1690 0000 76.4423 500
-5.1321 0000 76.4190 464
-5.0952 0000 76.3922 410
-5.0591 0000 76.3936 289
-5.0229 0000 76.3950 240
-4.9866 0000 76.3876 260
-4.9498 0000 76.3643 267
-4.9130 0000 76.3427 295
-4.8767 0000 76.3353 287
-4.8404 0000 76.3297 241
-4.8031 0000 76.2852 191
-4.7669 0000 76.2831 162
-4.7308 0000 76.2845 151
-4.6960 0000 76.3336 166
-4.6599 0000 76.3333 193
-4.6236 0000 76.3276 227
-4.5867 0000 76.2990 249
-4.5494 0000 76.2546 280
-4.5130 0000 76.2419 287
-4.4763 0000 76.2187 283
-4.4402 0000 76.2183 272
-4.4047 0000 76.2427 254
-4.3698 0000 76.2900 246
-4.3344 0000 76.3196 243
-4.2983 0000 76.3228 233
-4.2622 0000 76.3207 235
-4.2260 0000 76.3186 239
-4.1900 0000 76.3218 228
-4.1540 0000 76.3285 213
-4.1184 0000 76.3529 197
-4.0824 0000 76.3578 183
-4.0468 0000 76.3805 169
-4.0107 0000 76.3819 148
-3.9740 0000 76.3551 128
-3.9372 0000 76.3230 128
-3.9009 0000 76.3173 123
-3.8648 0000 76.3188 116
-3.8287 0000 76.3184 112
-3.7925 0000 76.3128 112
-3.7552 0000 76.2578 123
-3.7180 0000 76.2028 152
-3.6819 0000 76.1990 177
-3.6463 0000 76.2251 161
-3.6104 0000 76.2336 138
-3.5738 0000 76.2068 131
-3.5375 0000 76.1977 137
-3.5010 0000 76.1727 159
-3.4653 0000 76.1917 161
-3.4288 0000 76.1720 176
-3.3923 0000 76.1470 213
-3.3562 0000 76.1432 227
-3.3200 0000 76.1393 225
-3.2836 0000 76.1179 205
-3.2476 0000 76.1193 198
-3.2119 0000 76.1436 209
-3.1763 0000 76.1715 211
-3.1406 0000 76.1958 208
-3.1042 0000 76.1708 206
-3.0677 0000 76.1441 193
-3.0312 0000 76.1156 190
-2.9951 0000 76.1170 180
-2.9591 0000 76.1167 178
-2.9229 0000 76.1128 185
-2.8865 0000 76.0861 193
-2.8500 0000 76.0559 217
-2.8139 0000 76.0486 233
-2.7772 0000 76.0043 235
-2.7411 0000 76.0022 225
-2.7051 0000 76.0019 211
-2.6691 0000 76.0051 203
-2.6331 0000 76.0047 193
-2.5967 0000 75.9798 200
-2.5606 0000 75.9742 237
-2.5244 0000 75.9528 302
-2.4883 0000 75.9472 385
-2.4520 0000 75.9259 448
-2.4156 0000 75.8975 410
-2.3795 0000 75.8884 376
-2.3433 0000 75.8635 328
-2.3069 0000 75.8333 301
-2.2706 0000 75.8067 258
-2.2347 0000 75.8064 247
-2.1989 0000 75.8254 263
-2.1626 0000 75.7988 292
-2.1264 0000 75.7757 295
-2.0904 0000 75.7718 301
-2.0544 0000 75.7680 299
-2.0182 0000 75.7432 301
-1.9820 0000 75.7201 268
-1.9460 0000 75.7145 249
-1.9100 0000 75.7160 229
-1.8743 0000 75.7454 224
-1.8388 0000 75.8029 238
-1.8028 0000 75.8043 272
-1.7668 0000 75.8023 287
-1.7308 0000 75.8002 274
-1.6948 0000 75.7999 275
-1.6588 0000 75.7978 289
-1.6228 0000 75.7940 307
-1.5868 0000 75.7884 324
-1.5506 0000 75.7496 335
-1.5146 0000 75.7493 335
-1.4788 0000 75.7717 289
-1.4429 0000 75.7907 256
-1.4069 0000 75.7921 216
-1.3709 0000 75.7953 189
-1.3352 0000 75.8476 174
-1.2993 0000 75.8754 175
-1.2633 0000 75.8768 175
-1.2273 0000 75.8800 166
-1.1914 0000 75.9060 162
-1.1553 0000 75.8864 153
-1.1193 0000 75.8844 157
-1.0833 0000 75.8823 162
-1.0473 0000 75.8802 162
-1.0112 0000 75.8764 163
-0.9752 0000 75.8761 171
-0.9393 0000 75.9004 172
-0.9033 0000 75.9054 168
-0.8673 0000 75.9314 169
-0.8313 0000 75.9610 166
-0.7953 0000 75.9659 161
-0.7593 0000 75.9885 155
-0.7232 0000 75.9899 146
-0.6872 0000 76.0143 134
-0.6512 0000 76.0368 138
-0.6151 0000 76.0664 131
-0.5790 0000 76.0697 130
-0.5430 0000 76.0922 122
-0.5069 0000 76.0708 116
-0.4708 0000 76.0688 105
-0.4348 0000 76.0667 94
-0.3987 0000 76.0682 89
-0.3626 0000 76.0696 90
-0.3266 0000 76.0711 96
-0.2905 0000 76.0761 109
-0.2544 0000 76.1005 124
-0.2183 0000 76.0966 132
-0.1823 0000 76.0699 135
-0.1463 0000 76.0380 149
-0.1104 0000 76.0060 184
-0.0744 0000 75.9794 185
-0.0385 0000 75.9510 180
-0.0026 0000 75.9190 155
0.0333 0000 75.8871 150
0.0691 0000 75.8377 153
0.1050 0000 75.8076 174
0.1409 0000 75.7792 182
0.1768 0000 75.7719 196
0.2126 0000 75.7261 210
0.2485 0000 75.7205 223
0.2845 0000 75.7202 225
0.3205 0000 75.7217 214
0.3566 0000 75.7267 200
0.3927 0000 75.7544 186
0.4289 0000 75.7770 203
0.4649 0000 75.7749 252
0.5009 0000 75.7746 307
0.5369 0000 75.7726 315
0.5729 0000 75.7741 281
0.6090 0000 75.7826 240
0.6454 0000 75.8332 209
0.6817 0000 75.8680 188
0.7179 0000 75.8905 186
0.7540 0000 75.8903 188
0.7901 0000 75.8970 211
0.8263 0000 75.9161 237
0.8623 0000 75.9123 273
0.8981 0000 75.8927 281
0.9342 0000 75.8924 285
0.9702 0000 75.8904 270
1.0062 0000 75.8848 242
1.0416 0000 75.8284 219
1.0766 0000 75.7422 229
1.1117 0000 75.6613 276
1.1473 0000 75.6312 304
1.1829 0000 75.6030 333
1.2186 0000 75.5800 298
1.2543 0000 75.5535 279
1.2901 0000 75.5479 251
1.3257 0000 75.5215 227
1.3613 0000 75.4897 231
1.3965 0000 75.4371 244
1.4324 0000 75.4333 272
1.4686 0000 75.4557 306
1.5045 0000 75.4555 353
1.5404 0000 75.4500 382
1.5758 0000 75.4113 395
1.6117 0000 75.4128 388
1.6479 0000 75.4283 392
1.6838 0000 75.4262 382
1.7196 0000 75.4225 375
1.7550 0000 75.3908 371
1.7912 0000 75.4063 335
1.8274 0000 75.4252 337
1.8634 0000 75.4267 321
1.8993 0000 75.4265 299
1.9353 0000 75.4297 277
1.9713 0000 75.4347 280
2.0072 0000 75.4344 301
2.0431 0000 75.4289 300
2.0786 0000 75.4060 268
2.1144 0000 75.4023 250
2.1503 0000 75.4003 229
2.1857 0000 75.3756 213
2.2212 0000 75.3527 196
2.2576 0000 75.3786 182
2.2946 0000 75.4325 170
2.3306 0000 75.4340 169
2.3670 0000 75.4599 180
2.4034 0000 75.4824 195
2.4388 0000 75.4559 216
2.4748 0000 75.4574 255
2.5107 0000 75.4590 295
2.5471 0000 75.4797 300
2.5831 0000 75.4829 283
2.6196 0000 75.5089 254
2.6558 0000 75.5174 221
2.6929 0000 75.5696 201
2.7304 0000 75.6394 195
2.7678 0000 75.6987 174
2.8046 0000 75.7335 170
2.8412 0000 75.7613 167
2.8772 0000 75.7611 158
2.9132 0000 75.7609 149
2.9493 0000 75.7624 142
2.9854 0000 75.7675 137
3.0220 0000 75.7935 132
3.0586 0000 75.8144 149
3.0946 0000 75.8141 137
3.1306 0000 75.8157 108
3.1660 0000 75.7926 82
3.2012 0000 75.7609 74
3.2327 0000 75.5908 72
3.2664 0000 75.5049 95
3.3008 0000 75.4488 126
3.3360 0000 75.4189 143
3.3712 0000 75.3942 159
3.4064 0000 75.3679 131
3.4420 0000 75.3589 108
3.4767 0000 75.3152 89
3.5124 0000 75.3097 79
3.5460 0000 75.2294 78
3.5801 0000 75.1683 85
3.6144 0000 75.1160 95
3.6493 0000 75.0862 105
3.6843 0000 75.0565 119
3.7192 0000 75.0285 145
3.7549 0000 75.0231 164
3.7901 0000 75.0021 181
3.8257 0000 74.9985 205
3.8615 0000 74.9983 208
3.8974 0000 75.0016 188
3.9339 0000 75.0222 161
3.9698 0000 75.0255 117
4.0049 0000 75.0045 86
4.0362 0000 74.8639 67
4.0710 0000 74.8360 70
4.1076 0000 74.8618 81
4.1479 0000 75.0003 99
4.1837 0000 74.9983 136
4.2193 0000 74.9930 173
4.2550 0000 74.9910 198
4.2900 0000 74.9683 235
4.3249 0000 74.9421 275
4.3597 0000 74.9142 364
4.3947 0000 74.8915 372
4.4302 0000 74.8844 353
4.4651 0000 74.8600 322
4.5000 0000 74.8356 251
4.5356 0000 74.8320 216
4.5713 0000 74.8301 196
4.6070 0000 74.8282 189
4.6411 0000 74.7830 197
4.6765 0000 74.7742 213
4.7119 0000 74.7654 220
4.7460 0000 74.7203 226
4.7815 0000 74.7149 242
4.8170 0000 74.7096 255
4.8512 0000 74.6697 259
4.8866 0000 74.6626 263
4.9221 0000 74.6572 266
4.9564 0000 74.6208 263
4.9919 0000 74.6155 251
5.0276 0000 74.6153 225
5.0634 0000 74.6169 210
5.0990 0000 74.6150 215
5.1345 0000 74.6097 227
5.1698 0000 74.6009 231
5.2046 0000 74.5783 237
5.2403 0000 74.5781 222
5.2770 0000 74.6038 209
5.3129 0000 74.6106 229
5.3493 0000 74.6277 280
5.3844 0000 74.6120 278
5.4209 0000 74.6308 258
5.4564 0000 74.6272 254
5.4911 0000 74.6029 260
5.5265 0000 74.5975 253
5.5622 0000 74.5974 260
5.5971 0000 74.5782 281
5.6320 0000 74.5591 337
5.6684 0000 74.5762 375
5.7048 0000 74.5933 328
5.7405 0000 74.5931 286
5.7744 0000 74.5533 260
5.8099 0000 74.5480 257
5.8456 0000 74.5495 255
5.8814 0000 74.5528 248
5.9178 0000 74.5682 262
5.9536 0000 74.5698 266
5.9897 0000 74.5800 255
6.0266 0000 74.6074 223
6.0634 0000 74.6314 223
6.0995 0000 74.6399 204
6.1371 0000 74.6812 178
6.1732 0000 74.6896 168
6.2101 0000 74.7137 169
6.2458 0000 74.7135 187
6.2802 0000 74.6874 199
6.3155 0000 74.6787 216
6.3498 0000 74.6491 241
6.3855 0000 74.6473 254
6.4212 0000 74.6488 256
6.4572 0000 74.6539 250
6.4933 0000 74.6623 243
6.5308 0000 74.7002 238
6.5667 0000 74.7035 226
6.6027 0000 74.7102 196
6.6394 0000 74.7291 160
6.6737 0000 74.7013 144
6.7082 0000 74.6769 121
6.7417 0000 74.6319 96
6.7758 0000 74.6007 88
6.8076 0000 74.5229 86
6.8401 0000 74.4608 99
6.8731 0000 74.4090 123
6.9073 0000 74.3813 135
6.9391 0000 74.3055 144
6.9716 0000 74.2452 164
7.0030 0000 74.1644 197
7.0360 0000 74.1128 239
7.0710 0000 74.1023 293
7.1053 0000 74.0782 319
7.1397 0000 74.0558 359
7.1748 0000 74.0471 364
7.2081 0000 74.0058 352
7.2419 0000 73.9732 318
7.2743 0000 73.9149 306
7.3078 0000 73.8771 319
7.3409 0000 73.8326 317
7.3764 0000 73.8324 315
7.4119 0000 73.8323 318
7.4474 0000 73.8322 324
7.4827 0000 73.8286 325
7.5179 0000 73.8233 312
7.5522 0000 73.8027 307
7.5866 0000 73.7821 276
7.6217 0000 73.7751 267
7.6567 0000 73.7682 261
7.6895 0000 73.7203 251
7.7231 0000 73.6878 237
7.7567 0000 73.6553 241
7.7892 0000 73.6041 247
7.8231 0000 73.5767 281
7.8573 0000 73.5562 294
7.8925 0000 73.5527 315
7.9269 0000 73.5355 338
7.9621 0000 73.5320 325
7.9962 0000 73.5098 293
8.0316 0000 73.5097 270
8.0671 0000 73.5112 246
8.1037 0000 73.5332 240
8.1392 0000 73.5348 235
8.1771 0000 73.5772 238
8.2125 0000 73.5771 248
8.2467 0000 73.5566 255
8.2818 0000 73.5531 266
8.3172 0000 73.5529 268
8.3524 0000 73.5494 266
8.3853 0000 73.5085 262
8.4205 0000 73.5067 259
8.4558 0000 73.5049 256
8.4909 0000 73.5014 271
8.5262 0000 73.5013 291
8.5617 0000 73.5029 287
8.5981 0000 73.5198 288
8.6335 0000 73.5197 275
8.6688 0000 73.5196 250
8.7031 0000 73.5025 216
8.7382 0000 73.4990 199
8.7732 0000 73.4938 188
8.8084 0000 73.4920 185
8.8441 0000 73.4970 178
8.8814 0000 73.5275 171
8.9202 0000 73.5801 166
8.9561 0000 73.5885 166
8.9943 0000 73.6326 165
9.0302 0000 73.6410 160
9.0686 0000 73.6869 154
9.1059 0000 73.7157 141
9.1430 0000 73.7412 136
9.1784 0000 73.7428 122
9.2138 0000 73.7427 105
9.2474 0000 73.7153 93
9.2773 0000 73.6352 88
9.3106 0000 73.6045 89
9.3443 0000 73.5807 102
9.3783 0000 73.5602 133
9.4134 0000 73.5567 185
9.4469 0000 73.5311 236
9.4817 0000 73.5226 300
9.5167 0000 73.5191 346
9.5507 0000 73.5003 353
9.5859 0000 73.4985 364
9.6213 0000 73.5002 357
9.6567 0000 73.5018 327
9.6923 0000 73.5051 296
9.7294 0000 73.5305 275
9.7679 0000 73.5763 248
9.8038 0000 73.5847 235
9.8405 0000 73.6033 242
9.8758 0000 73.6032 241
9.9109 0000 73.5998 241
9.9445 0000 73.5759 254
9.9779 0000 73.5504 250
10.0126 0000 73.5418 269
10.0453 0000 73.5061 285
10.0798 0000 73.4958 309
10.1145 0000 73.4873 316
10.1495 0000 73.4838 276
10.1849 0000 73.4855 215
10.2211 0000 73.4973 168
10.2585 0000 73.5261 151
10.2975 0000 73.5752 151
10.3329 0000 73.5769 166
10.3682 0000 73.5768 182
10.4033 0000 73.5750 195
10.4386 0000 73.5750 194
10.4739 0000 73.5749 184
10.5091 0000 73.5732 175
10.5425 0000 73.5493 157
10.5756 0000 73.5204 156
10.6105 0000 73.5153 155
10.6419 0000 73.4660 160
10.6768 0000 73.4609 165
10.7082 0000 73.4117 167
10.7428 0000 73.4032 170
10.7800 0000 73.4285 171
10.8180 0000 73.4624 177
10.8556 0000 73.4929 196
10.8911 0000 73.4962 215
10.9244 0000 73.4707 232
10.9592 0000 73.4656 255
10.9941 0000 73.4605 266
11.0273 0000 73.4350 284
11.0606 0000 73.4112 292
11.0956 0000 73.4078 303
11.1293 0000 73.3891 314
11.1647 0000 73.3908 316
11.2017 0000 73.4127 313
11.2384 0000 73.4313 328
11.2727 0000 73.4194 330
11.3065 0000 73.4024 291
11.3411 0000 73.3939 260
11.3736 0000 73.3617 217
11.4068 0000 73.3363 205
11.4421 0000 73.3379 196
11.4775 0000 73.3396 194
11.5127 0000 73.3396 211
11.5476 0000 73.3361 239
11.5827 0000 73.3344 256
11.6177 0000 73.3327 269
11.6527 0000 73.3292 274
11.6876 0000 73.3258 253
11.7226 0000 73.3241 235
11.7561 0000 73.3038 227
11.7913 0000 73.3037 222
11.8249 0000 73.2851 222
11.8597 0000 73.2800 221
11.8965 0000 73.2985 222
11.9317 0000 73.2985 234
11.9648 0000 73.2748 252
11.9980 0000 73.2511 251
12.0323 0000 73.2409 258
12.0652 0000 73.2155 276
12.1001 0000 73.2121 281
12.1351 0000 73.2104 273
12.1708 0000 73.2154 244
12.2061 0000 73.2170 215
12.2410 0000 73.2136 206
12.2743 0000 73.1933 213
12.3076 0000 73.1713 197
12.3400 0000 73.1409 204
12.3726 0000 73.1122 209
12.4056 0000 73.0885 229
12.4408 0000 73.0885 229
12.4761 0000 73.0901 225
12.5134 0000 73.1137 205
12.5534 0000 73.1677 201
12.5895 0000 73.1778 215
12.6268 0000 73.2014 249
12.6637 0000 73.2199 259
12.6994 0000 73.2250 269
12.7347 0000 73.2266 261
12.7697 0000 73.2249 248
12.8048 0000 73.2232 240
12.8399 0000 73.2231 232
12.8754 0000 73.2265 215
12.9128 0000 73.2501 203
12.9499 0000 73.2703 179
12.9851 0000 73.2703 171
13.0203 0000 73.2703 156
13.0538 0000 73.2516 139
13.0909 0000 73.2719 121
13.1291 0000 73.3040 97
13.1691 0000 73.3547 93
13.2066 0000 73.3784 91
13.2418 0000 73.3784 90
13.2796 0000 73.4054 87
13.3184 0000 73.4427 79
13.3567 0000 73.4748 82
13.3920 0000 73.4748 91
13.4267 0000 73.4697 102
13.4617 0000 73.4662 112
13.4966 0000 73.4628 116
13.5297 0000 73.4407 114
13.5649 0000 73.4407 120
13.6005 0000 73.4440 120
13.6405 0000 73.4932 120
13.6861 0000 73.5984 128
13.7274 0000 73.6596 155
13.7659 0000 73.6919 193
13.8040 0000 73.7207 236
13.8398 0000 73.7258 254
13.8783 0000 73.7581 252
13.9138 0000 73.7598 244
13.9493 0000 73.7614 239
13.9854 0000 73.7699 225
14.0257 0000 73.8193 201
14.0685 0000 73.8943 177
14.1066 0000 73.9216 186
14.1425 0000 73.9266 194
14.1820 0000 73.9676 196
14.2185 0000 73.9795 201
14.2561 0000 74.0017 215
14.2939 0000 74.0256 184
14.3300 0000 74.0324 165
14.3657 0000 74.0357 149
14.4034 0000 74.0579 124
14.4445 0000 74.1143 107
14.4864 0000 74.1777 100
14.5276 0000 74.2342 95
14.5632 0000 74.2358 97
14.6004 0000 74.2529 111
14.6356 0000 74.2512 118
14.6710 0000 74.2512 124
14.7063 0000 74.2494 130
14.7415 0000 74.2477 127
14.7773 0000 74.2511 118
14.8129 0000 74.2527 110
14.8488 0000 74.2578 97
14.8871 0000 74.2852 87
14.9271 0000 74.3281 81
14.9608 0000 74.3126 86
14.9963 0000 74.3126 106
15.0315 0000 74.3108 125
15.0660 0000 74.3022 141
15.0994 0000 74.2833 168
15.1348 0000 74.2833 161
15.1699 0000 74.2798 159
15.2029 0000 74.2575 162
15.2377 0000 74.2523 162
15.2730 0000 74.2506 175
15.3080 0000 74.2471 200
15.3430 0000 74.2437 222
15.3758 0000 74.2196 232
15.4104 0000 74.2128 256
15.4460 0000 74.2144 275
15.4821 0000 74.2213 282
15.5185 0000 74.2298 281
15.5548 0000 74.2383 282
15.5924 0000 74.2589 280
15.6305 0000 74.2828 238
15.6691 0000 74.3120 226
15.7053 0000 74.3188 201
15.7452 0000 74.3600 170
15.7816 0000 74.3685 143
15.8199 0000 74.3942 130
15.8603 0000 74.4389 113
15.9012 0000 74.4887 102
15.9436 0000 74.5506 97
15.9822 0000 74.5781 102
16.0180 0000 74.5815 106
16.0535 0000 74.5814 113
16.0885 0000 74.5780 118
16.1236 0000 74.5745 123
16.1565 0000 74.5521 136
16.1915 0000 74.5486 134
16.2272 0000 74.5503 125
16.2626 0000 74.5503 123
16.2959 0000 74.5313 122
16.3305 0000 74.5244 140
16.3654 0000 74.5192 166
16.3986 0000 74.5003 188
16.4338 0000 74.4986 213
16.4695 0000 74.5003 220
16.5025 0000 74.4796 228
16.5373 0000 74.4745 219
16.5703 0000 74.4538 192
16.6081 0000 74.4744 179
16.6465 0000 74.5002 154
16.6851 0000 74.5277 141
16.7238 0000 74.5552 123
16.7620 0000 74.5792 100
16.7981 0000 74.5844 93
16.8359 0000 74.6050 100
16.8714 0000 74.6050 104
16.9070 0000 74.6067 98
16.9426 0000 74.6084 99
16.9807 0000 74.6308 99
17.0167 0000 74.6359 95
17.0552 0000 74.6618 89
17.0913 0000 74.6669 87
17.1294 0000 74.6893 93
17.1661 0000 74.6996 94
17.2073 0000 74.7479 94
17.2440 0000 74.7582 101
17.2817 0000 74.7772 125
17.3149 0000 74.7582 132
17.3501 0000 74.7565 143
17.3851 0000 74.7531 160
17.4199 0000 74.7479 176
17.4551 0000 74.7462 185
17.4910 0000 74.7497 184
17.5262 0000 74.7479 174
17.5614 0000 74.7462 159
17.5942 0000 74.7256 131
17.6320 0000 74.7446 118
17.6684 0000 74.7532 110
17.7068 0000 74.7773 102
17.7448 0000 74.7981 108
17.7805 0000 74.7998 119
17.8165 0000 74.8050 132
17.8523 0000 74.8085 144
17.8877 0000 74.8085 152
17.9227 0000 74.8051 153
17.9577 0000 74.8017 145
17.9924 0000 74.7966 126
18.0278 0000 74.7966 112
18.0658 0000 74.8174 111
18.1010 0000 74.8157 103
18.1313 0000 74.7761 98
18.1658 0000 74.7692 94
18.1986 0000 74.7486 87
18.2306 0000 74.7228 72
18.2596 0000 74.6730 74
18.2938 0000 74.6644 79
18.3256 0000 74.6369 82
18.3570 0000 74.6061 92
18.3889 0000 74.5803 89
18.4236 0000 74.5752 90
18.4584 0000 74.5719 91
18.4877 0000 74.5256 92
18.5228 0000 74.5239 90
18.5583 0000 74.5257 84
18.5907 0000 74.5034 87
18.6255 0000 74.5001 86
18.6547 0000 74.4538 84
18.6886 0000 74.4436 85
18.7211 0000 74.4231 90
18.7539 0000 74.4043 81
18.7891 0000 74.4044 82
18.8241 0000 74.4028 90
18.8585 0000 74.3960 101
18.8930 0000 74.3909 108
18.9257 0000 74.3722 111
18.9609 0000 74.3722 122
18.9959 0000 74.3706 125
19.0288 0000 74.3536 128
19.0634 0000 74.3485 123
19.0972 0000 74.3383 117
19.1271 0000 74.2990 114
19.1611 0000 74.2906 117
19.1951 0000 74.2821 119
19.2252 0000 74.2446 115
19.2593 0000 74.2361 110
19.2933 0000 74.2276 107
19.3228 0000 74.1867 109
19.3564 0000 74.1748 118
19.3910 0000 74.1715 126
19.4236 0000 74.1528 125
19.4557 0000 74.1307 133
19.4892 0000 74.1188 118
19.5182 0000 74.0746 105
19.5491 0000 74.0439 100
19.5805 0000 74.0168 116
19.6120 0000 73.9913 118
19.6434 0000 73.9641 136
19.6751 0000 73.9404 143
19.7093 0000 73.9337 151
19.7415 0000 73.9133 151
19.7754 0000 73.9049 135
19.8064 0000 73.8761 116
19.8379 0000 73.8507 113
19.8668 0000 73.8065 110
19.9001 0000 73.7947 114
19.9342 0000 73.7881 110
19.9668 0000 73.7712 91
19.9987 0000 73.7492 78
20.0330 0000 73.7442 65
20.0604 0000 73.6899 55
20.0834 0000 73.6052 53
20.0999 0000 73.4749 57
20.1267 0000 73.4174 68
20.1540 0000 73.3634 78
20.1808 0000 73.3061 87
20.2080 0000 73.2522 98
20.2421 0000 73.2472 107
20.2737 0000 73.2237 111
20.3049 0000 73.1985 102
20.3323 0000 73.1463 91
20.3624 0000 73.1128 76
20.3716 0000 72.9345 74
20.3951 0000 72.8556 70
20.4072 0000 72.6981 74
20.4374 0000 72.6664 94
20.4675 0000 72.6347 108
20.4933 0000 72.5729 119
20.5099 0000 72.4476 150
20.5412 0000 72.4244 170
20.5752 0000 72.4194 183
20.6030 0000 72.3728 181
20.6297 0000 72.3179 169
20.6561 0000 72.2614 165
20.6866 0000 72.2332 173
20.7146 0000 72.1883 173
20.7485 0000 72.1835 164
20.7753 0000 72.1304 153
20.8021 0000 72.0773 145
20.8362 0000 72.0741 139
20.8598 0000 71.9995 134
20.8862 0000 71.9449 129
20.9092 0000 71.8671 131
20.9359 0000 71.8143 127
20.9620 0000 71.7582 125
20.9891 0000 71.7087 136
21.0236 0000 71.7088 153
21.0551 0000 71.6891 158
21.0891 0000 71.6860 162
21.1199 0000 71.6613 157
21.1499 0000 71.6317 162
21.1766 0000 71.5807 184
21.2106 0000 71.5776 207
21.2451 0000 71.5777 222
21.2793 0000 71.5762 229
21.3105 0000 71.5549 252
21.3419 0000 71.5352 252
21.3764 0000 71.5354 252
21.4138 0000 71.5553 258
21.4480 0000 71.5537 250
21.4822 0000 71.5522 242
21.5167 0000 71.5524 239
21.5511 0000 71.5525 238
21.5851 0000 71.5493 235
21.6193 0000 71.5478 231
21.6540 0000 71.5496 225
21.6848 0000 71.5267 221
21.7147 0000 71.4972 243
21.7447 0000 71.4694 252
21.7753 0000 71.4448 279
21.8066 0000 71.4253 274
21.8408 0000 71.4238 272
21.8747 0000 71.4206 273
21.9078 0000 71.4125 271
21.9352 0000 71.3683 263
21.9685 0000 71.3619 258
