wt=150514974, DLLFiFo=0
-25.2766 0000 89.9159 138
-25.2401 0000 89.9319 129
-25.2078 0000 89.9771 109
-25.1721 0000 89.9993 93
-25.1313 0000 89.9862 86
-25.0933 0000 89.9918 87
-25.0549 0000 89.9953 99
-25.0171 0000 90.0029 106
-24.9775 0000 89.9981 132
-24.9365 0000 89.9829 128
-24.8999 0000 89.9989 145
-24.8612 0000 90.0003 166
-24.8282 0000 90.0413 145
-24.7949 0000 90.0803 136
-24.7567 0000 90.0859 131
-24.7145 0000 90.0623 132
-24.6737 0000 90.0491 143
-24.6374 0000 90.0672 148
-24.5984 0000 90.0666 117
-24.5591 0000 90.0639 88
-24.5198 0000 90.0611 82
-24.4800 0000 90.0542 87
-24.4392 0000 90.0410 92
-24.3958 0000 90.0091 96
-24.3559 0000 90.0022 107
-24.3175 0000 90.0057 108
-24.2794 0000 90.0113 108
-24.2413 0000 90.0169 106
-24.2087 0000 90.0622 109
-24.1697 0000 90.0616 147
-24.1304 0000 90.0588 178
-24.0923 0000 90.0644 164
-24.0631 0000 90.1348 126
-24.0345 0000 90.2094 116
-23.9923 0000 90.1858 116
-23.9509 0000 90.1684 127
-23.9076 0000 90.1365 142
-23.8677 0000 90.1296 120
-23.8261 0000 90.1101 103
-23.7874 0000 90.1116 99
-23.7481 0000 90.1089 103
-23.7062 0000 90.0874 114
-23.6632 0000 90.0575 105
-23.6233 0000 90.0507 144
-23.5829 0000 90.0396 178
-23.5467 0000 90.0599 213
-23.5088 0000 90.0676 230
-23.4703 0000 90.0712 263
-23.4333 0000 90.0852 233
-23.3945 0000 90.0867 209
-23.3558 0000 90.0882 182
-23.3190 0000 90.1043 163
-23.2802 0000 90.1058 126
-23.2418 0000 90.1094 108
-23.2024 0000 90.1067 121
-23.1628 0000 90.1020 167
-23.1224 0000 90.0909 196
-23.0836 0000 90.0924 221
-23.0457 0000 90.1002 222
-23.0091 0000 90.1185 239
-22.9698 0000 90.1158 210
-22.9313 0000 90.1194 173
-22.8953 0000 90.1418 147
-22.8581 0000 90.1559 173
-22.8199 0000 90.1616 201
-22.7805 0000 90.1590 196
-22.7409 0000 90.1543 168
-22.7018 0000 90.1537 162
-22.6646 0000 90.1678 221
-22.6253 0000 90.1652 241
-22.5848 0000 90.1542 188
-22.5455 0000 90.1516 154
-22.5056 0000 90.1448 128
-22.4659 0000 90.1401 113
-22.4274 0000 90.1437 118
-22.3891 0000 90.1495 145
-22.3506 0000 90.1532 173
-22.3117 0000 90.1547 179
-22.2718 0000 90.1479 148
-22.2314 0000 90.1370 121
-22.1915 0000 90.1302 139
-22.1519 0000 90.1255 158
-22.1125 0000 90.1229 146
-22.0747 0000 90.1329 134
-22.0369 0000 90.1429 137
-21.9989 0000 90.1507 148
-21.9622 0000 90.1691 205
-21.9236 0000 90.1728 271
-21.8866 0000 90.1891 287
-21.8490 0000 90.2011 323
-21.8122 0000 90.2195 301
-21.7736 0000 90.2232 248
-21.7332 0000 90.2123 192
-21.6933 0000 90.2055 142
-21.6533 0000 90.1988 127
-21.6139 0000 90.1962 130
-21.5748 0000 90.1958 126
-21.5357 0000 90.1953 112
-21.4986 0000 90.2116 109
-21.4597 0000 90.2133 107
-21.4182 0000 90.1940 137
-21.3794 0000 90.1956 173
-21.3397 0000 90.1910 180
-21.2988 0000 90.1759 126
-21.2619 0000 90.1943 107
-21.2235 0000 90.2001 102
-21.1869 0000 90.2206 95
-21.1475 0000 90.2181 96
-21.1079 0000 90.2135 110
-21.0692 0000 90.2172 117
-21.0311 0000 90.2252 110
-20.9934 0000 90.2373 119
-20.9563 0000 90.2537 124
-20.9163 0000 90.2470 134
-20.8769 0000 90.2444 130
-20.8377 0000 90.2440 112
-20.7961 0000 90.2226 116
-20.7564 0000 90.2180 131
-20.7175 0000 90.2197 138
-20.6783 0000 90.2193 132
-20.6386 0000 90.2146 132
-20.5997 0000 90.2163 129
-20.5613 0000 90.2222 118
-20.5224 0000 90.2239 107
-20.4834 0000 90.2256 105
-20.4445 0000 90.2272 119
-20.4041 0000 90.2163 122
-20.3610 0000 90.1824 88
-20.3209 0000 90.1736 67
-20.2851 0000 90.2025 46
-20.2462 0000 90.2042 46
-20.2080 0000 90.2122 73
-20.1720 0000 90.2390 109
-20.1325 0000 90.2365 125
-20.0970 0000 90.2676 134
-20.0590 0000 90.2777 144
-20.0203 0000 90.2815 146
-19.9801 0000 90.2727 138
-19.9385 0000 90.2513 136
-19.8948 0000 90.2110 162
-19.8546 0000 90.2022 190
-19.8138 0000 90.1871 166
-19.7753 0000 90.1930 154
-19.7385 0000 90.2136 175
-19.6996 0000 90.2153 169
-19.6611 0000 90.2212 151
-19.6271 0000 90.2669 142
-19.5893 0000 90.2791 136
-19.5520 0000 90.2955 114
-19.5130 0000 90.2972 103
-19.4743 0000 90.3010 103
-19.4349 0000 90.2985 133
-19.3945 0000 90.2876 171
-19.3548 0000 90.2830 188
-19.3158 0000 90.2847 194
-19.2766 0000 90.2843 203
-19.2377 0000 90.2859 183
-19.1991 0000 90.2918 131
-19.1606 0000 90.2977 95
-19.1239 0000 90.3204 97
-19.0838 0000 90.3116 107
-19.0473 0000 90.3364 147
-19.0088 0000 90.3423 161
-18.9689 0000 90.3356 156
-18.9271 0000 90.3121 144
-18.8875 0000 90.3075 155
-18.8487 0000 90.3113 150
-18.8111 0000 90.3256 139
-18.7716 0000 90.3231 106
-18.7326 0000 90.3248 110
-18.6945 0000 90.3349 152
-18.6555 0000 90.3365 174
-18.6160 0000 90.3340 166
-18.5768 0000 90.3336 146
-18.5380 0000 90.3374 130
-18.4999 0000 90.3475 122
-18.4637 0000 90.3765 144
-18.4267 0000 90.3971 133
-18.3872 0000 90.3946 115
-18.3478 0000 90.3921 105
-18.3085 0000 90.3917 106
-18.2692 0000 90.3913 105
-18.2300 0000 90.3909 111
-18.1909 0000 90.3926 145
-18.1517 0000 90.3921 186
-18.1105 0000 90.3728 194
-18.0706 0000 90.3661 213
-18.0315 0000 90.3678 185
-17.9940 0000 90.3842 165
-17.9573 0000 90.4090 149
-17.9185 0000 90.4128 158
-17.8811 0000 90.4313 164
-17.8419 0000 90.4309 163
-17.8011 0000 90.4157 137
-17.7599 0000 90.3964 111
-17.7204 0000 90.3939 113
-17.6811 0000 90.3934 139
-17.6423 0000 90.3972 160
-17.6036 0000 90.4031 175
-17.5648 0000 90.4069 173
-17.5248 0000 90.4002 140
-17.4851 0000 90.3955 113
-17.4457 0000 90.3930 117
-17.4080 0000 90.4094 127
-17.3692 0000 90.4132 144
-17.3288 0000 90.4022 153
-17.2887 0000 90.3934 153
-17.2488 0000 90.3867 172
-17.2105 0000 90.3968 192
-17.1721 0000 90.4047 173
-17.1334 0000 90.4106 134
-17.0958 0000 90.4270 111
-17.0569 0000 90.4308 119
-17.0196 0000 90.4514 135
-16.9803 0000 90.4510 128
-16.9412 0000 90.4526 113
-16.9031 0000 90.4648 101
-16.8684 0000 90.5128 92
-16.8291 0000 90.5124 79
-16.7890 0000 90.5035 90
-16.7488 0000 90.4947 111
-16.7067 0000 90.4648 114
-16.6664 0000 90.4538 109
-16.6258 0000 90.4407 101
-16.5857 0000 90.4319 95
-16.5446 0000 90.4125 91
-16.5055 0000 90.4142 96
-16.4681 0000 90.4348 112
-16.4296 0000 90.4428 119
-16.3912 0000 90.4529 126
-16.3519 0000 90.4524 123
-16.3122 0000 90.4478 114
-16.2730 0000 90.4494 103
-16.2339 0000 90.4511 99
-16.1951 0000 90.4570 116
-16.1566 0000 90.4650 123
-16.1188 0000 90.4814 100
-16.0818 0000 90.5062 110
-16.0453 0000 90.5374 113
-16.0071 0000 90.5496 141
-15.9672 0000 90.5428 181
-15.9266 0000 90.5297 215
-15.8869 0000 90.5251 233
-15.8477 0000 90.5268 218
-15.8091 0000 90.5347 172
-15.7743 0000 90.5849 133
-15.7358 0000 90.5950 114
-15.6980 0000 90.6115 108
-15.6580 0000 90.6047 102
-15.6167 0000 90.5832 97
-15.5756 0000 90.5637 109
-15.5364 0000 90.5654 107
-15.4978 0000 90.5734 103
-15.4586 0000 90.5751 104
-15.4190 0000 90.5726 116
-15.3798 0000 90.5742 123
-15.3417 0000 90.5886 133
-15.3039 0000 90.6071 130
-15.2649 0000 90.6109 127
-15.2266 0000 90.6231 129
-15.1870 0000 90.6206 125
-15.1478 0000 90.6223 137
-15.1089 0000 90.6282 173
-15.0700 0000 90.6341 219
-15.0313 0000 90.6421 223
-14.9930 0000 90.6543 182
-14.9548 0000 90.6687 115
-14.9139 0000 90.6513 92
-14.8747 0000 90.6530 88
-14.8345 0000 90.6441 85
-14.7940 0000 90.6310 83
-14.7544 0000 90.6285 86
-14.7142 0000 90.6196 88
-14.6685 0000 90.5432 159
-14.6266 0000 90.5133 276
-14.5868 0000 90.5086 333
-14.5474 0000 90.5082 275
-14.5088 0000 90.5183 195
-14.4710 0000 90.5369 141
-14.4349 0000 90.5765 140
-14.3972 0000 90.5972 153
-14.3586 0000 90.6073 178
-14.3209 0000 90.6280 200
-14.2814 0000 90.6276 165
-14.2408 0000 90.6124 159
-14.1996 0000 90.5909 166
-14.1602 0000 90.5904 169
-14.1210 0000 90.5942 159
-14.0828 0000 90.6086 135
-14.0437 0000 90.6124 100
-14.0055 0000 90.6289 115
-13.9673 0000 90.6432 139
-13.9288 0000 90.6555 149
-13.8900 0000 90.6635 127
-13.8510 0000 90.6694 132
-13.8122 0000 90.6775 130
-13.7727 0000 90.6770 137
-13.7326 0000 90.6682 136
-13.6903 0000 90.6318 107
-13.6510 0000 90.6335 96
-13.6128 0000 90.6500 117
-13.5727 0000 90.6411 151
-13.5334 0000 90.6428 156
-13.4975 0000 90.6889 150
-13.4594 0000 90.7075 171
-13.4202 0000 90.7113 179
-13.3806 0000 90.7088 163
-13.3412 0000 90.7105 155
-13.3024 0000 90.7186 160
-13.2629 0000 90.7182 190
-13.2234 0000 90.7177 239
-13.1842 0000 90.7216 256
-13.1444 0000 90.7169 228
-13.1042 0000 90.7081 201
-13.0638 0000 90.6950 206
-13.0235 0000 90.6840 252
-12.9839 0000 90.6815 316
-12.9445 0000 90.6832 338
-12.9052 0000 90.6849 307
-12.8651 0000 90.6760 306
-12.8245 0000 90.6608 236
-12.7847 0000 90.6562 172
-12.7479 0000 90.6938 116
-12.7101 0000 90.7167 101
-12.6734 0000 90.7565 115
-12.6359 0000 90.7836 110
-12.5981 0000 90.8086 135
-12.5587 0000 90.8103 159
-12.5190 0000 90.8078 171
-12.4791 0000 90.8010 173
-12.4385 0000 90.7858 153
-12.3990 0000 90.7854 144
-12.3603 0000 90.7977 127
-12.3221 0000 90.8164 141
-12.2828 0000 90.8202 137
-12.2434 0000 90.8219 116
-12.2039 0000 90.8215 105
-12.1633 0000 90.8063 108
-12.1237 0000 90.8038 99
-12.0844 0000 90.8077 105
-12.0453 0000 90.8136 126
-12.0060 0000 90.8175 127
-11.9676 0000 90.8340 106
-11.9296 0000 90.8569 116
-11.8902 0000 90.8587 118
-11.8519 0000 90.8773 100
-11.8124 0000 90.8769 92
-11.7703 0000 90.8384 112
-11.7291 0000 90.8126 142
-11.6894 0000 90.8101 170
-11.6501 0000 90.8139 183
-11.6111 0000 90.8220 238
-11.5720 0000 90.8280 321
-11.5327 0000 90.8319 336
-11.4945 0000 90.8527 251
-11.4557 0000 90.8629 194
-11.4173 0000 90.8816 172
-11.3779 0000 90.8833 154
-11.3383 0000 90.8829 145
-11.2985 0000 90.8783 153
-11.2589 0000 90.8779 170
-11.2199 0000 90.8860 172
-11.1803 0000 90.8856 160
-11.1405 0000 90.8810 151
-11.1012 0000 90.8848 155
-11.0622 0000 90.8929 168
-11.0227 0000 90.8947 173
-10.9824 0000 90.8816 170
-10.9422 0000 90.8706 170
-10.9027 0000 90.8723 169
-10.8638 0000 90.8825 165
-10.8262 0000 90.9140 178
-10.7885 0000 90.9454 260
-10.7498 0000 90.9599 306
-10.7105 0000 90.9637 281
-10.6704 0000 90.9549 236
-10.6306 0000 90.9502 223
-10.5911 0000 90.9520 213
-10.5512 0000 90.9452 199
-10.5111 0000 90.9364 187
-10.4716 0000 90.9381 176
-10.4328 0000 90.9504 198
-10.3952 0000 90.9840 228
-10.3588 0000 91.0388 258
-10.3203 0000 91.0576 262
-10.2805 0000 91.0550 229
-10.2391 0000 91.0228 192
-10.1984 0000 91.0033 140
-10.1568 0000 90.9669 117
-10.1158 0000 90.9410 95
-10.0748 0000 90.9152 96
-10.0352 0000 90.9148 99
-9.9972 0000 90.9420 109
-9.9579 0000 90.9480 118
-9.9195 0000 90.9688 108
-9.8799 0000 90.9684 88
-9.8404 0000 90.9681 86
-9.8009 0000 90.9698 101
-9.7614 0000 90.9715 117
-9.7219 0000 90.9733 131
-9.6812 0000 90.9517 136
-9.6413 0000 90.9449 134
-9.6018 0000 90.9467 108
-9.5642 0000 90.9824 96
-9.5259 0000 91.0074 90
-9.4863 0000 91.0071 95
-9.4464 0000 91.0003 115
-9.4055 0000 90.9745 156
-9.3646 0000 90.9486 153
-9.3249 0000 90.9461 153
-9.2856 0000 90.9521 181
-9.2468 0000 90.9665 250
-9.2069 0000 90.9598 230
-9.1687 0000 90.9870 195
-9.1290 0000 90.9845 151
-9.0883 0000 90.9608 131
-9.0492 0000 90.9710 113
-9.0116 0000 91.0109 93
-8.9737 0000 91.0445 94
-8.9354 0000 91.0696 102
-8.8958 0000 91.0692 120
-8.8564 0000 91.0731 127
-8.8168 0000 91.0727 135
-8.7765 0000 91.0596 146
-8.7344 0000 91.0061 164
-8.6939 0000 90.9866 230
-8.6544 0000 90.9883 341
-8.6151 0000 90.9943 391
-8.5766 0000 91.0173 310
-8.5387 0000 91.0530 256
-8.5012 0000 91.0972 191
-8.4619 0000 91.1053 185
-8.4213 0000 91.0837 201
-8.3815 0000 91.0791 196
-8.3421 0000 91.0829 199
-8.3041 0000 91.1187 213
-8.2643 0000 91.1140 220
-8.2231 0000 91.0775 222
-8.1835 0000 91.0771 216
-8.1438 0000 91.0768 208
-8.1040 0000 91.0721 186
-8.0645 0000 91.0739 153
-8.0250 0000 91.0756 134
-7.9854 0000 91.0752 123
-7.9462 0000 91.0855 127
-7.9080 0000 91.1170 157
-7.8691 0000 91.1336 138
-7.8294 0000 91.1311 127
-7.7899 0000 91.1350 148
-7.7507 0000 91.1431 201
-7.7112 0000 91.1470 246
-7.6717 0000 91.1487 271
-7.6321 0000 91.1505 291
-7.5932 0000 91.1671 367
-7.5541 0000 91.1816 364
-7.5148 0000 91.1897 350
-7.4755 0000 91.1958 290
-7.4362 0000 91.2039 234
-7.3975 0000 91.2291 210
-7.3585 0000 91.2457 147
-7.3173 0000 91.2049 184
-7.2776 0000 91.2045 331
-7.2380 0000 91.2042 458
-7.1981 0000 91.1974 512
-7.1581 0000 91.1885 483
-7.1180 0000 91.1775 369
-7.0775 0000 91.1537 329
-7.0373 0000 91.1406 263
-6.9988 0000 91.1700 221
-6.9594 0000 91.1760 213
-6.9199 0000 91.1799 219
-6.8807 0000 91.1923 209
-6.8425 0000 91.2303 179
-6.8048 0000 91.2832 185
-6.7653 0000 91.2892 213
-6.7257 0000 91.2910 239
-6.6860 0000 91.2906 243
-6.6463 0000 91.2881 216
-6.6066 0000 91.2878 175
-6.5671 0000 91.2938 145
-6.5285 0000 91.3233 155
-6.4888 0000 91.3229 167
-6.4468 0000 91.2544 197
-6.4063 0000 91.2306 296
-6.3660 0000 91.2111 389
-6.3258 0000 91.1958 537
-6.2863 0000 91.1997 608
-6.2468 0000 91.2058 652
-6.2074 0000 91.2139 612
-6.1678 0000 91.2157 585
-6.1286 0000 91.2281 554
-6.0891 0000 91.2363 454
-6.0497 0000 91.2445 395
-6.0099 0000 91.2377 357
-5.9701 0000 91.2353 303
-5.9308 0000 91.2477 216
-5.8916 0000 91.2623 137
-5.8526 0000 91.2832 103
-5.8129 0000 91.2829 75
-5.7750 0000 91.3422 59
-5.7363 0000 91.3760 54
-5.6956 0000 91.3415 57
-5.6560 0000 91.3455 80
-5.6172 0000 91.3750 131
-5.5776 0000 91.3789 207
-5.5378 0000 91.3786 279
-5.4981 0000 91.3761 351
-5.4583 0000 91.3736 398
-5.4185 0000 91.3711 351
-5.3790 0000 91.3772 254
-5.3397 0000 91.3918 220
-5.3002 0000 91.4000 218
-5.2602 0000 91.3911 212
-5.2200 0000 91.3737 265
-5.1801 0000 91.3670 329
-5.1403 0000 91.3624 312
-5.1006 0000 91.3642 247
-5.0614 0000 91.3809 205
-5.0221 0000 91.3976 200
-4.9828 0000 91.4144 207
-4.9431 0000 91.4140 187
-4.9034 0000 91.4158 187
-4.8637 0000 91.4198 166
-4.8241 0000 91.4216 130
-4.7843 0000 91.4212 115
-4.7451 0000 91.4422 111
-4.7055 0000 91.4462 124
-4.6662 0000 91.4672 117
-4.6266 0000 91.4733 105
-4.5877 0000 91.5071 102
-4.5481 0000 91.5132 95
-4.5088 0000 91.5364 89
-4.4697 0000 91.5660 85
-4.4302 0000 91.5742 93
-4.3904 0000 91.5739 98
-4.3504 0000 91.5628 100
-4.3095 0000 91.5090 106
-4.2697 0000 91.5066 109
-4.2299 0000 91.5041 99
-4.1896 0000 91.4781 91
-4.1499 0000 91.4799 86
-4.1112 0000 91.5330 121
-4.0715 0000 91.5370 207
-4.0316 0000 91.5281 254
-3.9918 0000 91.5256 269
-3.9519 0000 91.5188 249
-3.9120 0000 91.5121 234
-3.8725 0000 91.5267 214
-3.8329 0000 91.5349 208
-3.7932 0000 91.5389 198
-3.7535 0000 91.5385 203
-3.7137 0000 91.5382 222
-3.6740 0000 91.5421 233
-3.6346 0000 91.5610 271
-3.5951 0000 91.5800 268
-3.5554 0000 91.5839 258
-3.5156 0000 91.5814 252
-3.4754 0000 91.5554 300
-3.4356 0000 91.5529 330
-3.3958 0000 91.5505 311
-3.3557 0000 91.5309 247
-3.3157 0000 91.5113 242
-3.2758 0000 91.5046 224
-3.2360 0000 91.4999 222
-3.1963 0000 91.5039 228
-3.1565 0000 91.5035 222
-3.1168 0000 91.5053 215
-3.0772 0000 91.5114 212
-3.0374 0000 91.5111 204
-2.9977 0000 91.5193 215
-2.9585 0000 91.5553 242
-2.9189 0000 91.5678 261
-2.8792 0000 91.5782 276
-2.8395 0000 91.5821 297
-2.7997 0000 91.5775 284
-2.7597 0000 91.5643 233
-2.7199 0000 91.5555 207
-2.6801 0000 91.5594 220
-2.6405 0000 91.5676 231
-2.6008 0000 91.5780 231
-2.5611 0000 91.5841 228
-2.5213 0000 91.5773 198
-2.4816 0000 91.5877 151
-2.4421 0000 91.6152 188
-2.4025 0000 91.6320 275
-2.3628 0000 91.6466 378
-2.3231 0000 91.6484 464
-2.2832 0000 91.6460 518
-2.2436 0000 91.6585 479
-2.2039 0000 91.6732 461
-2.1640 0000 91.6600 323
-2.1241 0000 91.6425 301
-2.0842 0000 91.6315 281
-2.0443 0000 91.6162 259
-2.0044 0000 91.6115 224
-1.9647 0000 91.6134 208
-1.9249 0000 91.6152 219
-1.8851 0000 91.6170 237
-1.8453 0000 91.6145 243
-1.8056 0000 91.6185 220
-1.7659 0000 91.6417 177
-1.7262 0000 91.6478 161
-1.6864 0000 91.6539 152
-1.6468 0000 91.6793 153
-1.6070 0000 91.6832 147
-1.5672 0000 91.6829 143
-1.5273 0000 91.6783 130
-1.4874 0000 91.6480 115
-1.4475 0000 91.6198 95
-1.4075 0000 91.5853 76
-1.3676 0000 91.5507 65
-1.3278 0000 91.5482 73
-1.2882 0000 91.5736 87
-1.2485 0000 91.6032 111
-1.2087 0000 91.6029 146
-1.1689 0000 91.5855 163
-1.1291 0000 91.5873 178
-1.0893 0000 91.5806 191
-1.0495 0000 91.5653 207
-1.0096 0000 91.5393 253
-0.9699 0000 91.5389 297
-0.9301 0000 91.5386 322
-0.8903 0000 91.5212 287
-0.8505 0000 91.5337 302
-0.8108 0000 91.5355 377
-0.7710 0000 91.5395 537
-0.7312 0000 91.5392 688
-0.6915 0000 91.5389 791
-0.6517 0000 91.5407 814
-0.6119 0000 91.5446 786
-0.5721 0000 91.5443 758
-0.5324 0000 91.5440 616
-0.4926 0000 91.5480 381
-0.4528 0000 91.5541 241
-0.4130 0000 91.5559 185
-0.3733 0000 91.5513 173
-0.3335 0000 91.5489 192
-0.2937 0000 91.5550 186
-0.2539 0000 91.5632 174
-0.2141 0000 91.5565 163
-0.1744 0000 91.5476 147
-0.1346 0000 91.5451 138
-0.0949 0000 91.5405 135
-0.0551 0000 91.5381 138
-0.0153 0000 91.5378 149
0.0245 0000 91.5653 158
0.0645 0000 91.6014 200
0.1043 0000 91.6117 243
0.1441 0000 91.6093 269
0.1839 0000 91.6068 319
0.2236 0000 91.6065 388
0.2634 0000 91.6062 399
0.3033 0000 91.6123 384
0.3432 0000 91.6334 341
0.3830 0000 91.6374 303
0.4230 0000 91.6799 258
0.4630 0000 91.7032 222
0.5032 0000 91.7608 189
0.5430 0000 91.7626 160
0.5824 0000 91.7044 150
0.6220 0000 91.6698 168
0.6616 0000 91.6437 161
0.7015 0000 91.6605 183
0.7413 0000 91.6624 196
0.7811 0000 91.6620 187
0.8210 0000 91.6746 174
0.8609 0000 91.6893 157
0.9009 0000 91.7104 143
0.9409 0000 91.7294 128
0.9807 0000 91.7290 156
1.0205 0000 91.7287 189
1.0604 0000 91.7327 199
1.1003 0000 91.7409 194
1.1401 0000 91.7406 184
1.1799 0000 91.7424 168
1.2200 0000 91.7700 158
1.2602 0000 91.7975 209
1.3001 0000 91.8058 250
1.3400 0000 91.8119 251
1.3798 0000 91.8116 247
1.4196 0000 91.8070 247
1.4594 0000 91.8088 240
1.4993 0000 91.8149 256
1.5391 0000 91.8146 279
1.5788 0000 91.8035 298
1.6181 0000 91.7603 338
1.6573 0000 91.7192 497
1.6968 0000 91.6931 529
1.7366 0000 91.6949 528
1.7765 0000 91.7032 452
1.8166 0000 91.7200 343
1.8564 0000 91.7240 203
1.8969 0000 91.7730 126
1.9370 0000 91.7876 96
1.9768 0000 91.7873 91
2.0165 0000 91.7784 95
2.0562 0000 91.7738 112
2.0960 0000 91.7713 142
2.1358 0000 91.7710 168
2.1752 0000 91.7470 175
2.2150 0000 91.7488 155
2.2553 0000 91.7742 134
2.2955 0000 91.8018 108
2.3355 0000 91.8079 101
2.3757 0000 91.8312 96
2.4156 0000 91.8351 87
2.4554 0000 91.8348 79
2.4952 0000 91.8323 69
2.5349 0000 91.8298 68
2.5754 0000 91.8638 82
2.6153 0000 91.8678 117
2.6550 0000 91.8632 156
2.6948 0000 91.8607 200
2.7346 0000 91.8604 244
2.7745 0000 91.8622 262
2.8144 0000 91.8683 252
2.8543 0000 91.8722 220
2.8941 0000 91.8698 174
2.9339 0000 91.8694 134
2.9738 0000 91.8712 122
3.0136 0000 91.8709 148
3.0534 0000 91.8706 188
3.0933 0000 91.8724 193
3.1331 0000 91.8742 172
3.1733 0000 91.8889 184
3.2131 0000 91.8886 184
3.2529 0000 91.8882 167
3.2931 0000 91.9051 146
3.3330 0000 91.9069 150
3.3729 0000 91.9087 154
3.4126 0000 91.9062 150
3.4514 0000 91.8608 143
3.4911 0000 91.8583 142
3.5320 0000 91.9009 146
3.5719 0000 91.9070 154
3.6118 0000 91.9110 159
3.6517 0000 91.9128 150
3.6915 0000 91.9104 147
3.7312 0000 91.9079 151
3.7706 0000 91.8904 173
3.8104 0000 91.8879 191
3.8502 0000 91.8876 203
3.8895 0000 91.8679 200
3.9292 0000 91.8654 202
3.9693 0000 91.8780 190
4.0086 0000 91.8562 147
4.0481 0000 91.8473 142
4.0878 0000 91.8427 149
4.1276 0000 91.8445 162
4.1675 0000 91.8485 172
4.2074 0000 91.8503 179
4.2474 0000 91.8564 191
4.2874 0000 91.8647 191
4.3277 0000 91.8815 202
4.3673 0000 91.8748 213
4.4065 0000 91.8530 221
4.4460 0000 91.8441 272
4.4855 0000 91.8352 284
4.5247 0000 91.8155 265
4.5645 0000 91.8152 232
4.6049 0000 91.8342 222
4.6448 0000 91.8382 252
4.6847 0000 91.8422 275
4.7246 0000 91.8462 269
4.7654 0000 91.8780 238
4.8072 0000 91.9400 237
4.8473 0000 91.9504 254
4.8871 0000 91.9480 277
4.9268 0000 91.9455 284
4.9666 0000 91.9452 256
5.0059 0000 91.9299 220
5.0439 0000 91.8759 200
5.0835 0000 91.8691 188
5.1233 0000 91.8688 191
5.1631 0000 91.8706 208
5.2028 0000 91.8682 225
5.2427 0000 91.8700 231
5.2828 0000 91.8805 230
5.3236 0000 91.9081 238
5.3633 0000 91.9056 223
5.4026 0000 91.8924 224
5.4422 0000 91.8857 250
5.4818 0000 91.8811 283
5.5209 0000 91.8615 288
5.5608 0000 91.8633 322
5.6007 0000 91.8673 362
5.6406 0000 91.8691 368
5.6803 0000 91.8667 346
5.7198 0000 91.8600 336
5.7587 0000 91.8360 354
5.7976 0000 91.8143 321
5.8372 0000 91.8097 315
5.8767 0000 91.8030 320
5.9165 0000 91.8027 325
5.9566 0000 91.8110 326
5.9978 0000 91.8471 349
6.0379 0000 91.8554 323
6.0784 0000 91.8745 243
6.1191 0000 91.8956 221
6.1590 0000 91.8975 241
6.1988 0000 91.8994 280
6.2387 0000 91.9012 300
6.2786 0000 91.9031 294
6.3184 0000 91.9028 276
6.3581 0000 91.9004 253
6.3978 0000 91.9001 234
6.4378 0000 91.9041 212
6.4776 0000 91.9038 195
6.5174 0000 91.9035 202
6.5575 0000 91.9118 217
6.5992 0000 91.9545 219
6.6391 0000 91.9585 215
6.6790 0000 91.9604 226
6.7188 0000 91.9601 258
6.7586 0000 91.9598 287
6.7985 0000 91.9617 307
6.8383 0000 91.9614 309
6.8779 0000 91.9568 278
6.9176 0000 91.9544 239
6.9576 0000 91.9584 233
6.9974 0000 91.9581 307
7.0372 0000 91.9579 451
7.0770 0000 91.9576 584
7.1170 0000 91.9616 644
7.1571 0000 91.9678 620
7.1974 0000 91.9783 550
7.2374 0000 91.9823 452
7.2771 0000 91.9799 354
7.3175 0000 91.9925 292
7.3574 0000 91.9944 300
7.3982 0000 92.0134 331
7.4385 0000 92.0239 312
7.4796 0000 92.0516 266
7.5193 0000 92.0492 252
7.5575 0000 92.0145 301
7.5964 0000 91.9949 337
7.6360 0000 91.9903 390
7.6749 0000 91.9728 464
7.7147 0000 91.9726 446
7.7545 0000 91.9723 387
7.7942 0000 91.9699 320
7.8339 0000 91.9675 241
7.8745 0000 91.9844 192
7.9148 0000 91.9927 170
7.9559 0000 92.0183 197
7.9961 0000 92.0266 282
8.0364 0000 92.0350 375
8.0764 0000 92.0390 422
8.1160 0000 92.0344 393
8.1553 0000 92.0234 345
8.1939 0000 92.0016 300
8.2352 0000 92.0293 313
8.2757 0000 92.0420 332
8.3165 0000 92.0611 331
8.3574 0000 92.0802 370
8.3973 0000 92.0821 381
8.4364 0000 92.0689 373
8.4773 0000 92.0880 411
8.5173 0000 92.0920 407
8.5582 0000 92.1112 373
8.5984 0000 92.1173 347
8.6385 0000 92.1235 312
8.6784 0000 92.1233 280
8.7182 0000 92.1230 248
8.7579 0000 92.1206 235
8.7976 0000 92.1182 237
8.8376 0000 92.1222 224
8.8778 0000 92.1284 209
8.9189 0000 92.1497 228
8.9587 0000 92.1494 256
8.9986 0000 92.1513 284
9.0389 0000 92.1597 278
9.0803 0000 92.1853 237
9.1213 0000 92.2066 260
9.1612 0000 92.2063 279
9.2010 0000 92.2061 281
9.2402 0000 92.1950 284
9.2800 0000 92.1948 251
9.3209 0000 92.2117 206
9.3607 0000 92.2115 197
9.4009 0000 92.2177 206
9.4418 0000 92.2347 221
9.4847 0000 92.2862 243
9.5255 0000 92.3010 260
9.5666 0000 92.3223 252
9.6076 0000 92.3415 282
9.6479 0000 92.3477 274
9.6880 0000 92.3518 248
9.7281 0000 92.3558 211
9.7685 0000 92.3642 169
9.8089 0000 92.3726 148
9.8500 0000 92.3918 167
9.8901 0000 92.3958 171
9.9315 0000 92.4193 152
9.9722 0000 92.4320 147
10.0141 0000 92.4642 160
10.0557 0000 92.4920 156
10.0960 0000 92.4983 150
10.1359 0000 92.4980 131
10.1768 0000 92.5129 133
10.2168 0000 92.5148 133
10.2556 0000 92.4972 130
10.2955 0000 92.4970 144
10.3354 0000 92.4967 146
10.3747 0000 92.4878 144
10.4140 0000 92.4789 162
10.4540 0000 92.4808 175
10.4937 0000 92.4784 175
10.5335 0000 92.4760 182
10.5736 0000 92.4800 194
10.6139 0000 92.4863 203
10.6538 0000 92.4860 209
10.6931 0000 92.4771 233
10.7327 0000 92.4725 269
10.7723 0000 92.4679 255
10.8119 0000 92.4634 195
10.8502 0000 92.4415 131
10.8867 0000 92.3915 75
10.9214 0000 92.3157 60
10.9588 0000 92.2809 80
10.9994 0000 92.2915 105
11.0401 0000 92.3042 147
11.0829 0000 92.3471 174
11.1235 0000 92.3576 197
11.1653 0000 92.3855 201
11.2074 0000 92.4176 227
11.2481 0000 92.4282 219
11.2897 0000 92.4539 178
11.3317 0000 92.4839 168
11.3739 0000 92.5161 164
11.4139 0000 92.5180 174
11.4535 0000 92.5134 176
11.4915 0000 92.4872 198
11.5309 0000 92.4805 200
11.5709 0000 92.4824 204
11.6111 0000 92.4865 227
11.6514 0000 92.4927 228
11.6914 0000 92.4947 198
11.7313 0000 92.4944 166
11.7713 0000 92.4963 134
11.8137 0000 92.5307 141
11.8542 0000 92.5391 163
11.8939 0000 92.5367 175
11.9337 0000 92.5365 183
11.9749 0000 92.5536 168
12.0148 0000 92.5533 167
12.0546 0000 92.5531 179
12.0943 0000 92.5507 185
12.1361 0000 92.5764 201
12.1780 0000 92.6022 206
12.2179 0000 92.6019 227
12.2579 0000 92.6039 238
12.2968 0000 92.5907 242
12.3370 0000 92.5948 258
12.3782 0000 92.6118 291
12.4177 0000 92.6073 338
12.4574 0000 92.6049 386
12.4969 0000 92.6003 405
12.5356 0000 92.5849 371
12.5743 0000 92.5696 381
12.6141 0000 92.5693 317
12.6543 0000 92.5734 243
12.6952 0000 92.5862 222
12.7345 0000 92.5795 194
12.7726 0000 92.5576 157
12.8121 0000 92.5531 163
12.8520 0000 92.5528 190
12.8918 0000 92.5526 230
12.9313 0000 92.5481 254
12.9701 0000 92.5349 237
13.0068 0000 92.4957 219
13.0475 0000 92.5063 247
13.0890 0000 92.5277 221
13.1298 0000 92.5383 220
13.1696 0000 92.5381 223
13.2099 0000 92.5443 199
13.2505 0000 92.5528 162
13.2939 0000 92.5958 152
13.3344 0000 92.6042 164
13.3750 0000 92.6127 177
13.4152 0000 92.6168 185
13.4548 0000 92.6144 185
13.4948 0000 92.6163 171
13.5349 0000 92.6183 159
13.5767 0000 92.6419 147
13.6174 0000 92.6525 141
13.6595 0000 92.6782 142
13.6995 0000 92.6802 147
13.7392 0000 92.6778 161
13.7768 0000 92.6516 166
13.8151 0000 92.6340 200
13.8561 0000 92.6468 226
13.8938 0000 92.6227 189
13.9325 0000 92.6095 199
13.9722 0000 92.6071 230
14.0120 0000 92.6069 249
14.0516 0000 92.6045 248
14.0916 0000 92.6064 235
14.1340 0000 92.6365 217
14.1761 0000 92.6623 241
14.2184 0000 92.6902 223
14.2592 0000 92.7008 213
14.3000 0000 92.7114 204
14.3398 0000 92.7112 201
14.3767 0000 92.6784 184
14.4077 0000 92.5787 196
14.4429 0000 92.5265 200
14.4795 0000 92.4917 199
14.5201 0000 92.5001 159
14.5676 0000 92.5864 131
14.6152 0000 92.6727 132
14.6556 0000 92.6790 139
14.6993 0000 92.7220 139
14.7399 0000 92.7305 126
14.7801 0000 92.7346 108
14.8181 0000 92.7148 96
14.8573 0000 92.7081 86
14.8951 0000 92.6862 98
14.9345 0000 92.6816 96
14.9741 0000 92.6792 90
15.0139 0000 92.6790 84
15.0577 0000 92.7220 79
15.1106 0000 92.8627 70
15.1584 0000 92.9493 73
15.1950 0000 92.9143 82
15.2270 0000 92.8294 102
15.2629 0000 92.7880 132
15.3029 0000 92.7899 145
15.3433 0000 92.7961 169
15.3831 0000 92.7959 206
15.4213 0000 92.7783 207
15.4601 0000 92.7672 215
15.4986 0000 92.7540 236
15.5345 0000 92.7126 259
15.5755 0000 92.7253 298
15.6175 0000 92.7489 266
15.6590 0000 92.7660 226
15.7019 0000 92.7982 195
15.7454 0000 92.8370 158
15.7881 0000 92.8671 168
15.8283 0000 92.8712 170
15.8683 0000 92.8731 167
15.9081 0000 92.8728 152
15.9502 0000 92.8964 121
15.9906 0000 92.9027 105
16.0307 0000 92.9046 111
16.0707 0000 92.9065 109
16.1109 0000 92.9106 114
16.1509 0000 92.9125 134
16.1892 0000 92.8970 154
16.2292 0000 92.8990 181
16.2719 0000 92.9291 182
16.3119 0000 92.9310 161
16.3515 0000 92.9285 133
16.3911 0000 92.9261 115
16.4285 0000 92.9020 106
16.4654 0000 92.8735 116
16.5041 0000 92.8624 126
16.5397 0000 92.8209 143
16.5792 0000 92.8185 147
16.6188 0000 92.8161 145
16.6585 0000 92.8158 148
16.7005 0000 92.8372 135
16.7437 0000 92.8717 134
16.7850 0000 92.8866 127
16.8301 0000 92.9384 122
16.8703 0000 92.9425 123
16.9108 0000 92.9487 121
16.9514 0000 92.9571 123
16.9939 0000 92.9829 132
17.0336 0000 92.9826 119
17.0729 0000 92.9780 106
17.1125 0000 92.9756 97
17.1516 0000 92.9688 101
17.1906 0000 92.9620 116
17.2281 0000 92.9400 129
17.2679 0000 92.9398 157
17.3074 0000 92.9373 199
17.3471 0000 92.9370 229
17.3846 0000 92.9151 209
17.4237 0000 92.9083 205
17.4636 0000 92.9102 199
17.5089 0000 92.9620 185
17.5507 0000 92.9812 177
17.5939 0000 93.0135 179
17.6392 0000 93.0654 164
17.6806 0000 93.0803 143
17.7234 0000 93.1083 137
17.7634 0000 93.1102 127
17.8029 0000 93.1078 106
17.8422 0000 93.1031 92
17.8789 0000 93.0746 102
17.9154 0000 93.0439 110
17.9525 0000 93.0197 127
17.9925 0000 93.0216 156
18.0372 0000 93.0670 183
18.0779 0000 93.0754 207
18.1203 0000 93.0990 190
18.1612 0000 93.1096 180
18.2041 0000 93.1376 194
18.2443 0000 93.1417 190
18.2838 0000 93.1392 176
18.3231 0000 93.1346 173
18.3623 0000 93.1299 170
18.4021 0000 93.1297 154
18.4423 0000 93.1337 158
18.4828 0000 93.1400 169
18.5228 0000 93.1419 161
18.5632 0000 93.1481 153
18.6032 0000 93.1500 150
18.6452 0000 93.1693 147
18.6876 0000 93.1929 122
18.7247 0000 93.1687 118
18.7612 0000 93.1402 139
18.7999 0000 93.1312 154
18.8360 0000 93.0983 157
18.8722 0000 93.0677 189
18.9114 0000 93.0630 215
18.9509 0000 93.0606 234
18.9908 0000 93.0625 232
19.0308 0000 93.0644 222
19.0713 0000 93.0706 216
19.1135 0000 93.0921 185
19.1539 0000 93.0983 173
19.1919 0000 93.0828 197
19.2328 0000 93.0934 197
19.2728 0000 93.0953 202
19.3097 0000 93.0712 233
19.3491 0000 93.0687 240
19.3898 0000 93.0771 200
19.4318 0000 93.0964 152
19.4736 0000 93.1135 108
19.5143 0000 93.1219 97
19.5547 0000 93.1282 87
19.5973 0000 93.1518 90
19.6344 0000 93.1298 86
19.6767 0000 93.1513 80
19.7161 0000 93.1489 77
19.7524 0000 93.1203 81
19.7924 0000 93.1222 86
19.8329 0000 93.1285 96
19.8728 0000 93.1304 115
19.9127 0000 93.1323 134
19.9553 0000 93.1560 139
19.9960 0000 93.1644 161
20.0386 0000 93.1881 199
20.0783 0000 93.1878 200
20.1180 0000 93.1875 199
20.1582 0000 93.1916 201
20.1990 0000 93.2001 192
20.2395 0000 93.2063 187
20.2815 0000 93.2257 178
20.3218 0000 93.2298 173
20.3647 0000 93.2556 178
20.4046 0000 93.2576 186
20.4443 0000 93.2573 179
20.4835 0000 93.2527 151
20.5229 0000 93.2503 138
20.5623 0000 93.2478 135
20.6023 0000 93.2498 129
20.6420 0000 93.2495 128
20.6814 0000 93.2471 146
20.7181 0000 93.2229 179
20.7547 0000 93.1987 246
20.7936 0000 93.1920 297
20.8335 0000 93.1939 341
20.8732 0000 93.1937 376
20.9131 0000 93.1956 386
20.9555 0000 93.2171 331
20.9963 0000 93.2256 300
21.0365 0000 93.2297 263
21.0759 0000 93.2273 209
21.1153 0000 93.2249 179
21.1543 0000 93.2203 185
21.1934 0000 93.2157 209
21.2309 0000 93.1981 243
21.2699 0000 93.1935 239
21.3087 0000 93.1868 236
21.3453 0000 93.1626 206
21.3838 0000 93.1537 181
21.4231 0000 93.1513 165
21.4633 0000 93.1554 159
21.5038 0000 93.1617 158
21.5462 0000 93.1833 185
21.5867 0000 93.1896 199
21.6283 0000 93.2046 188
21.6737 0000 93.2479 175
21.7141 0000 93.2542 174
21.7541 0000 93.2562 179
21.7966 0000 93.2778 172
21.8376 0000 93.2884 175
21.8778 0000 93.2926 175
21.9175 0000 93.2924 162
21.9571 0000 93.2922 141
21.9959 0000 93.2854 139
22.0306 0000 93.2482 171
22.0681 0000 93.2328 198
22.1074 0000 93.2304 212
22.1473 0000 93.2324 232
22.1866 0000 93.2300 251
22.2242 0000 93.2146 213
22.2614 0000 93.1970 206
22.3013 0000 93.1990 224
22.3418 0000 93.2053 243
22.3814 0000 93.2051 218
22.4198 0000 93.1963 177
22.4582 0000 93.1874 147
22.4977 0000 93.1872 137
22.5338 0000 93.1609 130
22.5793 0000 93.2042 133
22.6200 0000 93.2128 139
22.6602 0000 93.2169 146
22.6998 0000 93.2168 149
22.7396 0000 93.2188 147
22.7828 0000 93.2447 157
22.8257 0000 93.2685 153
22.8658 0000 93.2727 150
22.9057 0000 93.2747 140
22.9486 0000 93.2985 145
22.9885 0000 93.3005 154
23.0277 0000 93.2981 167
23.0646 0000 93.2784 154
23.0999 0000 93.2478 157
23.1346 0000 93.2128 164
23.1744 0000 93.2148 197
23.2142 0000 93.2169 225
23.2535 0000 93.2145 230
23.2933 0000 93.2166 231
23.3329 0000 93.2164 239
23.3730 0000 93.2206 236
23.4138 0000 93.2292 224
23.4561 0000 93.2486 222
23.4962 0000 93.2528 184
23.5373 0000 93.2635 164
23.5802 0000 93.2873 157
23.6204 0000 93.2915 150
23.6602 0000 93.2936 139
23.6994 0000 93.2913 135
23.7390 0000 93.2911 125
23.7822 0000 93.3171 121
23.8224 0000 93.3213 115
23.8626 0000 93.3255 111
23.9065 0000 93.3558 104
23.9460 0000 93.3557 105
23.9818 0000 93.3294 116
24.0244 0000 93.3511 127
24.0640 0000 93.3509 161
24.1032 0000 93.3486 198
24.1462 0000 93.3724 242
24.1908 0000 93.4071 238
24.2309 0000 93.4113 255
24.2701 0000 93.4090 264
24.3103 0000 93.4132 230
24.3498 0000 93.4131 175
24.3868 0000 93.3955 161
24.4292 0000 93.4150 153
24.4694 0000 93.4192 157
24.5134 0000 93.4495 170
24.5539 0000 93.4559 177
24.5940 0000 93.4601 180
24.6345 0000 93.4665 169
24.6750 0000 93.4729 149
24.7149 0000 93.4749 139
24.7541 0000 93.4726 146
24.7927 0000 93.4660 147
24.8312 0000 93.4593 150
24.8708 0000 93.4592 159
24.9103 0000 93.4590 159
24.9527 0000 93.4785 144
24.9948 0000 93.4957 148
25.0347 0000 93.4978 140
25.0752 0000 93.5042 126
25.1164 0000 93.5149 119
25.1575 0000 93.5256 119
25.2013 0000 93.5538 118
25.2412 0000 93.5558 112
25.2810 0000 93.5579 106
25.3160 0000 93.5273 90
25.3506 0000 93.4946 92
25.3934 0000 93.5161 92
