wt=153442517, DLLFiFo=0
-22.7047 0000 72.6885 159
-22.6779 0000 72.7413 161
-22.6465 0000 72.7641 155
-22.6123 0000 72.7686 137
-22.5854 0000 72.8215 129
-22.5585 0000 72.8745 122
-22.5283 0000 72.9058 133
-22.5037 0000 72.9739 171
-22.4722 0000 72.9968 194
-22.4389 0000 73.0080 209
-22.4069 0000 73.0276 234
-22.3719 0000 73.0270 261
-22.3406 0000 73.0516 262
-22.3106 0000 73.0847 216
-22.2860 0000 73.1547 201
-22.2527 0000 73.1659 187
-22.2241 0000 73.2091 182
-22.1883 0000 73.2035 181
-22.1529 0000 73.2013 178
-22.1221 0000 73.2293 163
-22.0927 0000 73.2675 145
-22.0615 0000 73.2939 133
-22.0264 0000 73.2933 127
-22.0071 0000 73.4007 123
-21.9877 0000 73.5083 132
-21.9565 0000 73.5348 147
-21.9208 0000 73.5308 164
-21.8849 0000 73.5252 178
-21.8497 0000 73.5246 196
-21.8153 0000 73.5291 209
-21.7816 0000 73.5387 199
-21.7539 0000 73.5905 192
-21.7258 0000 73.6391 196
-21.6942 0000 73.6639 219
-21.6624 0000 73.6871 212
-21.6383 0000 73.7645 191
-21.6089 0000 73.8047 169
-21.5811 0000 73.8567 159
-21.5526 0000 73.9037 161
-21.5169 0000 73.8997 173
-21.4850 0000 73.9230 172
-21.4547 0000 73.9581 223
-21.4235 0000 73.9864 333
-21.3892 0000 73.9926 426
-21.3577 0000 74.0193 414
-21.3240 0000 74.0306 399
-21.2923 0000 74.0556 389
-21.2601 0000 74.0771 326
-21.2288 0000 74.1055 298
-21.2003 0000 74.1544 290
-21.1688 0000 74.1811 278
-21.1332 0000 74.1788 261
-21.0935 0000 74.1475 237
-21.0542 0000 74.1179 202
-21.0450 0000 74.3068 155
-21.0474 0000 74.5802 180
-21.0088 0000 74.5573 151
-20.9734 0000 74.5567 134
-20.9490 0000 74.6368 131
-20.9243 0000 74.7152 140
-20.8952 0000 74.7610 134
-20.8634 0000 74.7879 119
-20.8424 0000 74.8941 115
-20.8118 0000 74.9297 119
-20.7810 0000 74.9636 132
-20.7496 0000 74.9941 139
-20.7150 0000 75.0004 127
-20.6829 0000 75.0257 129
-20.6504 0000 75.0475 133
-20.6148 0000 75.0469 147
-20.5790 0000 75.0446 146
-20.5757 0000 75.2844 132
-20.5500 0000 75.3584 146
-20.5222 0000 75.4168 157
-20.5105 0000 75.5952 192
-20.4713 0000 75.5685 193
-20.4284 0000 75.5140 180
-20.3891 0000 75.4856 181
-20.3532 0000 75.4833 181
-20.3177 0000 75.4844 182
-20.2816 0000 75.4803 184
-20.2448 0000 75.4711 180
-20.2091 0000 75.4705 167
-20.1741 0000 75.4751 153
-20.1412 0000 75.4953 147
-20.1084 0000 75.5173 132
-20.0689 0000 75.4872 119
-20.0190 0000 75.3772 156
-19.9811 0000 75.3592 198
-19.9483 0000 75.3812 226
-19.9129 0000 75.3823 233
-19.8775 0000 75.3834 207
-19.8423 0000 75.3863 171
-19.8086 0000 75.4013 142
-19.7707 0000 75.3834 116
-19.7384 0000 75.4088 108
-19.7034 0000 75.4134 102
-19.6804 0000 75.5119 90
-19.6489 0000 75.5443 86
-19.6199 0000 75.5959 84
-19.5705 0000 75.4875 96
-19.5438 0000 75.5582 97
-19.5117 0000 75.5855 104
-19.4764 0000 75.5883 114
-19.4356 0000 75.5477 134
-19.3992 0000 75.5419 155
-19.3633 0000 75.5396 155
-19.3278 0000 75.5407 145
-19.2928 0000 75.5454 140
-19.2595 0000 75.5639 150
-19.2237 0000 75.5633 154
-19.1880 0000 75.5627 144
-19.1480 0000 75.5274 119
-19.1110 0000 75.5163 99
-19.0727 0000 75.4949 95
-19.0365 0000 75.4908 92
-19.0002 0000 75.4850 97
-18.9636 0000 75.4775 116
-18.9275 0000 75.4734 149
-18.8920 0000 75.4746 185
-18.8567 0000 75.4775 204
-18.8229 0000 75.4926 173
-18.7885 0000 75.5024 152
-18.7555 0000 75.5244 131
-18.7166 0000 75.4978 145
-18.6778 0000 75.4711 153
-18.6412 0000 75.4636 162
-18.6055 0000 75.4630 164
-18.5693 0000 75.4590 168
-18.5336 0000 75.4584 168
-18.4973 0000 75.4526 157
-18.4591 0000 75.4312 149
-18.4234 0000 75.4307 117
-18.3868 0000 75.4231 93
-18.3540 0000 75.4469 81
-18.3214 0000 75.4724 66
-18.2984 0000 75.5797 72
-18.2689 0000 75.6314 86
-18.2327 0000 75.6273 103
-18.1967 0000 75.6250 112
-18.1613 0000 75.6280 110
-18.1256 0000 75.6274 102
-18.0877 0000 75.6094 101
-18.0520 0000 75.6089 93
-18.0188 0000 75.6310 94
-17.9859 0000 75.6548 97
-17.9503 0000 75.6560 117
-17.9121 0000 75.6346 129
-17.8737 0000 75.6114 149
-17.8371 0000 75.6039 137
-17.8003 0000 75.5946 110
-17.7621 0000 75.5732 90
-17.7262 0000 75.5709 69
-17.6930 0000 75.5930 62
-17.6574 0000 75.5942 61
-17.6220 0000 75.5971 76
-17.5842 0000 75.5792 101
-17.5451 0000 75.5491 124
-17.5073 0000 75.5311 141
-17.4688 0000 75.5063 146
-17.4307 0000 75.4849 171
-17.3945 0000 75.4809 163
-17.3564 0000 75.4595 141
-17.3204 0000 75.4572 159
-17.2831 0000 75.4428 214
-17.2470 0000 75.4388 236
-17.2108 0000 75.4348 230
-17.1751 0000 75.4342 228
-17.1416 0000 75.4546 218
-17.1085 0000 75.4784 237
-17.0731 0000 75.4813 236
-17.0368 0000 75.4756 215
-16.9987 0000 75.4542 170
-16.9574 0000 75.4033 152
-16.9159 0000 75.3507 146
-16.8787 0000 75.3363 144
-16.8378 0000 75.2889 146
-16.7992 0000 75.2624 152
-16.7607 0000 75.2359 130
-16.7246 0000 75.2319 115
-16.6888 0000 75.2314 109
-16.6533 0000 75.2326 113
-16.6138 0000 75.1974 125
-16.5686 0000 75.1086 151
-16.5273 0000 75.0562 157
-16.4866 0000 75.0090 166
-16.4508 0000 75.0067 151
-16.4155 0000 75.0097 136
-16.3827 0000 75.0368 133
-16.3490 0000 75.0553 143
-16.3130 0000 75.0513 149
-16.2767 0000 75.0456 143
-16.2410 0000 75.0451 141
-16.2053 0000 75.0446 141
-16.1696 0000 75.0441 139
-16.1316 0000 75.0211 145
-16.0959 0000 75.0206 137
-16.0604 0000 75.0218 117
-16.0225 0000 75.0005 115
-15.9890 0000 75.0208 143
-15.9517 0000 75.0047 196
-15.9151 0000 74.9955 238
-15.8767 0000 74.9691 245
-15.8384 0000 74.9427 190
-15.8016 0000 74.9318 154
-15.7638 0000 74.9105 135
-15.7278 0000 74.9066 112
-15.6900 0000 74.8853 104
-15.6522 0000 74.8641 104
-15.6164 0000 74.8619 116
-15.5805 0000 74.8596 113
-15.5449 0000 74.8591 104
-15.5094 0000 74.8603 91
-15.4806 0000 74.9289 78
-15.4489 0000 74.9681 82
-15.4158 0000 74.9935 96
-15.3799 0000 74.9912 122
-15.3437 0000 74.9855 142
-15.3075 0000 74.9798 178
-15.2696 0000 74.9569 219
-15.2315 0000 74.9321 212
-15.1934 0000 74.9075 213
-15.1535 0000 74.8638 212
-15.1171 0000 74.8564 194
-15.0798 0000 74.8386 164
-15.0434 0000 74.8312 133
-15.0049 0000 74.8013 140
-14.9651 0000 74.7577 176
-14.9282 0000 74.7451 194
-14.8902 0000 74.7205 205
-14.8524 0000 74.6976 220
-14.8147 0000 74.6747 187
-14.7788 0000 74.6724 152
-14.7440 0000 74.6805 121
-14.7127 0000 74.7248 110
-14.6775 0000 74.7294 111
-14.6435 0000 74.7461 112
-14.6075 0000 74.7422 120
-14.5701 0000 74.7227 129
-14.5342 0000 74.7205 133
-14.4981 0000 74.7148 151
-14.4602 0000 74.6901 158
-14.4270 0000 74.7155 141
-14.3899 0000 74.6994 111
-14.3520 0000 74.6748 113
-14.3150 0000 74.6605 123
-14.2773 0000 74.6376 120
-14.2395 0000 74.6130 123
-14.2034 0000 74.6073 102
-14.1640 0000 74.5655 77
-14.1269 0000 74.5495 59
-14.0864 0000 74.4957 49
-14.0486 0000 74.4712 40
-13.9733 0000 74.0340 45
-13.9374 0000 74.0284 53
-13.8608 0000 73.5735 73
-13.8265 0000 73.5848 110
-13.7898 0000 73.5707 119
-13.7538 0000 73.5634 118
-13.7160 0000 73.5358 106
-13.6755 0000 73.4776 96
-13.6353 0000 73.4229 81
-13.5956 0000 73.3733 73
-13.5558 0000 73.3221 60
-13.5152 0000 73.2624 58
-13.4760 0000 73.2180 70
-13.4427 0000 73.2394 76
-13.4090 0000 73.2575 82
-13.3735 0000 73.2553 79
-13.3382 0000 73.2548 69
-13.3013 0000 73.2357 61
-13.2635 0000 73.2065 58
-13.2238 0000 73.1553 55
-13.1556 0000 72.7729 61
-13.1182 0000 72.7472 101
-13.0827 0000 72.7433 140
-13.0457 0000 72.7210 144
-13.0076 0000 72.6870 157
-12.9662 0000 72.6127 158
-12.9279 0000 72.5754 184
-12.8889 0000 72.5297 195
-12.8520 0000 72.5074 185
-12.8166 0000 72.5036 183
-12.7811 0000 72.4997 178
-12.7443 0000 72.4791 176
-12.7087 0000 72.4719 169
-12.6713 0000 72.4447 174
-12.6336 0000 72.4124 210
-12.5964 0000 72.3868 227
-12.5592 0000 72.3613 243
-12.5240 0000 72.3591 252
-12.4890 0000 72.3602 275
-12.4542 0000 72.3630 277
-12.4217 0000 72.3942 259
-12.3886 0000 72.4187 270
-12.3537 0000 72.4199 268
-12.3184 0000 72.4177 260
-12.2833 0000 72.4172 252
-12.2482 0000 72.4166 242
-12.2131 0000 72.4161 231
-12.1780 0000 72.4156 217
-12.1429 0000 72.4151 200
-12.1078 0000 72.4145 188
-12.0706 0000 72.3873 191
-12.0353 0000 72.3851 194
-11.9965 0000 72.3378 192
-11.9612 0000 72.3340 192
-11.9261 0000 72.3334 192
-11.8927 0000 72.3546 189
-11.8576 0000 72.3541 198
-11.8223 0000 72.3502 215
-11.7855 0000 72.3280 222
-11.7504 0000 72.3275 230
-11.7151 0000 72.3236 247
-11.6783 0000 72.3014 279
-11.6432 0000 72.3009 289
-11.6081 0000 72.3004 287
-11.5733 0000 72.3032 286
-11.5417 0000 72.3494 280
-11.5089 0000 72.3789 260
-11.4758 0000 72.4051 267
-11.4403 0000 72.3996 274
-11.4019 0000 72.3540 286
-11.3664 0000 72.3485 291
-11.3315 0000 72.3513 287
-11.2968 0000 72.3558 289
-11.2630 0000 72.3736 305
-11.2279 0000 72.3731 296
-11.1930 0000 72.3743 280
-11.1595 0000 72.3971 254
-11.1246 0000 72.3983 244
-11.0896 0000 72.3995 244
-11.0579 0000 72.4474 242
-11.0270 0000 72.5055 232
-10.9961 0000 72.5653 236
-10.9646 0000 72.6150 268
-10.9310 0000 72.6380 291
-10.8961 0000 72.6409 303
-10.8609 0000 72.6403 301
-10.8255 0000 72.6365 308
-10.7887 0000 72.6125 319
-10.7534 0000 72.6103 292
-10.7183 0000 72.6115 264
-10.6850 0000 72.6379 246
-10.6516 0000 72.6625 247
-10.6182 0000 72.6889 240
-10.5884 0000 72.7673 217
-10.5605 0000 72.8744 221
-10.5268 0000 72.8958 237
-10.4899 0000 72.8718 258
-10.4548 0000 72.8730 265
-10.4229 0000 72.9230 237
-10.3915 0000 72.9798 210
-10.3597 0000 73.0316 203
-10.3262 0000 73.0581 220
-10.2926 0000 73.0829 228
-10.2606 0000 73.1331 218
-10.2273 0000 73.1630 195
-10.1939 0000 73.1912 176
-10.1656 0000 73.2990 165
0.0000 0000 0.0000 0
-10.1108 0000 73.5440 155
-10.0786 0000 73.5928 162
-10.0435 0000 73.5974 176
-10.0097 0000 73.6224 172
-9.9747 0000 73.6288 156
-9.9429 0000 73.6861 139
-9.9124 0000 73.7640 146
-9.8771 0000 73.7652 144
-9.8401 0000 73.7409 134
-9.8047 0000 73.7421 134
-9.7724 0000 73.7911 153
-9.7399 0000 73.8383 190
-9.7046 0000 73.8413 222
-9.6689 0000 73.8374 213
-9.6335 0000 73.8386 175
-9.5993 0000 73.8586 156
-9.5673 0000 73.9162 140
-9.5354 0000 73.9755 156
-9.5014 0000 73.9989 183
-9.4671 0000 74.0190 189
-9.4318 0000 74.0219 189
-9.3964 0000 74.0249 180
-9.3623 0000 74.0484 184
-9.3274 0000 74.0582 197
-9.2942 0000 74.0970 228
-9.2583 0000 74.0914 257
-9.2225 0000 74.0858 248
-9.1872 0000 74.0905 194
-9.1610 0000 74.2511 170
-9.1313 0000 74.3519 206
-9.0957 0000 74.3514 228
-9.0603 0000 74.3544 226
-9.0273 0000 74.4003 204
-8.9966 0000 74.4859 180
-8.9655 0000 74.5663 204
-8.9303 0000 74.5745 246
-8.8947 0000 74.5740 280
-8.8586 0000 74.5667 288
-8.8227 0000 74.5610 277
-8.7867 0000 74.5554 264
-8.7511 0000 74.5567 243
-8.7160 0000 74.5666 219
-8.6833 0000 74.6195 209
-8.6500 0000 74.6639 211
-8.6144 0000 74.6635 219
-8.5774 0000 74.6389 212
-8.5402 0000 74.6108 224
-8.5032 0000 74.5862 215
-8.4664 0000 74.5651 233
-8.4306 0000 74.5612 242
-8.3946 0000 74.5556 240
-8.3587 0000 74.5500 216
-8.3230 0000 74.5495 182
-8.2875 0000 74.5525 147
-8.2523 0000 74.5607 129
-8.2187 0000 74.5999 139
-8.1829 0000 74.5977 166
-8.1463 0000 74.5800 217
-8.1106 0000 74.5779 256
-8.0741 0000 74.5619 253
-8.0391 0000 74.5753 257
-8.0034 0000 74.5748 209
-7.9678 0000 74.5761 159
-7.9311 0000 74.5533 135
-7.8927 0000 74.4995 147
-7.8542 0000 74.4405 176
-7.8169 0000 74.4057 201
-7.7797 0000 74.3744 237
-7.7430 0000 74.3499 234
-7.7061 0000 74.3237 248
-7.6703 0000 74.3198 267
-7.6345 0000 74.3159 319
-7.5974 0000 74.2829 360
-7.5613 0000 74.2739 350
-7.5247 0000 74.2512 301
-7.4889 0000 74.2473 270
-7.4546 0000 74.2743 229
-7.4207 0000 74.3117 201
-7.3897 0000 74.4126 191
-7.3586 0000 74.5120 178
-7.3230 0000 74.5133 182
-7.2863 0000 74.4888 189
-7.2506 0000 74.4884 185
-7.2151 0000 74.4914 185
-7.1794 0000 74.4910 196
-7.1446 0000 74.5095 217
-7.1099 0000 74.5315 224
-7.0741 0000 74.5294 252
-7.0384 0000 74.5290 262
-7.0040 0000 74.5561 242
-6.9707 0000 74.6126 227
-6.9365 0000 74.6467 206
-6.9008 0000 74.6480 191
-6.8642 0000 74.6269 178
-6.8287 0000 74.6299 163
-6.7940 0000 74.6537 167
-6.7584 0000 74.6567 169
-6.7227 0000 74.6563 168
-6.6860 0000 74.6318 162
-6.6501 0000 74.6280 172
-6.6145 0000 74.6293 195
-6.5795 0000 74.6479 236
-6.5440 0000 74.6509 246
-6.5084 0000 74.6540 222
-6.4726 0000 74.6519 181
-6.4366 0000 74.6446 144
-6.4001 0000 74.6235 121
-6.3641 0000 74.6145 99
-6.3265 0000 74.5659 88
-6.2885 0000 74.5052 90
-6.2508 0000 74.4515 100
-6.2139 0000 74.4184 102
-6.1773 0000 74.3906 107
-6.1407 0000 74.3644 99
-6.1031 0000 74.3125 105
-6.0654 0000 74.2538 120
-6.0276 0000 74.1951 132
-5.9903 0000 74.1467 146
-5.9546 0000 74.1430 159
-5.9191 0000 74.1460 166
-5.8836 0000 74.1491 165
-5.8479 0000 74.1436 149
-5.8119 0000 74.1329 129
-5.7756 0000 74.1120 126
-5.7393 0000 74.0911 108
-5.7028 0000 74.0617 107
-5.6660 0000 74.0271 103
-5.6288 0000 73.9755 102
-5.5920 0000 73.9392 106
-5.5546 0000 73.8825 107
-5.5167 0000 73.8088 109
-5.4736 0000 73.5752 96
-5.4306 0000 73.3423 152
-5.3939 0000 73.3029 243
-5.3584 0000 73.2992 301
-5.3226 0000 73.2836 293
-5.2870 0000 73.2782 290
-5.2514 0000 73.2694 260
-5.2156 0000 73.2555 224
-5.1787 0000 73.2061 204
-5.1420 0000 73.1634 185
-5.1058 0000 73.1360 174
-5.0696 0000 73.1070 155
-5.0328 0000 73.0576 150
-4.9966 0000 73.0286 152
-4.9611 0000 73.0232 161
-4.9250 0000 72.9942 178
-4.8895 0000 72.9904 193
-4.8541 0000 72.9867 195
-4.8175 0000 72.9408 189
-4.7820 0000 72.9337 189
-4.7461 0000 72.9132 196
-4.7114 0000 72.9331 184
-4.6760 0000 72.9327 177
-4.6407 0000 72.9324 168
-4.6054 0000 72.9320 162
-4.5701 0000 72.9300 151
-4.5347 0000 72.9280 143
-4.4982 0000 72.8821 153
-4.4626 0000 72.8700 178
-4.4270 0000 72.8612 193
-4.3912 0000 72.8390 185
-4.3559 0000 72.8404 186
-4.3201 0000 72.8181 216
-4.2847 0000 72.8127 252
-4.2494 0000 72.8141 265
-4.2143 0000 72.8205 253
-4.1791 0000 72.8235 221
-4.1438 0000 72.8249 178
-4.1085 0000 72.8228 144
-4.0731 0000 72.8175 129
-4.0373 0000 72.7969 124
-4.0020 0000 72.7966 115
-3.9667 0000 72.7963 115
-3.9314 0000 72.7976 118
-3.8962 0000 72.7990 112
-3.8609 0000 72.7969 114
-3.8250 0000 72.7697 106
-3.7891 0000 72.7441 112
-3.7539 0000 72.7438 113
-3.7192 0000 72.7720 131
-3.6849 0000 72.8188 169
-3.6500 0000 72.8370 218
-3.6143 0000 72.8215 268
-3.5790 0000 72.8195 314
-3.5433 0000 72.8007 349
-3.5078 0000 72.7902 315
-3.4721 0000 72.7697 229
-3.4368 0000 72.7660 181
-3.4006 0000 72.7169 182
-3.3647 0000 72.6846 213
-3.3290 0000 72.6608 219
-3.2936 0000 72.6554 219
-3.2579 0000 72.6282 209
-3.2221 0000 72.5993 220
-3.1868 0000 72.5956 224
-3.1515 0000 72.5953 220
-3.1162 0000 72.5933 209
-3.0810 0000 72.5963 202
-3.0459 0000 72.6010 193
-3.0110 0000 72.6226 186
-2.9754 0000 72.6004 161
-2.9400 0000 72.5934 158
-2.9043 0000 72.5611 183
-2.8686 0000 72.5340 213
-2.8330 0000 72.5068 261
-2.7974 0000 72.4847 270
-2.7622 0000 72.4844 278
-2.7270 0000 72.4874 286
-2.6919 0000 72.4955 293
-2.6570 0000 72.5186 315
-2.6218 0000 72.5183 325
-2.5865 0000 72.5163 336
-2.5513 0000 72.5160 336
-2.5158 0000 72.4989 292
-2.4805 0000 72.4935 252
-2.4453 0000 72.4899 221
-2.4100 0000 72.4879 201
-2.3746 0000 72.4725 199
-2.3396 0000 72.4889 192
-2.3044 0000 72.4869 192
-2.2689 0000 72.4648 180
-2.2336 0000 72.4578 160
-2.1981 0000 72.4307 146
-2.1625 0000 72.4002 158
-2.1269 0000 72.3547 184
-2.0916 0000 72.3444 225
-2.0560 0000 72.2989 270
-2.0205 0000 72.2685 302
-1.9849 0000 72.2248 346
-1.9496 0000 72.2128 367
-1.9143 0000 72.1891 333
-1.8791 0000 72.1854 294
-1.8442 0000 72.2068 255
-1.8093 0000 72.2416 210
-1.7744 0000 72.2714 205
-1.7392 0000 72.2744 209
-1.7041 0000 72.2741 222
-1.6691 0000 72.2939 252
-1.6341 0000 72.3236 261
-1.5992 0000 72.3668 286
-1.5641 0000 72.3715 298
-1.5289 0000 72.3763 290
-1.4938 0000 72.3776 264
-1.4587 0000 72.3941 242
-1.4234 0000 72.3737 207
-1.3882 0000 72.3717 196
-1.3527 0000 72.3196 199
-1.3173 0000 72.2591 211
-1.2819 0000 72.2037 216
-1.2465 0000 72.1550 211
-1.2114 0000 72.1564 209
-1.1763 0000 72.1577 203
-1.1413 0000 72.1791 204
-1.1060 0000 72.1555 206
-1.0709 0000 72.1368 225
-1.0358 0000 72.1365 232
-1.0006 0000 72.1329 229
-0.9655 0000 72.1310 216
-0.9304 0000 72.1290 213
-0.8953 0000 72.1254 227
-0.8602 0000 72.1217 236
-0.8250 0000 72.0965 240
-0.7899 0000 72.0462 250
-0.7547 0000 72.0093 253
-0.7196 0000 71.9608 249
-0.6846 0000 71.9605 252
-0.6495 0000 71.9851 255
-0.6144 0000 72.0348 227
-0.5793 0000 72.0911 216
-0.5442 0000 72.1508 210
-0.5090 0000 72.2073 210
-0.4739 0000 72.2320 208
-0.4387 0000 72.2284 204
-0.4037 0000 72.2031 200
-0.3685 0000 72.1978 199
-0.3334 0000 72.1975 192
-0.2983 0000 72.1989 193
-0.2632 0000 72.1953 201
-0.2281 0000 72.1700 225
-0.1932 0000 72.1247 246
-0.1582 0000 72.0994 252
-0.1231 0000 72.0941 254
-0.0881 0000 72.0689 244
-0.0530 0000 72.0669 237
-0.0179 0000 72.0700 232
0.0173 0000 72.0914 241
0.0522 0000 72.0644 256
0.0872 0000 72.0409 252
0.1223 0000 72.0406 244
0.1575 0000 72.0620 238
0.1926 0000 72.0650 230
0.2277 0000 72.0664 237
0.2627 0000 72.0645 248
0.2978 0000 72.0592 255
0.3326 0000 72.0173 272
0.3676 0000 72.0121 294
0.4026 0000 72.0085 290
0.4377 0000 72.0066 274
0.4727 0000 72.0046 263
0.5076 0000 71.9827 250
0.5426 0000 71.9791 268
0.5775 0000 71.9573 301
0.6126 0000 71.9587 305
0.6476 0000 71.9584 302
0.6827 0000 71.9565 298
0.7177 0000 71.9562 293
0.7530 0000 71.9776 293
0.7880 0000 71.9773 308
0.8231 0000 71.9787 313
0.8581 0000 71.9785 316
0.8930 0000 71.9582 339
0.9280 0000 71.9563 344
0.9633 0000 71.9744 339
0.9984 0000 71.9841 347
1.0341 0000 72.0354 338
1.0697 0000 72.0834 312
1.1054 0000 72.1315 296
1.1406 0000 72.1379 298
1.1759 0000 72.1593 300
1.2110 0000 72.1607 276
1.2461 0000 72.1621 260
1.2813 0000 72.1652 261
1.3167 0000 72.1883 270
1.3518 0000 72.1880 294
1.3869 0000 72.1894 313
1.4223 0000 72.2109 333
1.4578 0000 72.2340 310
1.4931 0000 72.2454 300
1.5289 0000 72.2936 311
1.5648 0000 72.3451 347
1.6001 0000 72.3533 371
1.6358 0000 72.3865 356
1.6710 0000 72.3912 301
1.7063 0000 72.4010 233
1.7419 0000 72.4275 197
1.7771 0000 72.4290 177
1.8130 0000 72.4756 163
1.8483 0000 72.4804 153
1.8843 0000 72.5271 147
1.9195 0000 72.5285 142
1.9547 0000 72.5283 137
1.9894 0000 72.5046 135
2.0245 0000 72.4976 129
2.0592 0000 72.4756 121
2.0953 0000 72.5240 105
2.1312 0000 72.5589 99
2.1675 0000 72.6124 104
2.2032 0000 72.6373 119
2.2384 0000 72.6371 132
2.2736 0000 72.6402 135
2.3097 0000 72.6803 119
2.3451 0000 72.6901 102
2.3805 0000 72.6949 100
2.4158 0000 72.6997 105
2.4515 0000 72.7197 117
2.4866 0000 72.7144 153
2.5209 0000 72.6755 186
2.5559 0000 72.6652 210
2.5905 0000 72.6348 229
2.6250 0000 72.6027 285
2.6599 0000 72.5907 328
2.6943 0000 72.5553 367
2.7293 0000 72.5483 398
2.7643 0000 72.5414 404
2.7992 0000 72.5261 367
2.8343 0000 72.5242 325
2.8695 0000 72.5223 269
2.9041 0000 72.5003 220
2.9392 0000 72.4950 202
2.9738 0000 72.4747 202
3.0090 0000 72.4728 194
3.0441 0000 72.4692 177
3.0787 0000 72.4473 160
3.1137 0000 72.4420 134
3.1489 0000 72.4418 109
3.1848 0000 72.4684 92
3.2201 0000 72.4749 79
3.2566 0000 72.5216 77
3.2925 0000 72.5499 87
3.3284 0000 72.5748 96
3.3637 0000 72.5746 103
3.3982 0000 72.5509 102
3.4332 0000 72.5440 84
3.4677 0000 72.5186 77
3.5021 0000 72.4916 78
3.5365 0000 72.4646 90
3.5716 0000 72.4627 110
3.6068 0000 72.4625 128
3.6420 0000 72.4623 141
3.6767 0000 72.4470 137
3.7119 0000 72.4451 133
3.7465 0000 72.4265 141
3.7817 0000 72.4279 145
3.8175 0000 72.4462 142
3.8533 0000 72.4677 164
3.8893 0000 72.4910 168
3.9248 0000 72.5009 174
3.9606 0000 72.5191 177
3.9958 0000 72.5189 157
4.0310 0000 72.5187 136
4.0662 0000 72.5185 120
4.1014 0000 72.5183 107
4.1358 0000 72.4946 96
4.1694 0000 72.4458 100
4.2043 0000 72.4372 111
4.2393 0000 72.4337 129
4.2755 0000 72.4620 159
4.3108 0000 72.4668 199
4.3460 0000 72.4649 225
4.3804 0000 72.4430 247
4.4157 0000 72.4444 246
4.4508 0000 72.4426 218
4.4857 0000 72.4340 186
4.5193 0000 72.3903 177
4.5542 0000 72.3834 178
4.5892 0000 72.3765 185
4.6236 0000 72.3562 193
4.6587 0000 72.3543 206
4.6932 0000 72.3357 221
4.7283 0000 72.3339 220
4.7635 0000 72.3337 215
4.7986 0000 72.3335 212
4.8337 0000 72.3316 213
4.8698 0000 72.3549 214
4.9069 0000 72.4066 231
4.9426 0000 72.4182 250
4.9794 0000 72.4599 259
5.0146 0000 72.4614 241
5.0506 0000 72.4813 215
5.0861 0000 72.4896 167
5.1231 0000 72.5347 119
5.1596 0000 72.5647 92
5.1968 0000 72.6150 78
5.2334 0000 72.6484 75
5.2707 0000 72.6987 73
5.3060 0000 72.7002 76
5.3421 0000 72.7219 84
5.3773 0000 72.7200 99
5.4109 0000 72.6795 110
5.4458 0000 72.6709 111
5.4808 0000 72.6657 105
5.5151 0000 72.6437 98
5.5484 0000 72.5965 87
5.5810 0000 72.5358 81
5.6128 0000 72.4568 86
5.6469 0000 72.4298 104
5.6797 0000 72.3761 116
5.7135 0000 72.3441 145
5.7476 0000 72.3205 168
5.7836 0000 72.3387 186
5.8188 0000 72.3403 198
5.8541 0000 72.3434 201
5.8895 0000 72.3466 201
5.9246 0000 72.3465 203
5.9586 0000 72.3212 212
5.9927 0000 72.2976 202
6.0278 0000 72.2958 203
6.0630 0000 72.2973 208
6.0991 0000 72.3173 219
6.1342 0000 72.3171 233
6.1674 0000 72.2752 251
6.2024 0000 72.2717 259
6.2376 0000 72.2732 236
6.2738 0000 72.2948 216
6.3091 0000 72.2980 201
6.3463 0000 72.3414 202
6.3814 0000 72.3396 213
6.4144 0000 72.2959 228
6.4493 0000 72.2891 241
6.4820 0000 72.2405 261
6.5159 0000 72.2153 269
6.5496 0000 72.1867 277
6.5845 0000 72.1832 266
6.6173 0000 72.1364 257
6.6522 0000 72.1329 258
6.6872 0000 72.1311 263
6.7210 0000 72.1060 286
6.7560 0000 72.1042 312
6.7900 0000 72.0824 316
6.8249 0000 72.0789 320
6.8601 0000 72.0805 308
6.8977 0000 72.1304 309
6.9351 0000 72.1737 323
6.9702 0000 72.1736 325
7.0054 0000 72.1751 312
7.0405 0000 72.1750 297
7.0757 0000 72.1766 281
7.1109 0000 72.1798 270
7.1462 0000 72.1830 275
7.1825 0000 72.2063 280
7.2178 0000 72.2095 276
7.2557 0000 72.2595 260
7.2923 0000 72.2878 263
7.3291 0000 72.3178 250
7.3671 0000 72.3696 235
7.4051 0000 72.4214 215
7.4434 0000 72.4783 201
7.4845 0000 72.5839 210
7.5202 0000 72.5938 230
7.5579 0000 72.6374 232
7.5931 0000 72.6390 218
7.6296 0000 72.6607 204
7.6651 0000 72.6673 179
7.7031 0000 72.7160 163
7.7398 0000 72.7411 150
7.7766 0000 72.7696 154
7.8135 0000 72.7981 154
7.8505 0000 72.8283 162
7.8874 0000 72.8568 162
7.9252 0000 72.9005 180
7.9605 0000 72.9021 200
7.9959 0000 72.9054 208
8.0315 0000 72.9103 209
8.0693 0000 72.9541 220
8.1048 0000 72.9590 235
8.1415 0000 72.9826 230
8.1782 0000 73.0061 243
8.2139 0000 73.0144 244
8.2507 0000 73.0396 233
8.2872 0000 73.0598 242
8.3226 0000 73.0631 237
8.3579 0000 73.0630 232
8.3935 0000 73.0680 219
8.4305 0000 73.0966 196
8.4694 0000 73.1557 187
8.5096 0000 73.2351 197
8.5476 0000 73.2773 205
8.5831 0000 73.2806 211
8.6183 0000 73.2788 216
8.6534 0000 73.2770 228
8.6889 0000 73.2803 236
8.7246 0000 73.2853 228
8.7603 0000 73.2920 212
8.7978 0000 73.3274 189
8.8339 0000 73.3392 156
8.8725 0000 73.3900 128
8.9112 0000 73.4425 122
8.9499 0000 73.4933 127
8.9860 0000 73.5051 129
9.0216 0000 73.5101 126
9.0581 0000 73.5270 126
9.0949 0000 73.5490 108
9.1333 0000 73.5965 102
9.1691 0000 73.6032 105
9.2029 0000 73.5793 109
9.2343 0000 73.5214 123
9.2658 0000 73.4636 141
9.2976 0000 73.4127 152
9.3311 0000 73.3855 170
9.3646 0000 73.3600 176
9.3984 0000 73.3379 198
9.4335 0000 73.3361 208
9.4688 0000 73.3360 210
9.5042 0000 73.3376 203
9.5395 0000 73.3392 186
9.5761 0000 73.3578 166
9.6114 0000 73.3577 166
9.6464 0000 73.3543 171
9.6818 0000 73.3559 185
9.7159 0000 73.3406 208
9.7514 0000 73.3439 205
9.7868 0000 73.3455 192
9.8221 0000 73.3454 172
9.8573 0000 73.3454 149
9.8922 0000 73.3402 134
9.9269 0000 73.3334 131
9.9606 0000 73.3113 143
9.9941 0000 73.2876 129
10.0282 0000 73.2723 119
10.0601 0000 73.2266 108
10.0931 0000 73.1961 99
10.1279 0000 73.1909 82
10.1632 0000 73.1926 71
10.1965 0000 73.1672 70
10.2299 0000 73.1418 73
10.2647 0000 73.1367 82
10.2978 0000 73.1096 86
10.3306 0000 73.0775 107
10.3632 0000 73.0437 127
10.3982 0000 73.0420 135
10.4343 0000 73.0538 133
10.4692 0000 73.0503 155
10.5041 0000 73.0469 192
10.5394 0000 73.0485 231
10.5736 0000 73.0367 244
10.6088 0000 73.0366 257
10.6437 0000 73.0332 268
10.6785 0000 73.0298 276
10.7132 0000 73.0230 278
10.7453 0000 72.9842 282
10.7801 0000 72.9808 281
10.8153 0000 72.9808 252
10.8507 0000 72.9841 193
10.8879 0000 73.0110 141
10.9251 0000 73.0362 111
10.9608 0000 73.0429 94
10.9962 0000 73.0463 88
11.0339 0000 73.0783 94
11.0692 0000 73.0799 105
11.1046 0000 73.0832 111
11.1398 0000 73.0832 115
11.1768 0000 73.1068 109
11.2127 0000 73.1151 101
11.2482 0000 73.1202 88
11.2873 0000 73.1674 83
11.3251 0000 73.1994 90
11.3625 0000 73.2264 95
11.3992 0000 73.2450 115
11.4327 0000 73.2246 130
11.4676 0000 73.2212 157
11.5031 0000 73.2246 178
11.5381 0000 73.2228 185
11.5729 0000 73.2177 180
11.6082 0000 73.2194 169
11.6435 0000 73.2210 153
11.6786 0000 73.2193 136
11.7119 0000 73.1973 127
11.7465 0000 73.1905 114
11.7779 0000 73.1466 105
11.8126 0000 73.1415 102
11.8455 0000 73.1144 98
11.8780 0000 73.0840 100
11.9110 0000 73.0587 95
11.9438 0000 73.0317 103
11.9764 0000 73.0030 106
12.0091 0000 72.9743 124
12.0434 0000 72.9659 145
12.0771 0000 72.9490 153
12.1119 0000 72.9456 163
12.1466 0000 72.9405 174
12.1801 0000 72.9220 177
12.2152 0000 72.9219 181
12.2503 0000 72.9219 178
12.2857 0000 72.9252 171
12.3226 0000 72.9454 167
12.3585 0000 72.9537 153
12.3960 0000 72.9807 151
12.4329 0000 73.0008 138
12.4682 0000 73.0025 144
12.5029 0000 72.9974 157
12.5375 0000 72.9923 167
12.5725 0000 72.9906 171
12.6086 0000 73.0006 161
12.6505 0000 73.0748 140
12.6892 0000 73.1135 134
12.7249 0000 73.1202 128
12.7615 0000 73.1354 132
12.7967 0000 73.1353 133
12.8317 0000 73.1336 132
12.8670 0000 73.1353 122
12.9028 0000 73.1420 116
12.9401 0000 73.1656 113
12.9753 0000 73.1655 121
13.0105 0000 73.1655 128
13.0460 0000 73.1688 131
13.0813 0000 73.1705 130
13.1184 0000 73.1907 140
13.1557 0000 73.2126 146
13.1910 0000 73.2143 158
13.2262 0000 73.2142 153
13.2619 0000 73.2193 143
13.2998 0000 73.2480 133
13.3400 0000 73.3004 131
13.3778 0000 73.3274 134
13.4135 0000 73.3324 134
13.4487 0000 73.3324 140
13.4835 0000 73.3273 145
13.5164 0000 73.3035 142
13.5491 0000 73.2781 150
13.5833 0000 73.2679 152
13.6142 0000 73.2239 173
13.6463 0000 73.1918 193
13.6788 0000 73.1647 220
13.7138 0000 73.1630 223
13.7488 0000 73.1612 222
13.7835 0000 73.1561 212
13.8167 0000 73.1358 181
13.8497 0000 73.1138 162
13.8843 0000 73.1087 147
13.9191 0000 73.1053 140
13.9523 0000 73.0850 136
13.9891 0000 73.1019 156
14.0243 0000 73.1018 175
14.0599 0000 73.1069 190
14.0954 0000 73.1102 200
14.1309 0000 73.1135 202
14.1688 0000 73.1405 190
14.2066 0000 73.1658 188
14.2424 0000 73.1725 184
14.2819 0000 73.2147 198
14.3178 0000 73.2215 214
14.3530 0000 73.2214 218
14.3882 0000 73.2214 209
14.4230 0000 73.2180 191
14.4559 0000 73.1960 189
14.4883 0000 73.1689 167
14.5189 0000 73.1249 159
14.5525 0000 73.1097 158
14.5820 0000 73.0557 168
14.6124 0000 73.0101 188
14.6471 0000 73.0067 207
14.6796 0000 72.9814 207
14.7140 0000 72.9747 207
14.7466 0000 72.9511 208
14.7812 0000 72.9460 199
14.8138 0000 72.9224 187
14.8462 0000 72.8971 193
14.8785 0000 72.8702 189
14.9108 0000 72.8449 165
14.9448 0000 72.8348 160
14.9756 0000 72.7944 160
15.0099 0000 72.7877 162
15.0423 0000 72.7625 169
15.0744 0000 72.7356 152
15.1084 0000 72.7255 138
15.1383 0000 72.6785 123
15.1682 0000 72.6315 115
15.2000 0000 72.6013 119
15.2319 0000 72.5728 111
15.2643 0000 72.5494 112
15.2989 0000 72.5460 105
15.3333 0000 72.5410 99
15.3637 0000 72.4991 98
15.3957 0000 72.4723 101
15.4253 0000 72.4238 110
15.4541 0000 72.3687 119
15.4826 0000 72.3103 138
15.5140 0000 72.2786 158
15.5461 0000 72.2535 187
15.5806 0000 72.2502 212
15.6149 0000 72.2452 230
15.6450 0000 72.2019 241
15.6785 0000 72.1902 261
15.7087 0000 72.1486 291
15.7426 0000 72.1403 307
15.7746 0000 72.1153 335
15.8067 0000 72.0904 334
15.8398 0000 72.0754 358
15.8722 0000 72.0538 385
15.9076 0000 72.0588 311
15.9434 0000 72.0672 218
15.9782 0000 72.0672 181
16.0106 0000 72.0456 153
16.0398 0000 71.9974 133
16.0712 0000 71.9676 130
16.1033 0000 71.9444 135
16.1582 0000 72.1172 157
16.1907 0000 72.0973 166
16.2279 0000 72.1173 176
16.2625 0000 72.1157 183
16.2965 0000 72.1090 185
16.3269 0000 72.0708 191
16.3640 0000 72.0908 181
16.4014 0000 72.1125 178
16.4370 0000 72.1192 160
16.4778 0000 72.1691 146
16.5185 0000 72.2191 146
16.5540 0000 72.2242 150
16.5884 0000 72.2209 148
16.6225 0000 72.2142 149
16.6525 0000 72.1743 156
16.6868 0000 72.1694 163
16.7216 0000 72.1694 158
16.7568 0000 72.1728 153
16.7892 0000 72.1529 160
16.8238 0000 72.1513 195
16.8584 0000 72.1496 232
16.8926 0000 72.1447 256
16.9270 0000 72.1414 270
16.9618 0000 72.1415 270
16.9942 0000 72.1216 272
17.0265 0000 72.1017 229
17.0628 0000 72.1134 207
17.0980 0000 72.1168 171
17.1360 0000 72.1434 137
17.1718 0000 72.1518 130
17.2091 0000 72.1719 146
17.2441 0000 72.1736 162
17.2787 0000 72.1720 172
17.3106 0000 72.1488 165
17.3420 0000 72.1222 179
17.3739 0000 72.0990 170
17.4076 0000 72.0908 160
17.4361 0000 72.0410 154
17.4675 0000 72.0145 160
17.5025 0000 72.0162 156
17.5374 0000 72.0179 148
17.5724 0000 72.0197 147
17.6075 0000 72.0231 158
17.6446 0000 72.0414 161
17.6793 0000 72.0415 169
17.7140 0000 72.0416 176
17.7490 0000 72.0433 179
17.7843 0000 72.0484 181
17.8218 0000 72.0701 201
17.8593 0000 72.0918 207
17.8949 0000 72.0985 221
17.9303 0000 72.1036 240
17.9650 0000 72.1037 266
17.9995 0000 72.1021 276
18.0362 0000 72.1172 278
18.0717 0000 72.1239 254
18.1088 0000 72.1423 210
18.1438 0000 72.1440 181
18.1787 0000 72.1458 162
18.2137 0000 72.1475 146
18.2512 0000 72.1693 139
18.2890 0000 72.1927 124
18.3176 0000 72.1462 121
18.3525 0000 72.1479 122
18.3875 0000 72.1497 127
18.4218 0000 72.1465 139
18.4506 0000 72.1017 155
18.4848 0000 72.0984 170
18.5160 0000 72.0719 178
18.5502 0000 72.0687 185
18.5849 0000 72.0688 182
18.6203 0000 72.0739 172
18.6578 0000 72.0956 164
18.6927 0000 72.0974 146
18.7279 0000 72.1008 128
18.7623 0000 72.0992 123
18.7972 0000 72.1010 129
18.8317 0000 72.0994 136
18.8655 0000 72.0929 144
18.8997 0000 72.0897 150
18.9295 0000 72.0532 162
18.9632 0000 72.0467 175
18.9972 0000 72.0418 179
19.0314 0000 72.0386 183
19.0636 0000 72.0204 170
19.0958 0000 72.0023 164
19.1300 0000 71.9991 160
19.1639 0000 71.9942 159
19.1983 0000 71.9926 157
19.2332 0000 71.9944 156
19.2678 0000 71.9945 146
19.3025 0000 71.9946 124
19.3369 0000 71.9931 106
19.3685 0000 71.9716 104
19.4027 0000 71.9684 108
19.4364 0000 71.9618 113
19.4699 0000 71.9537 110
19.5047 0000 71.9554 98
19.5375 0000 71.9423 91
19.5723 0000 71.9440 82
19.6074 0000 71.9475 75
19.6392 0000 71.9277 67
19.6699 0000 71.8996 67
19.7001 0000 71.8682 71
19.7312 0000 71.8435 82
19.7651 0000 71.8386 98
19.7962 0000 71.8139 121
19.8277 0000 71.7925 135
19.8613 0000 71.7859 150
19.8952 0000 71.7811 161
19.9264 0000 71.7580 155
19.9572 0000 71.7317 158
19.9878 0000 71.7037 156
20.0188 0000 71.6790 162
20.0498 0000 71.6543 151
20.0805 0000 71.6280 150
20.1141 0000 71.6215 151
20.1453 0000 71.5985 159
20.1762 0000 71.5739 151
20.2107 0000 71.5740 151
20.2454 0000 71.5758 157
20.2802 0000 71.5776 160
20.3144 0000 71.5760 157
20.3458 0000 71.5547 164
20.3796 0000 71.5499 170
20.4112 0000 71.5302 163
20.4449 0000 71.5254 160
20.4787 0000 71.5206 161
20.5124 0000 71.5157 168
20.5462 0000 71.5109 174
20.5751 0000 71.4732 172
20.6095 0000 71.4733 169
20.6437 0000 71.4718 166
20.6745 0000 71.4472 159
20.7083 0000 71.4424 162
20.7422 0000 71.4392 166
20.7764 0000 71.4377 173
20.8077 0000 71.4164 170
20.8421 0000 71.4166 160
20.8805 0000 71.4430 150
20.9161 0000 71.4514 135
20.9575 0000 71.4976 125
20.9954 0000 71.5208 125
21.0335 0000 71.5456 114
21.0690 0000 71.5524 96
21.1037 0000 71.5541 92
21.1379 0000 71.5526 98
21.1719 0000 71.5494 107
21.2026 0000 71.5249 110
21.2370 0000 71.5250 115
21.2715 0000 71.5251 120
21.3057 0000 71.5236 121
21.3394 0000 71.5188 116
21.3706 0000 71.4975 108
21.4055 0000 71.5009 92
21.4468 0000 71.5455 79
21.4820 0000 71.5506 76
21.5172 0000 71.5557 76
21.5516 0000 71.5558 74
21.5899 0000 71.5806 75
21.6282 0000 71.6055 72
21.6703 0000 71.6550 71
21.7092 0000 71.6832 73
21.7473 0000 71.7064 71
21.7820 0000 71.7082 74
21.8168 0000 71.7100 80
21.8518 0000 71.7134 88
21.8860 0000 71.7118 97
21.9171 0000 71.6905 97
21.9508 0000 71.6857 101
21.9809 0000 71.6578 110
22.0117 0000 71.6349 109
