wt=151709339, DLLFiFo=0
-22.8706 0000 73.7764 111
-22.8421 0000 73.8200 128
-22.8086 0000 73.8313 154
-22.7742 0000 73.8358 170
-22.7410 0000 73.8488 167
-22.7060 0000 73.8499 174
-22.6707 0000 73.8494 181
-22.6344 0000 73.8420 192
-22.5958 0000 73.8193 180
-22.5598 0000 73.8136 159
-22.5205 0000 73.7859 137
-22.4771 0000 73.7310 115
-22.4356 0000 73.6880 107
-22.3978 0000 73.6704 114
-22.3674 0000 73.7021 121
-22.3324 0000 73.7032 135
-22.2967 0000 73.6992 139
-22.2602 0000 73.6902 123
-22.2223 0000 73.6709 117
-22.1866 0000 73.6670 110
-22.1508 0000 73.6630 109
-22.1189 0000 73.6844 108
-22.0888 0000 73.7195 104
-22.0608 0000 73.7681 95
-22.0226 0000 73.7472 83
-21.9864 0000 73.7398 71
-21.9484 0000 73.7205 63
-21.9139 0000 73.7250 58
-21.8799 0000 73.7329 65
-21.8452 0000 73.7358 74
-21.8126 0000 73.7538 75
-21.7779 0000 73.7567 95
-21.7429 0000 73.7578 127
-21.7079 0000 73.7589 151
-21.6746 0000 73.7719 147
-21.6430 0000 73.7967 143
-21.6150 0000 73.8471 140
-21.5884 0000 73.9077 125
-21.5618 0000 73.9684 109
-21.5364 0000 74.0376 91
-21.5052 0000 74.0659 68
-21.4665 0000 74.0415 50
-21.3736 0000 73.6333 46
-21.3346 0000 73.6056 44
-21.2956 0000 73.5779 47
-21.2597 0000 73.5723 68
-21.2228 0000 73.5598 88
-21.1871 0000 73.5559 103
-21.1503 0000 73.5434 114
-21.1125 0000 73.5242 114
-21.0778 0000 73.5270 111
-21.0468 0000 73.5569 101
-21.0187 0000 73.6071 89
-20.9849 0000 73.6167 93
-20.9510 0000 73.6262 83
-20.8990 0000 73.5038 73
-20.8460 0000 73.3732 111
-20.8057 0000 73.3355 147
-20.7694 0000 73.3265 144
-20.7333 0000 73.3191 134
-20.6954 0000 73.2983 155
-20.6601 0000 73.2960 168
-20.6245 0000 73.2921 157
-20.5893 0000 73.2915 131
-20.5599 0000 73.3330 105
-20.5344 0000 73.4033 79
-20.5149 0000 73.5193 72
-20.4818 0000 73.5339 70
-20.4436 0000 73.5113 59
-20.4044 0000 73.4803 67
-20.3683 0000 73.4730 79
-20.3328 0000 73.4707 81
-20.2977 0000 73.4701 74
-20.2627 0000 73.4712 71
-20.2271 0000 73.4672 67
-20.1869 0000 73.4294 64
-20.1504 0000 73.4187 65
-20.1137 0000 73.4063 74
-20.0747 0000 73.3770 88
-20.0396 0000 73.3764 88
-20.0068 0000 73.3943 75
-19.9750 0000 73.4191 79
-19.9431 0000 73.4438 74
-19.9139 0000 73.4888 77
-19.8840 0000 73.5288 79
-19.8532 0000 73.5620 89
-19.8244 0000 73.6105 91
-19.7907 0000 73.6218 89
-19.7601 0000 73.6567 82
-19.7257 0000 73.6629 70
-19.6970 0000 73.7132 63
-19.6648 0000 73.7363 67
-19.6293 0000 73.7340 73
-19.6106 0000 73.8624 72
-19.5771 0000 73.8754 83
-19.5418 0000 73.8748 101
-19.5063 0000 73.8725 110
-19.4749 0000 73.9025 114
-19.4415 0000 73.9172 134
-19.4038 0000 73.8979 130
-19.3687 0000 73.8990 118
-19.3313 0000 73.8814 112
-19.2923 0000 73.8519 93
-19.2405 0000 73.7206 82
-19.1901 0000 73.5997 99
-19.1555 0000 73.6041 104
-19.1218 0000 73.6154 107
-19.0878 0000 73.6250 110
-19.0506 0000 73.6091 101
-19.0141 0000 73.5983 113
-18.9793 0000 73.6011 150
-18.9430 0000 73.5921 137
-18.9060 0000 73.5779 129
-18.8708 0000 73.5773 108
-18.8376 0000 73.5937 96
-18.8055 0000 73.6185 84
-18.8368 0000 74.1587 80
-18.8012 0000 74.1564 86
-18.7651 0000 74.1507 93
-18.7231 0000 74.0955 107
-18.6842 0000 74.0659 131
-18.6457 0000 74.0398 155
-18.6103 0000 74.0392 178
-18.5758 0000 74.0454 185
-18.5406 0000 74.0466 186
-18.4992 0000 73.9966 187
-18.4600 0000 73.9636 183
-18.4215 0000 73.9375 191
-18.3864 0000 73.9386 198
-18.3506 0000 73.9347 196
-18.3153 0000 73.9341 194
-18.2799 0000 73.9335 197
-18.2417 0000 73.9091 200
-18.2035 0000 73.8847 186
-18.1680 0000 73.8824 184
-18.1352 0000 73.9040 186
-18.1029 0000 73.9289 171
-18.0655 0000 73.9114 169
-18.0352 0000 73.9534 169
-18.0000 0000 73.9545 173
-17.9642 0000 73.9505 175
-17.9262 0000 73.9278 181
-17.8938 0000 73.9528 166
-17.8593 0000 73.9591 164
-17.8241 0000 73.9602 167
-17.7857 0000 73.9341 166
-17.7474 0000 73.9080 164
-17.7114 0000 73.9023 165
-17.6758 0000 73.9001 166
-17.6404 0000 73.8995 165
-17.6054 0000 73.9024 162
-17.5730 0000 73.9274 156
-17.5409 0000 73.9558 160
-17.5082 0000 73.9791 167
-17.4730 0000 73.9802 165
-17.4378 0000 73.9814 166
-17.4028 0000 73.9843 168
-17.3691 0000 73.9991 179
-17.3337 0000 73.9985 192
-17.2985 0000 73.9997 209
-17.2631 0000 73.9991 220
-17.2274 0000 73.9969 222
-17.1918 0000 73.9946 216
-17.1564 0000 73.9941 210
-17.1212 0000 73.9953 202
-17.0857 0000 73.9947 188
-17.0522 0000 74.0112 162
-17.0141 0000 73.9868 156
-16.9774 0000 73.9744 152
-16.9423 0000 73.9772 153
-16.9109 0000 74.0125 151
-16.8811 0000 74.0632 154
-16.8467 0000 74.0729 153
-16.8143 0000 74.0997 155
-16.7756 0000 74.0701 167
-16.7365 0000 74.0354 178
-16.6984 0000 74.0110 172
-16.6609 0000 73.9917 183
-16.6249 0000 73.9861 187
-16.5891 0000 73.9822 187
-16.5542 0000 73.9867 179
-16.5197 0000 73.9947 163
-16.4848 0000 73.9993 148
-16.4495 0000 74.0005 141
-16.4159 0000 74.0170 154
-16.3807 0000 74.0182 177
-16.3467 0000 74.0313 194
-16.3110 0000 74.0291 213
-16.2756 0000 74.0286 204
-16.2406 0000 74.0332 190
-16.2057 0000 74.0378 182
-16.1704 0000 74.0390 170
-16.1352 0000 74.0401 161
-16.0981 0000 74.0243 150
-16.0626 0000 74.0237 146
-16.0268 0000 74.0198 137
-15.9906 0000 74.0125 121
-15.9502 0000 73.9642 107
-15.9144 0000 73.9602 100
-15.8807 0000 73.9768 96
-15.8440 0000 73.9643 90
-15.8103 0000 73.9808 84
-15.7724 0000 73.9564 68
-15.7362 0000 73.9491 61
-15.6978 0000 73.9196 69
-15.6598 0000 73.8935 85
-15.6241 0000 73.8913 96
-15.5911 0000 73.9146 87
-15.5583 0000 73.9397 94
-15.5209 0000 73.9204 105
-15.4853 0000 73.9182 137
-15.4500 0000 73.9193 178
-15.4144 0000 73.9171 202
-15.3783 0000 73.9098 200
-15.3423 0000 73.9041 191
-15.3074 0000 73.9087 177
-15.2725 0000 73.9133 150
-15.2374 0000 73.9162 126
-15.2049 0000 73.9464 115
-15.1720 0000 73.9714 128
-15.1367 0000 73.9726 130
-15.1013 0000 73.9721 133
-15.0651 0000 73.9648 143
-15.0261 0000 73.9284 153
-14.9899 0000 73.9194 151
-14.9496 0000 73.8695 128
-14.9095 0000 73.8213 134
-14.8688 0000 73.7663 148
-14.8297 0000 73.7284 160
-14.7943 0000 73.7278 162
-14.7607 0000 73.7460 157
-14.7248 0000 73.7404 185
-14.6890 0000 73.7365 171
-14.6541 0000 73.7411 131
-14.6192 0000 73.7456 101
-14.5841 0000 73.7485 96
-14.5485 0000 73.7463 109
-14.5128 0000 73.7424 128
-14.4770 0000 73.7385 139
-14.4416 0000 73.7380 136
-14.4068 0000 73.7442 114
-14.3753 0000 73.7845 85
-14.3494 0000 73.8862 76
-14.3257 0000 74.0118 106
-14.2918 0000 74.0284 137
-14.2578 0000 74.0432 153
-14.2189 0000 74.0069 178
-14.1794 0000 73.9620 157
-14.1352 0000 73.8677 136
-14.0942 0000 73.8059 132
-14.0562 0000 73.7782 150
-14.0203 0000 73.7726 157
-13.9849 0000 73.7721 155
-13.9502 0000 73.7800 146
-13.9156 0000 73.7880 149
-13.8798 0000 73.7841 161
-13.8446 0000 73.7853 172
-13.8134 0000 73.8325 212
-13.7796 0000 73.8507 258
-13.7457 0000 73.8672 233
-13.7112 0000 73.8769 218
-13.6745 0000 73.8628 197
-13.6407 0000 73.8810 153
-13.6063 0000 73.8924 140
-13.5713 0000 73.8970 126
-13.5361 0000 73.8999 109
-13.5046 0000 73.9437 96
-13.4728 0000 73.9858 103
-13.4381 0000 73.9939 119
-13.4042 0000 74.0121 120
-13.3689 0000 74.0133 124
-13.3355 0000 74.0367 134
-13.3031 0000 74.0721 121
-13.2702 0000 74.1023 121
-13.2348 0000 74.1035 119
-13.1993 0000 74.1030 134
-13.1626 0000 74.0888 153
-13.1273 0000 74.0900 158
-13.0917 0000 74.0895 154
-13.0556 0000 74.0822 139
-13.0175 0000 74.0509 120
-12.9796 0000 74.0214 122
-12.9431 0000 74.0089 129
-12.9055 0000 73.9828 154
-12.8683 0000 73.9618 150
-12.8322 0000 73.9545 138
-12.7950 0000 73.9335 140
-12.7597 0000 73.9347 136
-12.7241 0000 73.9325 130
-12.6889 0000 73.9354 132
-12.6541 0000 73.9434 128
-12.6186 0000 73.9429 126
-12.5824 0000 73.9339 135
-12.5464 0000 73.9266 130
-12.5108 0000 73.9244 119
-12.4753 0000 73.9238 119
-12.4399 0000 73.9251 124
-12.4034 0000 73.9109 132
-12.3678 0000 73.9087 117
-12.3336 0000 73.9252 103
-12.2986 0000 73.9299 117
-12.2642 0000 73.9430 136
-12.2290 0000 73.9459 139
-12.1952 0000 73.9676 165
-12.1591 0000 73.9586 196
-12.1238 0000 73.9615 214
-12.0897 0000 73.9781 230
-12.0547 0000 73.9844 216
-12.0204 0000 73.9993 169
-11.9846 0000 73.9953 135
-11.9474 0000 73.9726 130
-11.9102 0000 73.9500 129
-11.8734 0000 73.9324 156
-11.8378 0000 73.9302 169
-11.8022 0000 73.9280 160
-11.7685 0000 73.9514 141
-11.7357 0000 73.9867 153
-11.7011 0000 73.9982 167
-11.6637 0000 73.9721 150
-11.6254 0000 73.9340 129
-11.5865 0000 73.8875 123
-11.5487 0000 73.8563 121
-11.5132 0000 73.8558 122
-11.4802 0000 73.8877 122
-11.4477 0000 73.9281 123
-11.4123 0000 73.9294 117
-11.3714 0000 73.8538 110
-11.3313 0000 73.7902 117
-11.2937 0000 73.7608 126
-11.2567 0000 73.7382 145
-11.2209 0000 73.7326 145
-11.1843 0000 73.7167 132
-11.1483 0000 73.7077 149
-11.1111 0000 73.6834 198
-11.0744 0000 73.6642 213
-11.0384 0000 73.6552 239
-11.0016 0000 73.6360 265
-10.9670 0000 73.6474 217
-10.9323 0000 73.6572 183
-10.8976 0000 73.6669 146
-10.8654 0000 73.7123 108
-10.8325 0000 73.7493 97
-10.8008 0000 73.8033 101
-10.7673 0000 73.8301 109
-10.7330 0000 73.8467 137
-10.6978 0000 73.8513 155
-10.6628 0000 73.8576 149
-10.6290 0000 73.8810 122
-10.5951 0000 73.9044 139
-10.5601 0000 73.9108 155
-10.5245 0000 73.9086 134
-10.4887 0000 73.9047 107
-10.4555 0000 73.9384 112
-10.4191 0000 73.9242 144
-10.3834 0000 73.9203 170
-10.3479 0000 73.9198 149
-10.3161 0000 73.9757 119
-10.2834 0000 74.0180 114
-10.2511 0000 74.0671 101
-10.2153 0000 74.0615 92
-10.1779 0000 74.0336 92
-10.1411 0000 74.0126 93
-10.1056 0000 74.0121 89
-10.0700 0000 74.0117 101
-10.0346 0000 74.0129 124
-9.9991 0000 74.0124 139
-9.9646 0000 74.0273 151
-9.9304 0000 74.0491 124
-9.8966 0000 74.0760 108
-9.8613 0000 74.0789 109
-9.8262 0000 74.0853 117
-9.7921 0000 74.1071 137
-9.7564 0000 74.1049 148
-9.7205 0000 74.0993 154
-9.6849 0000 74.0971 162
-9.6496 0000 74.1000 161
-9.6146 0000 74.1098 144
-9.5797 0000 74.1196 125
-9.5442 0000 74.1192 119
-9.5104 0000 74.1478 134
-9.4750 0000 74.1508 163
-9.4399 0000 74.1571 181
-9.4047 0000 74.1635 182
-9.3682 0000 74.1476 157
-9.3347 0000 74.1814 141
-9.3000 0000 74.1964 137
-9.2670 0000 74.2388 138
-9.2319 0000 74.2469 145
-9.1963 0000 74.2464 149
-9.1605 0000 74.2425 142
-9.1254 0000 74.2506 143
-9.0927 0000 74.2999 157
-9.0598 0000 74.3458 160
-9.0250 0000 74.3591 177
-8.9901 0000 74.3724 235
-8.9532 0000 74.3496 246
-8.9169 0000 74.3371 233
-8.8801 0000 74.3143 206
-8.8434 0000 74.2950 158
-8.8075 0000 74.2894 148
-8.7717 0000 74.2855 148
-8.7359 0000 74.2799 154
-8.7003 0000 74.2794 166
-8.6652 0000 74.2893 195
-8.6302 0000 74.2991 239
-8.5949 0000 74.3038 267
-8.5593 0000 74.3034 282
-8.5234 0000 74.2978 298
-8.4877 0000 74.2956 297
-8.4519 0000 74.2917 264
-8.4160 0000 74.2861 203
-8.3801 0000 74.2805 149
-8.3443 0000 74.2766 126
-8.3079 0000 74.2608 147
-8.2724 0000 74.2620 164
-8.2366 0000 74.2582 148
-8.1999 0000 74.2354 116
-8.1640 0000 74.2298 101
-8.1281 0000 74.2225 90
-8.0922 0000 74.2152 81
-8.0538 0000 74.1599 84
-8.0159 0000 74.1133 101
-7.9800 0000 74.1060 124
-7.9436 0000 74.0884 116
-7.9080 0000 74.0880 101
-7.8754 0000 74.1475 92
-7.8447 0000 74.2465 118
-7.8095 0000 74.2546 142
-7.7740 0000 74.2559 147
-7.7392 0000 74.2726 143
-7.7036 0000 74.2722 145
-7.6680 0000 74.2718 139
-7.6321 0000 74.2645 136
-7.5964 0000 74.2623 134
-7.5613 0000 74.2722 122
-7.5284 0000 74.3301 111
-7.4940 0000 74.3572 119
-7.4585 0000 74.3585 131
-7.4237 0000 74.3770 143
-7.3881 0000 74.3765 149
-7.3515 0000 74.3555 142
-7.3145 0000 74.3259 127
-7.2777 0000 74.2980 132
-7.2411 0000 74.2753 139
-7.2054 0000 74.2731 143
-7.1698 0000 74.2727 144
-7.1341 0000 74.2723 130
-7.0994 0000 74.2908 138
-7.0648 0000 74.3144 127
-7.0295 0000 74.3226 123
-6.9957 0000 74.3651 134
-6.9591 0000 74.3424 160
-6.9226 0000 74.3197 173
-6.8869 0000 74.3193 180
-6.8524 0000 74.3446 175
-6.8168 0000 74.3459 179
-6.7811 0000 74.3438 184
-6.7446 0000 74.3211 182
-6.7098 0000 74.3430 176
-6.6741 0000 74.3392 164
-6.6366 0000 74.2924 156
-6.6006 0000 74.2835 150
-6.5641 0000 74.2608 154
-6.5285 0000 74.2621 152
-6.4929 0000 74.2617 153
-6.4580 0000 74.2785 140
-6.4224 0000 74.2798 135
-6.3868 0000 74.2794 134
-6.3506 0000 74.2636 129
-6.3148 0000 74.2581 135
-6.2790 0000 74.2543 140
-6.2435 0000 74.2556 141
-6.2098 0000 74.3067 154
-6.1763 0000 74.3648 188
-6.1410 0000 74.3747 222
-6.1052 0000 74.3692 236
-6.0692 0000 74.3585 220
-6.0320 0000 74.3169 184
-5.9960 0000 74.3045 147
-5.9586 0000 74.2544 114
-5.9210 0000 74.1991 100
-5.8826 0000 74.1200 87
-5.8457 0000 74.0802 108
-5.8093 0000 74.0576 121
-5.7736 0000 74.0538 127
-5.7382 0000 74.0586 120
-5.7029 0000 74.0668 119
-5.6675 0000 74.0716 119
-5.6325 0000 74.0884 117
-5.5980 0000 74.1206 106
-5.5644 0000 74.1802 120
-5.5304 0000 74.2278 143
-5.4951 0000 74.2378 157
-5.4600 0000 74.2529 145
-5.4244 0000 74.2525 143
-5.3888 0000 74.2539 154
-5.3532 0000 74.2536 170
-5.3174 0000 74.2481 182
-5.2812 0000 74.2289 204
-5.2455 0000 74.2268 208
-5.2097 0000 74.2213 198
-5.1739 0000 74.2158 168
-5.1385 0000 74.2207 134
-5.1037 0000 74.2478 117
-5.0689 0000 74.2749 101
-5.0334 0000 74.2797 93
-4.9986 0000 74.3068 91
-4.9637 0000 74.3340 87
-4.9282 0000 74.3405 90
-4.8926 0000 74.3419 92
-4.8569 0000 74.3364 97
-4.8211 0000 74.3310 98
-4.7841 0000 74.2825 90
-4.7484 0000 74.2788 83
-4.7135 0000 74.3059 89
-4.6785 0000 74.3296 93
-4.6434 0000 74.3516 101
-4.6084 0000 74.3754 108
-4.5734 0000 74.4008 140
-4.5381 0000 74.4143 216
-4.5027 0000 74.4260 363
-4.4670 0000 74.4240 498
-4.4313 0000 74.4236 564
-4.3956 0000 74.4216 522
-4.3600 0000 74.4247 414
-4.3250 0000 74.4502 301
-4.2895 0000 74.4567 263
-4.2539 0000 74.4599 224
-4.2182 0000 74.4595 195
-4.1820 0000 74.4351 188
-4.1461 0000 74.4262 202
-4.1103 0000 74.4207 211
-4.0738 0000 74.3825 208
-4.0382 0000 74.3874 200
-4.0032 0000 74.4180 199
-3.9674 0000 74.4125 192
-3.9315 0000 74.4002 181
-3.8957 0000 74.3930 165
-3.8600 0000 74.3926 156
-3.8250 0000 74.4215 163
-3.7900 0000 74.4556 155
-3.7553 0000 74.5018 151
-3.7197 0000 74.5066 146
-3.6835 0000 74.4822 135
-3.6467 0000 74.4234 134
-3.6101 0000 74.3800 136
-3.5739 0000 74.3505 110
-3.5373 0000 74.2986 100
-3.5013 0000 74.2845 97
-3.4662 0000 74.3100 108
-3.4306 0000 74.3131 113
-3.3949 0000 74.3128 112
-3.3611 0000 74.4139 110
-3.3267 0000 74.4824 129
-3.2919 0000 74.5320 149
-3.2562 0000 74.5317 165
-3.2200 0000 74.5021 182
-3.1836 0000 74.4639 199
-3.1476 0000 74.4412 186
-3.1115 0000 74.4185 179
-3.0755 0000 74.3975 165
-3.0398 0000 74.3937 143
-3.0037 0000 74.3676 149
-2.9680 0000 74.3638 161
-2.9320 0000 74.3446 152
-2.8966 0000 74.3580 141
-2.8612 0000 74.3800 133
-2.8256 0000 74.3849 133
-2.7901 0000 74.3897 152
-2.7544 0000 74.3928 182
-2.7188 0000 74.3925 214
-2.6830 0000 74.3887 243
-2.6474 0000 74.3901 240
-2.6118 0000 74.3984 223
-2.5764 0000 74.4187 233
-2.5408 0000 74.4184 222
-2.5048 0000 74.3957 197
-2.4688 0000 74.3678 191
-2.4330 0000 74.3572 199
-2.3973 0000 74.3552 203
-2.3617 0000 74.3566 207
-2.3261 0000 74.3614 212
-2.2907 0000 74.3834 222
-2.2551 0000 74.3882 213
-2.2194 0000 74.3896 197
-2.1839 0000 74.4048 189
-2.1482 0000 74.4045 170
-2.1126 0000 74.4110 161
-2.0772 0000 74.4400 156
-2.0416 0000 74.4465 160
-2.0063 0000 74.4841 163
-1.9706 0000 74.4872 169
-1.9349 0000 74.4852 185
-1.8992 0000 74.4814 202
-1.8635 0000 74.4776 211
-1.8278 0000 74.4773 208
-1.7922 0000 74.4804 196
-1.7565 0000 74.4801 189
-1.7206 0000 74.4591 198
-1.6849 0000 74.4553 191
-1.6492 0000 74.4550 187
-1.6136 0000 74.4581 184
-1.5780 0000 74.4647 178
-1.5423 0000 74.4696 173
-1.5066 0000 74.4692 171
-1.4709 0000 74.4655 168
-1.4353 0000 74.4669 171
-1.3997 0000 74.4855 180
-1.3640 0000 74.4835 196
-1.3283 0000 74.4814 199
-1.2926 0000 74.4863 203
-1.2572 0000 74.5290 212
-1.2215 0000 74.5390 218
-1.1858 0000 74.5405 218
-1.1501 0000 74.5419 218
-1.1144 0000 74.5450 216
-1.0788 0000 74.5602 225
-1.0430 0000 74.5409 209
-1.0073 0000 74.5354 203
-0.9716 0000 74.5299 199
-0.9359 0000 74.5038 222
-0.9001 0000 74.4811 215
-0.8644 0000 74.4670 202
-0.8287 0000 74.4443 197
-0.7930 0000 74.4423 187
-0.7573 0000 74.4264 185
-0.7217 0000 74.4434 232
-0.6860 0000 74.4499 267
-0.6504 0000 74.4703 268
-0.6147 0000 74.4700 275
-0.5790 0000 74.4524 289
-0.5433 0000 74.4487 270
-0.5077 0000 74.4243 227
-0.4720 0000 74.3999 226
-0.4364 0000 74.3703 207
-0.4008 0000 74.3442 231
-0.3651 0000 74.3405 244
-0.3295 0000 74.3453 246
-0.2938 0000 74.3726 225
-0.2580 0000 74.4239 223
-0.2222 0000 74.4838 236
-0.1864 0000 74.5335 255
-0.1507 0000 74.5401 263
-0.1150 0000 74.5484 257
-0.0791 0000 74.5878 250
-0.0434 0000 74.5875 243
-0.0078 0000 74.5820 221
0.0279 0000 74.5593 202
0.0635 0000 74.5521 181
0.0990 0000 74.5139 171
0.1349 0000 74.5498 162
0.1706 0000 74.5564 160
0.2064 0000 74.5596 176
0.2420 0000 74.5593 189
0.2779 0000 74.5797 176
0.3136 0000 74.5846 172
0.3496 0000 74.6309 175
0.3852 0000 74.6099 168
0.4207 0000 74.5820 165
0.4562 0000 74.5558 170
0.4921 0000 74.5797 173
0.5278 0000 74.5846 187
0.5638 0000 74.6136 205
0.5998 0000 74.6548 243
0.6355 0000 74.6510 282
0.6712 0000 74.6473 303
0.7069 0000 74.6487 306
0.7425 0000 74.6312 315
0.7782 0000 74.6326 296
0.8140 0000 74.6341 255
0.8495 0000 74.6148 200
0.8849 0000 74.5869 183
0.9205 0000 74.5763 172
0.9560 0000 74.5501 157
0.9914 0000 74.5257 166
1.0271 0000 74.5255 179
1.0628 0000 74.5235 174
1.0984 0000 74.5180 135
1.1335 0000 74.4678 107
1.1691 0000 74.4623 101
1.2048 0000 74.4655 105
1.2406 0000 74.4739 118
1.2766 0000 74.4943 121
1.3123 0000 74.4975 121
1.3484 0000 74.5248 126
1.3842 0000 74.5314 132
1.4201 0000 74.5467 143
1.4551 0000 74.4964 155
1.4907 0000 74.4910 160
1.5264 0000 74.4907 176
1.5624 0000 74.5129 150
1.5982 0000 74.5195 137
1.6339 0000 74.5210 139
1.6699 0000 74.5379 153
1.7057 0000 74.5446 165
1.7414 0000 74.5495 188
1.7772 0000 74.5510 196
1.8128 0000 74.5490 183
1.8485 0000 74.5470 170
1.8842 0000 74.5485 168
1.9200 0000 74.5534 178
1.9558 0000 74.5566 192
1.9915 0000 74.5547 202
2.0270 0000 74.5475 209
2.0626 0000 74.5387 212
2.0975 0000 74.4953 205
2.1330 0000 74.4882 192
2.1688 0000 74.4931 173
2.2050 0000 74.5170 168
2.2411 0000 74.5409 153
2.2770 0000 74.5476 149
2.3127 0000 74.5490 143
2.3489 0000 74.5712 137
2.3852 0000 74.6003 143
2.4214 0000 74.6243 165
2.4571 0000 74.6258 175
2.4928 0000 74.6238 176
2.5285 0000 74.6236 172
2.5648 0000 74.6475 183
2.6011 0000 74.6749 176
2.6378 0000 74.7179 180
2.6737 0000 74.7246 191
2.7095 0000 74.7243 205
2.7450 0000 74.7155 208
2.7798 0000 74.6755 189
2.8154 0000 74.6684 175
2.8506 0000 74.6492 187
2.8864 0000 74.6507 196
2.9221 0000 74.6522 206
2.9583 0000 74.6710 222
2.9942 0000 74.6759 264
3.0301 0000 74.6844 272
3.0665 0000 74.7083 286
3.1022 0000 74.7098 282
3.1380 0000 74.7114 250
3.1742 0000 74.7302 205
3.2099 0000 74.7282 208
3.2451 0000 74.7073 239
3.2809 0000 74.7105 236
3.3171 0000 74.7276 200
3.3535 0000 74.7499 202
3.3900 0000 74.7791 193
3.4266 0000 74.8066 208
3.4632 0000 74.8375 209
3.5003 0000 74.8858 223
3.5362 0000 74.8908 231
3.5720 0000 74.8889 234
3.6083 0000 74.9077 231
3.6442 0000 74.9110 223
3.6807 0000 74.9368 213
3.7157 0000 74.9106 218
3.7506 0000 74.8810 216
3.7857 0000 74.8600 218
3.8215 0000 74.8598 228
3.8572 0000 74.8579 259
3.8930 0000 74.8594 287
3.9288 0000 74.8610 301
3.9640 0000 74.8435 277
3.9995 0000 74.8364 240
4.0344 0000 74.8102 204
4.0688 0000 74.7668 166
4.1044 0000 74.7649 150
4.1403 0000 74.7682 152
4.1760 0000 74.7680 163
4.2123 0000 74.7834 163
4.2488 0000 74.8057 184
4.2856 0000 74.8384 179
4.3231 0000 74.8901 196
4.3592 0000 74.9004 220
4.3957 0000 74.9192 225
4.4323 0000 74.9451 244
4.4684 0000 74.9536 245
4.5056 0000 74.9933 250
4.5416 0000 74.9983 261
4.5782 0000 75.0224 255
4.6149 0000 75.0483 251
4.6509 0000 75.0533 234
4.6867 0000 75.0531 220
4.7225 0000 75.0530 225
4.7591 0000 75.0754 207
4.7951 0000 75.0804 216
4.8318 0000 75.1028 221
4.8676 0000 75.1044 237
4.9034 0000 75.1025 255
4.9391 0000 75.1006 268
4.9742 0000 75.0813 264
5.0099 0000 75.0777 269
5.0456 0000 75.0758 279
5.0805 0000 75.0530 300
5.1161 0000 75.0494 295
5.1518 0000 75.0458 267
5.1857 0000 74.9988 225
5.2214 0000 74.9969 192
5.2561 0000 74.9707 180
5.2920 0000 74.9740 190
5.3280 0000 74.9773 213
5.3649 0000 75.0049 226
5.4016 0000 75.0273 237
5.4374 0000 75.0271 218
5.4731 0000 75.0252 188
5.5070 0000 74.9817 159
5.5393 0000 74.8983 144
5.5722 0000 74.8324 157
5.6066 0000 74.8011 184
5.6414 0000 74.7784 177
5.6770 0000 74.7748 177
5.7129 0000 74.7798 162
5.7493 0000 74.7953 146
5.7850 0000 74.7951 117
5.8208 0000 74.7967 96
5.8567 0000 74.8000 85
5.8928 0000 74.8085 79
5.9289 0000 74.8152 74
5.9655 0000 74.8341 74
6.0000 0000 74.8080 67
6.0332 0000 74.7525 63
6.0661 0000 74.6901 71
6.1004 0000 74.6589 94
6.1358 0000 74.6535 131
6.1707 0000 74.6361 185
6.2064 0000 74.6360 206
6.2421 0000 74.6358 180
6.2768 0000 74.6132 120
6.3097 0000 74.5544 79
6.3636 0000 74.9380 71
6.3993 0000 74.9378 77
6.4342 0000 74.9186 96
6.4697 0000 74.9150 117
6.5055 0000 74.9149 138
6.5423 0000 74.9372 140
6.5795 0000 74.9665 155
6.6161 0000 74.9837 153
6.6521 0000 74.9870 147
6.6882 0000 74.9938 124
6.7240 0000 74.9937 99
6.7538 0000 74.8757 94
6.7844 0000 74.7717 129
6.8186 0000 74.7421 205
6.8534 0000 74.7247 255
6.8887 0000 74.7159 307
6.9239 0000 74.7054 306
6.9596 0000 74.7052 244
6.9990 0000 74.7777 185
7.0403 0000 74.8866 170
7.0793 0000 74.9488 189
7.1167 0000 74.9798 201
7.1527 0000 74.9849 202
7.1889 0000 74.9934 176
7.2255 0000 75.0089 152
7.2615 0000 75.0139 117
7.3003 0000 75.0710 91
7.3370 0000 75.0865 88
7.3734 0000 75.0985 97
7.4089 0000 75.0931 94
7.4444 0000 75.0878 95
7.4803 0000 75.0911 82
7.5164 0000 75.0962 59
7.5537 0000 75.1238 51
7.5895 0000 75.1254 54
7.6238 0000 75.0975 65
7.6593 0000 75.0921 78
7.6938 0000 75.0694 100
7.7293 0000 75.0658 100
7.7650 0000 75.0639 91
7.8033 0000 75.1089 77
7.8412 0000 75.1470 71
7.8804 0000 75.2077 69
7.9180 0000 75.2388 77
7.9536 0000 75.2352 96
7.9883 0000 75.2159 114
8.0262 0000 75.2523 141
8.0626 0000 75.2626 166
8.0989 0000 75.2712 178
8.1346 0000 75.2693 179
8.1706 0000 75.2726 171
8.2081 0000 75.3021 149
8.2454 0000 75.3280 143
8.2812 0000 75.3279 143
8.3193 0000 75.3661 139
8.3568 0000 75.3938 139
8.3921 0000 75.3850 166
8.4274 0000 75.3761 188
8.4631 0000 75.3742 200
8.4994 0000 75.3828 218
8.5357 0000 75.3914 223
8.5716 0000 75.3912 210
8.6083 0000 75.4068 209
8.6449 0000 75.4189 196
8.6830 0000 75.4554 174
8.7213 0000 75.4954 176
8.7590 0000 75.5249 171
8.7964 0000 75.5510 142
8.8338 0000 75.5753 94
8.8694 0000 75.5717 93
8.9478 0000 76.2402 92
8.9836 0000 76.2383 119
9.0195 0000 76.2364 170
9.0554 0000 76.2345 224
9.0906 0000 76.2221 244
9.1267 0000 76.2237 260
9.1638 0000 76.2394 278
9.2011 0000 76.2604 244
9.2378 0000 76.2709 226
9.2752 0000 76.2919 211
9.3129 0000 76.3165 179
9.3604 0000 76.4895 138
9.4026 0000 76.5814 140
9.4382 0000 76.5742 148
9.4704 0000 76.5174 151
9.5023 0000 76.4554 140
9.5331 0000 76.3775 123
9.5674 0000 76.3509 100
9.6035 0000 76.3525 71
9.6412 0000 76.3771 52
9.6755 0000 76.3522 41
9.7114 0000 76.3504 38
9.7455 0000 76.3220 37
9.7799 0000 76.2989 43
9.8175 0000 76.3217 68
9.8535 0000 76.3216 101
9.8894 0000 76.3197 114
9.9243 0000 76.3037 117
9.9619 0000 76.3265 129
9.9988 0000 76.3388 125
10.0389 0000 76.3969 128
10.0782 0000 76.4428 129
10.1183 0000 76.4992 141
10.1546 0000 76.5026 168
10.1894 0000 76.4848 222
10.2225 0000 76.4441 271
10.2576 0000 76.4316 292
10.2932 0000 76.4262 299
10.3285 0000 76.4154 312
10.3649 0000 76.4206 276
10.4032 0000 76.4523 231
10.4402 0000 76.4646 191
10.4765 0000 76.4680 167
10.5134 0000 76.4803 165
10.5498 0000 76.4855 151
10.6022 0000 76.7032 132
10.6453 0000 76.7972 135
10.6912 0000 76.9268 170
10.7272 0000 76.9250 178
10.7629 0000 76.9195 167
10.7973 0000 76.8963 131
10.8287 0000 76.8340 117
10.8596 0000 76.7664 119
10.8931 0000 76.7326 121
10.9272 0000 76.7059 114
10.9616 0000 76.6845 134
10.9992 0000 76.7039 127
11.0362 0000 76.7162 128
11.0759 0000 76.7622 137
11.1129 0000 76.7746 142
11.1511 0000 76.8011 152
11.1879 0000 76.8099 159
11.2264 0000 76.8400 155
11.2615 0000 76.8275 157
11.2961 0000 76.8079 137
11.3316 0000 76.8007 138
11.3672 0000 76.7953 149
11.4018 0000 76.7756 156
11.4390 0000 76.7898 179
11.4755 0000 76.7950 170
11.5119 0000 76.7985 164
11.5481 0000 76.8002 176
11.5842 0000 76.8001 206
11.6188 0000 76.7822 228
11.6545 0000 76.7768 242
11.6901 0000 76.7714 223
11.7276 0000 76.7891 195
11.7664 0000 76.8210 137
11.8054 0000 76.8564 117
11.8425 0000 76.8688 107
11.8802 0000 76.8883 114
11.9147 0000 76.8686 108
11.9503 0000 76.8632 116
11.9864 0000 76.8631 126
12.0227 0000 76.8649 137
12.0601 0000 76.8808 151
12.0970 0000 76.8896 187
12.1339 0000 76.9002 185
12.1711 0000 76.9125 178
12.2072 0000 76.9125 175
12.2428 0000 76.9071 167
12.2788 0000 76.9052 151
12.3167 0000 76.9265 128
12.3537 0000 76.9371 122
12.3938 0000 76.9833 118
12.4332 0000 77.0206 110
12.4721 0000 77.0526 119
12.5115 0000 77.0899 124
12.5506 0000 77.1237 144
12.5901 0000 77.1629 162
12.6271 0000 77.1717 190
12.6667 0000 77.2109 214
12.7041 0000 77.2251 223
12.7428 0000 77.2536 227
12.7813 0000 77.2803 189
12.8199 0000 77.3070 169
12.8567 0000 77.3141 140
12.8951 0000 77.3391 117
12.9292 0000 77.3158 102
12.9676 0000 77.3407 107
13.0064 0000 77.3693 113
13.0570 0000 77.5285 118
13.0989 0000 77.5912 134
13.1357 0000 77.5965 147
13.1719 0000 77.5964 155
13.2079 0000 77.5946 150
13.2414 0000 77.5640 135
13.2720 0000 77.5030 113
13.3006 0000 77.4206 103
13.3339 0000 77.3902 104
13.3676 0000 77.3633 100
13.4033 0000 77.3579 108
13.4416 0000 77.3810 118
13.4856 0000 77.4651 130
13.5255 0000 77.5044 141
13.5624 0000 77.5115 151
13.5993 0000 77.5186 155
13.6385 0000 77.5508 151
13.6798 0000 77.6045 152
13.7160 0000 77.6044 147
13.7539 0000 77.6223 136
13.7905 0000 77.6258 135
13.8286 0000 77.6455 147
13.8648 0000 77.6454 150
13.8991 0000 77.6257 136
13.9331 0000 77.6023 133
13.9691 0000 77.6004 127
14.0071 0000 77.6183 124
14.0436 0000 77.6218 107
14.0877 0000 77.7025 106
14.1297 0000 77.7617 125
14.1689 0000 77.7922 164
14.2057 0000 77.7975 197
14.2427 0000 77.8047 229
14.2812 0000 77.8280 272
14.3175 0000 77.8279 275
14.3537 0000 77.8278 258
14.3921 0000 77.8494 234
14.4307 0000 77.8727 232
14.4696 0000 77.8996 206
14.5062 0000 77.9031 206
14.5445 0000 77.9229 224
14.5837 0000 77.9516 217
14.6207 0000 77.9588 215
14.6577 0000 77.9659 220
14.6945 0000 77.9712 216
14.7351 0000 78.0144 203
14.7716 0000 78.0162 203
14.8059 0000 77.9963 225
14.8418 0000 77.9926 242
14.8755 0000 77.9674 258
14.9091 0000 77.9421 321
14.9452 0000 77.9402 406
14.9815 0000 77.9402 532
15.0174 0000 77.9365 681
15.0529 0000 77.9293 786
15.0889 0000 77.9274 800
15.1256 0000 77.9309 784
15.1620 0000 77.9327 726
15.1983 0000 77.9326 596
15.2345 0000 77.9326 453
15.2689 0000 77.9145 312
15.3021 0000 77.8857 275
15.3355 0000 77.8586 235
15.3681 0000 77.8244 228
15.3990 0000 77.7741 223
15.4339 0000 77.7615 218
15.4703 0000 77.7632 205
15.5070 0000 77.7685 180
15.5436 0000 77.7721 147
15.5820 0000 77.7918 140
15.6188 0000 77.7971 133
15.6598 0000 77.8420 118
15.7059 0000 77.9336 106
15.7484 0000 77.9912 116
15.7857 0000 78.0001 130
15.8219 0000 78.0001 148
15.8580 0000 77.9982 160
15.8938 0000 77.9946 154
15.9303 0000 77.9963 150
15.9667 0000 77.9981 160
16.0054 0000 78.0196 174
16.0442 0000 78.0430 157
16.0787 0000 78.0267 152
16.1171 0000 78.0465 157
16.1538 0000 78.0500 167
16.1923 0000 78.0698 181
16.2283 0000 78.0680 184
16.2626 0000 78.0499 192
16.2986 0000 78.0480 189
16.3347 0000 78.0462 195
16.3712 0000 78.0479 197
16.4078 0000 78.0515 185
16.4439 0000 78.0496 167
16.4795 0000 78.0442 151
16.5135 0000 78.0243 144
16.5496 0000 78.0224 123
16.5858 0000 78.0224 120
16.6202 0000 78.0061 118
16.6563 0000 78.0043 119
16.6919 0000 77.9988 121
16.7279 0000 77.9969 118
16.7646 0000 78.0005 108
16.8029 0000 78.0185 103
16.8391 0000 78.0184 85
16.8757 0000 78.0220 71
16.9122 0000 78.0237 72
16.9478 0000 78.0183 77
16.9780 0000 77.9660 77
17.0109 0000 77.9371 74
17.0230 0000 77.7303 78
17.0513 0000 77.6621 93
17.0749 0000 77.5545 118
17.1112 0000 77.5563 118
17.1477 0000 77.5598 113
17.1843 0000 77.5633 112
17.2225 0000 77.5812 103
17.2597 0000 77.5901 91
17.2954 0000 77.5865 75
17.3245 0000 77.5273 72
17.3532 0000 77.4646 83
17.3852 0000 77.4306 89
17.4173 0000 77.3966 91
17.4463 0000 77.3376 91
17.4815 0000 77.3304 87
17.5146 0000 77.3054 82
17.5451 0000 77.2589 86
17.5770 0000 77.2250 94
17.6096 0000 77.1965 126
17.6441 0000 77.1839 150
17.6793 0000 77.1768 175
17.7144 0000 77.1696 213
17.7470 0000 77.1411 240
17.7814 0000 77.1286 224
17.8170 0000 77.1250 186
17.8551 0000 77.1428 151
17.8931 0000 77.1588 134
17.9356 0000 77.2122 121
17.9753 0000 77.2425 127
18.0120 0000 77.2478 124
18.0473 0000 77.2425 115
18.0770 0000 77.1907 101
18.1059 0000 77.1337 95
18.1401 0000 77.1195 97
18.1714 0000 77.0821 100
18.2071 0000 77.0803 108
18.2458 0000 77.1016 107
18.2848 0000 77.1265 104
18.3221 0000 77.1372 91
18.3634 0000 77.1799 96
18.4007 0000 77.1906 108
18.4389 0000 77.2084 123
18.4780 0000 77.2334 97
18.5216 0000 77.2940 73
18.5659 0000 77.3600 56
18.5911 0000 77.2744 52
18.6105 0000 77.1443 58
18.6392 0000 77.0874 69
18.6688 0000 77.0376 82
18.7010 0000 77.0092 97
18.7317 0000 76.9684 121
18.7664 0000 76.9595 133
18.8019 0000 76.9560 139
18.8359 0000 76.9418 137
18.8722 0000 76.9454 138
18.9072 0000 76.9383 122
18.9361 0000 76.8851 103
18.9697 0000 76.8674 103
19.0002 0000 76.8267 118
19.0349 0000 76.8178 146
19.0697 0000 76.8108 184
19.1058 0000 76.8126 215
19.1411 0000 76.8091 237
19.1746 0000 76.7914 275
19.2102 0000 76.7897 293
19.2471 0000 76.7986 285
19.2867 0000 76.8269 242
19.3234 0000 76.8340 216
19.3594 0000 76.8359 190
19.3969 0000 76.8483 141
19.4364 0000 76.8767 129
19.4751 0000 76.8980 126
19.5106 0000 76.8962 132
19.5433 0000 76.8732 130
19.5765 0000 76.8538 156
19.6116 0000 76.8485 162
19.6431 0000 76.8167 139
19.6712 0000 76.7601 131
19.7065 0000 76.7566 130
19.7480 0000 76.7991 136
19.7880 0000 76.8310 138
19.8255 0000 76.8435 142
19.8644 0000 76.8665 165
19.9011 0000 76.8736 182
19.9405 0000 76.9002 183
19.9772 0000 76.9074 189
20.0127 0000 76.9056 182
20.0458 0000 76.8862 174
20.0813 0000 76.8845 157
20.1092 0000 76.8279 144
20.1391 0000 76.7854 139
20.1618 0000 76.6918 106
20.1809 0000 76.5719 101
20.2092 0000 76.5190 90
20.2402 0000 76.4856 80
20.2719 0000 76.4575 85
20.3070 0000 76.4540 96
20.3424 0000 76.4523 111
20.3770 0000 76.4453 120
20.4119 0000 76.4401 110
20.4487 0000 76.4489 91
20.4913 0000 76.4983 79
20.5313 0000 76.5300 72
20.5719 0000 76.5653 64
20.6148 0000 76.6165 69
20.6507 0000 76.6183 79
20.6848 0000 76.6077 92
20.7177 0000 76.5884 100
20.7535 0000 76.5902 114
20.7876 0000 76.5796 133
20.8230 0000 76.5779 134
20.8576 0000 76.5709 126
20.8891 0000 76.5427 105
20.9171 0000 76.4899 93
20.9479 0000 76.4565 89
20.9824 0000 76.4495 80
21.0155 0000 76.4319 73
21.0515 0000 76.4355 65
21.0871 0000 76.4355 57
21.1254 0000 76.4549 50
21.1610 0000 76.4549 44
21.2004 0000 76.4813 44
21.2400 0000 76.5095 46
21.2833 0000 76.5624 55
21.3184 0000 76.5589 68
21.3508 0000 76.5377 75
21.3859 0000 76.5342 88
21.4150 0000 76.4903 105
21.4487 0000 76.4780 114
21.4772 0000 76.4305 116
21.5091 0000 76.4059 140
21.5436 0000 76.3989 155
21.5760 0000 76.3778 141
21.6076 0000 76.3514 160
21.6420 0000 76.3444 175
21.6773 0000 76.3427 170
21.7128 0000 76.3427 149
21.7485 0000 76.3445 128
21.7838 0000 76.3428 122
21.8132 0000 76.3024 138
21.8426 0000 76.2621 164
21.8699 0000 76.2077 200
21.9025 0000 76.1884 215
21.9369 0000 76.1815 229
21.9670 0000 76.1464 255
22.0004 0000 76.1325 280
22.0329 0000 76.1132 301
22.0691 0000 76.1185 262
22.1109 0000 76.1605 205
22.1501 0000 76.1851 150
22.1906 0000 76.2184 106
22.2228 0000 76.1974 96
22.2575 0000 76.1921 97
22.2932 0000 76.1939 85
22.3297 0000 76.2009 72
22.3684 0000 76.2220 65
22.4049 0000 76.2290 49
22.4406 0000 76.2308 40
22.4758 0000 76.2291 39
0.0000 0000 0.0000 0
0.0000 0000 0.0000 0
0.0000 0000 0.0000 0
22.6699 0000 76.5666 55
22.6887 0000 76.4592 66
22.7149 0000 76.3994 81
22.7501 0000 76.3977 93
