wt=150825175, DLLFiFo=0
-25.1210 0000 88.8501 227
-25.0826 0000 88.8515 240
-25.0445 0000 88.8549 231
-25.0067 0000 88.8604 228
-24.9685 0000 88.8638 229
-24.9298 0000 88.8631 251
-24.8920 0000 88.8686 315
-24.8515 0000 88.8556 269
-24.8121 0000 88.8508 257
-24.7734 0000 88.8501 275
-24.7347 0000 88.8494 295
-24.6954 0000 88.8446 294
-24.6560 0000 88.8398 258
-24.6144 0000 88.8186 222
-24.5747 0000 88.8117 161
-24.5363 0000 88.8131 118
-24.4982 0000 88.8166 105
-24.4598 0000 88.8179 112
-24.4207 0000 88.8152 124
-24.3817 0000 88.8125 164
-24.3436 0000 88.8159 234
-24.3051 0000 88.8173 278
-24.2664 0000 88.8166 259
-24.2306 0000 88.8365 207
-24.1936 0000 88.8482 189
-24.1549 0000 88.8475 177
-24.1156 0000 88.8428 170
-24.0771 0000 88.8442 154
-24.0410 0000 88.8620 136
-23.9994 0000 88.8408 151
-23.9603 0000 88.8381 160
-23.9210 0000 88.8333 179
-23.8823 0000 88.8326 210
-23.8432 0000 88.8299 223
-23.8048 0000 88.8313 201
-23.7658 0000 88.8286 176
-23.7267 0000 88.8259 168
-23.6883 0000 88.8273 162
-23.6498 0000 88.8287 159
-23.6136 0000 88.8466 177
-23.5757 0000 88.8522 191
-23.5401 0000 88.8742 220
-23.5022 0000 88.8797 269
-23.4651 0000 88.8914 283
-23.4272 0000 88.8970 251
-23.3882 0000 88.8943 198
-23.3485 0000 88.8875 168
-23.3095 0000 88.8848 162
-23.2713 0000 88.8883 164
-23.2353 0000 88.9083 155
-23.1932 0000 88.8830 177
-23.1539 0000 88.8782 203
-23.1157 0000 88.8817 220
-23.0808 0000 88.9100 223
-23.0420 0000 88.9094 235
-23.0004 0000 88.8882 239
-22.9614 0000 88.8855 200
-22.9226 0000 88.8849 168
-22.8838 0000 88.8843 154
-22.8450 0000 88.8837 146
-22.8068 0000 88.8872 155
-22.7683 0000 88.8887 180
-22.7322 0000 88.9088 188
-22.6937 0000 88.9102 197
-22.6544 0000 88.9055 197
-22.6120 0000 88.8782 211
-22.5727 0000 88.8735 209
-22.5347 0000 88.8791 188
-22.4973 0000 88.8888 160
-22.4620 0000 88.9151 166
-22.4254 0000 88.9310 156
-22.3860 0000 88.9264 201
-22.3461 0000 88.9176 274
-22.3068 0000 88.9129 291
-22.2650 0000 88.8897 256
-22.2259 0000 88.8871 211
-22.1869 0000 88.8845 178
-22.1478 0000 88.8819 154
-22.1143 0000 88.9226 134
-22.0781 0000 88.9427 141
-22.0449 0000 88.9855 178
-22.0057 0000 88.9829 212
-21.9651 0000 88.9679 210
-21.9283 0000 88.9839 218
-21.8892 0000 88.9814 199
-21.8478 0000 88.9602 178
-21.8063 0000 88.9391 188
-21.7672 0000 88.9365 184
-21.7278 0000 88.9319 200
-21.6882 0000 88.9252 219
-21.6496 0000 88.9268 208
-21.6113 0000 88.9304 194
-21.5720 0000 88.9258 193
-21.5331 0000 88.9253 183
-21.4950 0000 88.9310 164
-21.4564 0000 88.9326 161
-21.4176 0000 88.9321 186
-21.3793 0000 88.9358 210
-21.3404 0000 88.9353 238
-21.3016 0000 88.9348 274
-21.2635 0000 88.9405 296
-21.2254 0000 88.9462 332
-21.1883 0000 88.9602 423
-21.1494 0000 88.9598 415
-21.1086 0000 88.9428 310
-21.0689 0000 88.9361 233
-21.0298 0000 88.9336 178
-20.9927 0000 88.9476 166
-20.9544 0000 88.9513 153
-20.9160 0000 88.9549 152
-20.8771 0000 88.9545 158
-20.8385 0000 88.9561 165
-20.8021 0000 88.9763 165
-20.7630 0000 88.9738 216
-20.7234 0000 88.9671 284
-20.6845 0000 88.9667 302
-20.6491 0000 88.9951 258
-20.6124 0000 89.0133 259
-20.5740 0000 89.0170 283
-20.5339 0000 89.0062 291
-20.4935 0000 88.9934 293
-20.4515 0000 88.9661 356
-20.4121 0000 88.9616 418
-20.3727 0000 88.9570 461
-20.3324 0000 88.9442 410
-20.2933 0000 88.9417 337
-20.2549 0000 88.9454 278
-20.2186 0000 88.9677 324
-20.1810 0000 88.9775 388
-20.1450 0000 89.0019 406
-20.1068 0000 89.0077 449
-20.0681 0000 89.0093 436
-20.0297 0000 89.0130 364
-19.9913 0000 89.0167 298
-19.9519 0000 89.0122 259
-19.9156 0000 89.0345 265
-19.8791 0000 89.0547 296
-19.8407 0000 89.0584 328
-19.8006 0000 89.0477 311
-19.7612 0000 89.0431 285
-19.7222 0000 89.0427 265
-19.6833 0000 89.0423 231
-19.6439 0000 89.0377 245
-19.6050 0000 89.0373 299
-19.5664 0000 89.0390 320
-19.5286 0000 89.0489 340
-19.4906 0000 89.0568 391
-19.4522 0000 89.0605 398
-19.4167 0000 89.0911 318
-19.3787 0000 89.0989 231
-19.3400 0000 89.1006 174
-19.3011 0000 89.1002 140
-19.2619 0000 89.0977 135
-19.2225 0000 89.0932 145
-19.1831 0000 89.0886 152
-19.1421 0000 89.0696 164
-19.1041 0000 89.0774 172
-19.0677 0000 89.0998 186
-19.0283 0000 89.0952 207
-18.9889 0000 89.0907 207
-18.9504 0000 89.0944 215
-18.9124 0000 89.1023 251
-18.8739 0000 89.1060 284
-18.8354 0000 89.1097 270
-18.7982 0000 89.1259 268
-18.7599 0000 89.1317 245
-18.7228 0000 89.1478 209
-18.6840 0000 89.1495 201
-18.6449 0000 89.1470 173
-18.6052 0000 89.1404 167
-18.5652 0000 89.1296 194
-18.5260 0000 89.1272 219
-18.4877 0000 89.1330 237
-18.4500 0000 89.1450 234
-18.4139 0000 89.1715 200
-18.3772 0000 89.1918 205
-18.3384 0000 89.1934 218
-18.2977 0000 89.1765 209
-18.2583 0000 89.1719 225
-18.2175 0000 89.1549 270
-18.1785 0000 89.1545 262
-18.1394 0000 89.1520 242
-18.0995 0000 89.1433 229
-18.0573 0000 89.1118 228
-18.0218 0000 89.1445 247
-17.9834 0000 89.1503 248
-17.9453 0000 89.1582 209
-17.9110 0000 89.2034 186
-17.8727 0000 89.2092 189
-17.8330 0000 89.2025 192
-17.7928 0000 89.1897 215
-17.7512 0000 89.1644 268
-17.7107 0000 89.1495 254
-17.6747 0000 89.1780 236
-17.6387 0000 89.2066 262
-17.5971 0000 89.1813 301
-17.5567 0000 89.1664 410
-17.5164 0000 89.1536 557
-17.4776 0000 89.1552 614
-17.4386 0000 89.1548 617
-17.3994 0000 89.1523 557
-17.3610 0000 89.1580 446
-17.3276 0000 89.2136 360
-17.2923 0000 89.2505 317
-17.2547 0000 89.2645 356
-17.2151 0000 89.2579 367
-17.1758 0000 89.2554 382
-17.1378 0000 89.2653 402
-17.1000 0000 89.2773 400
-17.0634 0000 89.3018 372
-17.0264 0000 89.3221 433
-16.9880 0000 89.3279 437
-16.9499 0000 89.3378 437
-16.9117 0000 89.3457 460
-16.8726 0000 89.3452 432
-16.8330 0000 89.3386 401
-16.7931 0000 89.3298 429
-16.7534 0000 89.3231 426
-16.7143 0000 89.3227 364
-16.6761 0000 89.3305 331
-16.6378 0000 89.3384 313
-16.6025 0000 89.3774 268
-16.5702 0000 89.4476 282
-16.5349 0000 89.4867 349
-16.4997 0000 89.5279 375
-16.4608 0000 89.5295 376
-16.4217 0000 89.5291 353
-16.3833 0000 89.5369 302
-16.3475 0000 89.5719 221
-16.3129 0000 89.6194 189
-16.2796 0000 89.6814 172
-16.2444 0000 89.7227 190
-16.2074 0000 89.7452 174
-16.1688 0000 89.7510 150
-16.1335 0000 89.7923 121
-16.0844 0000 89.6854 134
-16.0408 0000 89.6370 194
-16.0053 0000 89.6762 178
-15.9678 0000 89.6945 143
-15.9304 0000 89.7128 117
-15.8987 0000 89.7938 86
-15.8700 0000 89.9083 80
-15.8322 0000 89.9246 108
-15.7945 0000 89.9409 171
-15.7551 0000 89.9384 243
-15.7155 0000 89.9337 222
-15.6744 0000 89.9123 176
-15.6344 0000 89.9035 157
-15.5951 0000 89.9031 160
-15.5563 0000 89.9068 179
-15.5170 0000 89.9064 195
-15.4774 0000 89.9017 177
-15.4380 0000 89.8992 159
-15.3989 0000 89.9008 134
-15.3593 0000 89.8962 99
-15.3186 0000 89.8790 87
-15.2809 0000 89.8953 85
-15.2414 0000 89.8928 82
-15.2038 0000 89.9111 82
-15.1677 0000 89.9463 79
-15.1341 0000 90.0108 75
-15.0984 0000 90.0522 73
-15.0615 0000 90.0790 69
-15.0157 0000 90.0031 80
-14.9719 0000 89.9503 89
-14.9323 0000 89.9457 83
-14.8932 0000 89.9473 84
-14.8543 0000 89.9511 97
-14.8154 0000 89.9548 95
-14.7759 0000 89.9523 82
-14.7366 0000 89.9518 77
-14.6970 0000 89.9472 91
-14.6569 0000 89.9363 113
-14.6169 0000 89.9275 144
-14.5757 0000 89.9040 170
-14.5371 0000 89.9120 138
-14.4975 0000 89.9073 122
-14.4579 0000 89.9027 160
-14.4183 0000 89.8981 265
-14.3786 0000 89.8934 369
-14.3397 0000 89.8972 396
-14.3006 0000 89.8989 390
-14.2615 0000 89.9005 354
-14.2236 0000 89.9168 281
-14.1870 0000 89.9499 219
-14.1489 0000 89.9641 220
-14.1093 0000 89.9595 192
-14.0683 0000 89.9381 186
-14.0284 0000 89.9293 154
-13.9879 0000 89.9142 130
-13.9483 0000 89.9096 95
-13.9095 0000 89.9155 83
-13.8710 0000 89.9255 112
-13.8327 0000 89.9376 130
-13.7938 0000 89.9414 165
-13.7546 0000 89.9431 196
-13.7152 0000 89.9405 158
-13.6757 0000 89.9380 112
-13.6361 0000 89.9334 105
-13.5963 0000 89.9267 104
-13.5571 0000 89.9284 110
-13.5190 0000 89.9426 122
-13.4801 0000 89.9485 136
-13.4410 0000 89.9501 147
-13.4012 0000 89.9434 143
-13.3595 0000 89.9116 161
-13.3196 0000 89.9028 206
-13.2801 0000 89.9003 190
-13.2406 0000 89.8978 155
-13.2002 0000 89.8827 147
-13.1609 0000 89.8823 121
-13.1218 0000 89.8840 103
-13.0822 0000 89.8794 112
-13.0426 0000 89.8748 123
-13.0028 0000 89.8681 105
-12.9627 0000 89.8572 85
-12.9218 0000 89.8337 82
-12.8820 0000 89.8271 73
-12.8427 0000 89.8266 68
-12.8059 0000 89.8597 67
-12.7672 0000 89.8677 83
-12.7279 0000 89.8673 90
-12.6881 0000 89.8606 85
-12.6489 0000 89.8623 103
-12.6101 0000 89.8681 156
-12.5717 0000 89.8803 183
-12.5324 0000 89.8799 189
-12.4928 0000 89.8753 168
-12.4520 0000 89.8540 171
-12.4118 0000 89.8410 173
-12.3707 0000 89.8155 157
-12.3301 0000 89.7963 183
-12.2905 0000 89.7917 183
-12.2514 0000 89.7934 151
-12.2121 0000 89.7930 132
-12.1726 0000 89.7905 132
-12.1333 0000 89.7901 120
-12.0939 0000 89.7876 105
-12.0552 0000 89.7956 99
-12.0166 0000 89.8056 115
-11.9781 0000 89.8178 125
-11.9371 0000 89.7923 138
-11.8974 0000 89.7856 143
-11.8578 0000 89.7811 143
-11.8180 0000 89.7723 133
-11.7785 0000 89.7698 144
-11.7385 0000 89.7590 150
-11.6990 0000 89.7544 154
-11.6597 0000 89.7540 144
-11.6211 0000 89.7641 128
-11.5834 0000 89.7888 130
-11.5444 0000 89.7926 110
-11.5055 0000 89.7985 98
-11.4678 0000 89.8232 120
-11.4299 0000 89.8459 181
-11.3911 0000 89.8539 192
-11.3528 0000 89.8681 171
-11.3134 0000 89.8678 181
-11.2741 0000 89.8674 189
-11.2341 0000 89.8565 193
-11.1956 0000 89.8687 133
-11.1566 0000 89.8746 99
-11.1190 0000 89.9015 87
-11.0799 0000 89.9053 80
-11.0406 0000 89.9049 83
-11.0014 0000 89.9066 79
-10.9620 0000 89.9062 72
-10.9227 0000 89.9059 68
-10.8837 0000 89.9118 74
-10.8450 0000 89.9219 85
-10.8059 0000 89.9257 97
-10.7667 0000 89.9274 103
-10.7271 0000 89.9228 96
-10.6873 0000 89.9141 85
-10.6473 0000 89.9032 81
-10.6077 0000 89.8987 85
-10.5669 0000 89.8731 107
-10.5283 0000 89.8853 103
-10.4897 0000 89.8975 106
-10.4510 0000 89.9076 109
-10.4119 0000 89.9114 106
-10.3723 0000 89.9069 105
-10.3329 0000 89.9065 103
-10.2936 0000 89.9061 91
-10.2544 0000 89.9079 76
-10.2154 0000 89.9138 83
-10.1762 0000 89.9155 156
-10.1369 0000 89.9172 229
-10.0975 0000 89.9147 214
-10.0575 0000 89.9039 192
-10.0177 0000 89.8951 182
-9.9787 0000 89.9010 132
-9.9401 0000 89.9132 100
-9.9023 0000 89.9401 99
-9.8636 0000 89.9523 112
-9.8268 0000 89.9981 119
-9.7880 0000 90.0082 115
-9.7488 0000 90.0120 116
-9.7096 0000 90.0137 112
-9.6699 0000 90.0070 101
-9.6290 0000 89.9794 100
-9.5893 0000 89.9727 115
-9.5499 0000 89.9703 164
-9.5104 0000 89.9678 214
-9.4711 0000 89.9674 227
-9.4317 0000 89.9670 200
-9.3924 0000 89.9687 147
-9.3545 0000 89.9956 117
-9.3155 0000 90.0015 120
-9.2762 0000 90.0032 120
-9.2373 0000 90.0113 131
-9.1990 0000 90.0319 148
-9.1596 0000 90.0315 123
-9.1200 0000 90.0269 94
-9.0810 0000 90.0328 102
-9.0415 0000 90.0303 139
-9.0015 0000 90.0173 161
-8.9607 0000 89.9876 147
-8.9211 0000 89.9830 140
-8.8820 0000 89.9868 124
-8.8429 0000 89.9927 108
-8.8052 0000 90.0259 110
-8.7662 0000 90.0339 108
-8.7269 0000 90.0335 111
-8.6876 0000 90.0353 135
-8.6492 0000 90.0559 155
-8.6104 0000 90.0681 162
-8.5723 0000 90.0929 176
-8.5336 0000 90.1072 168
-8.4942 0000 90.1068 166
-8.4551 0000 90.1127 157
-8.4157 0000 90.1123 166
-8.3759 0000 90.1036 201
-8.3362 0000 90.0969 234
-8.2969 0000 90.0965 265
-8.2567 0000 90.0793 282
-8.2165 0000 90.0600 334
-8.1767 0000 90.0512 340
-8.1377 0000 90.0593 370
-8.0989 0000 90.0715 420
-8.0604 0000 90.0921 444
-8.0212 0000 90.0938 403
-7.9818 0000 90.0934 309
-7.9426 0000 90.0972 221
-7.9034 0000 90.1011 169
-7.8643 0000 90.1091 163
-7.8254 0000 90.1192 179
-7.7862 0000 90.1230 171
-7.7475 0000 90.1394 163
-7.7085 0000 90.1475 168
-7.6692 0000 90.1492 195
-7.6291 0000 90.1341 204
-7.5896 0000 90.1295 234
-7.5499 0000 90.1228 229
-7.5104 0000 90.1203 185
-7.4714 0000 90.1284 157
-7.4331 0000 90.1553 179
-7.3944 0000 90.1738 183
-7.3550 0000 90.1735 205
-7.3155 0000 90.1710 204
-7.2762 0000 90.1727 183
-7.2361 0000 90.1534 176
-7.1963 0000 90.1446 152
-7.1568 0000 90.1401 127
-7.1174 0000 90.1397 118
-7.0780 0000 90.1414 122
-7.0385 0000 90.1368 119
-6.9989 0000 90.1323 104
-6.9593 0000 90.1277 100
-6.9185 0000 90.0895 113
-6.8790 0000 90.0870 115
-6.8396 0000 90.0846 109
-6.8000 0000 90.0800 113
-6.7602 0000 90.0691 125
-6.7198 0000 90.0394 133
-6.6798 0000 90.0222 155
-6.6400 0000 90.0092 179
-6.6001 0000 89.9942 187
-6.5613 0000 90.0106 205
-6.5225 0000 90.0270 178
-6.4837 0000 90.0435 154
-6.4450 0000 90.0620 206
-6.4057 0000 90.0637 267
-6.3669 0000 90.0823 267
-6.3278 0000 90.0903 318
-6.2885 0000 90.0942 353
-6.2492 0000 90.0959 327
-6.2097 0000 90.0913 280
-6.1700 0000 90.0826 243
-6.1308 0000 90.0885 237
-6.0916 0000 90.0945 220
-6.0518 0000 90.0815 180
-6.0123 0000 90.0790 122
-5.9729 0000 90.0766 106
-5.9333 0000 90.0699 121
-5.8937 0000 90.0654 125
-5.8543 0000 90.0629 102
-5.8151 0000 90.0710 99
-5.7764 0000 90.0937 103
-5.7367 0000 90.0829 104
-5.6973 0000 90.0825 91
-5.6577 0000 90.0759 91
-5.6152 0000 89.9726 96
-5.5753 0000 89.9513 113
-5.5364 0000 89.9698 104
-5.5010 0000 90.1039 98
-5.4623 0000 90.1308 96
-5.4232 0000 90.1410 80
-5.3845 0000 90.1638 69
-5.3450 0000 90.1613 56
-5.3055 0000 90.1589 61
-5.2655 0000 90.1375 101
-5.2261 0000 90.1372 183
-5.1866 0000 90.1347 231
-5.1470 0000 90.1281 209
-5.1068 0000 90.0983 161
-5.0666 0000 90.0685 162
-5.0261 0000 90.0283 175
-4.9867 0000 90.0279 179
-4.9475 0000 90.0339 186
-4.9082 0000 90.0377 190
-4.8697 0000 90.0710 186
-4.8304 0000 90.0770 184
-4.7914 0000 90.0913 193
-4.7525 0000 90.1141 235
-4.7138 0000 90.1432 252
-4.6740 0000 90.1260 228
-4.6339 0000 90.0984 175
-4.5941 0000 90.0833 192
-4.5547 0000 90.0809 220
-4.5154 0000 90.0847 217
-4.4762 0000 90.0949 193
-4.4378 0000 90.1408 163
-4.3987 0000 90.1531 125
-4.3597 0000 90.1738 100
-4.3203 0000 90.1755 95
-4.2810 0000 90.1794 122
-4.2416 0000 90.1812 161
-4.2020 0000 90.1766 177
-4.1626 0000 90.1763 159
-4.1231 0000 90.1759 139
-4.0832 0000 90.1524 113
-4.0433 0000 90.1269 110
-4.0039 0000 90.1265 116
-3.9645 0000 90.1283 129
-3.9250 0000 90.1258 165
-3.8855 0000 90.1213 251
-3.8461 0000 90.1210 325
-3.8070 0000 90.1395 284
-3.7679 0000 90.1560 234
-3.7285 0000 90.1620 169
-3.6892 0000 90.1680 123
-3.6504 0000 90.2013 132
-3.6116 0000 90.2410 153
-3.5722 0000 90.2448 156
-3.5329 0000 90.2508 151
-3.4938 0000 90.2757 127
-3.4545 0000 90.2838 109
-3.4155 0000 90.3109 104
-3.3760 0000 90.3127 96
-3.3364 0000 90.3039 100
-3.2969 0000 90.2972 114
-3.2574 0000 90.2969 114
-3.2179 0000 90.2987 100
-3.1784 0000 90.2941 91
-3.1386 0000 90.2748 101
-3.0992 0000 90.2787 107
-3.0600 0000 90.2973 97
-3.0203 0000 90.2759 90
-2.9807 0000 90.2692 98
-2.9409 0000 90.2478 113
-2.9010 0000 90.2117 130
-2.8613 0000 90.1945 173
-2.8218 0000 90.1921 196
-2.7825 0000 90.1981 200
-2.7430 0000 90.1935 172
-2.7034 0000 90.1805 152
-2.6640 0000 90.1844 161
-2.6245 0000 90.1820 164
-2.5850 0000 90.1753 134
-2.5454 0000 90.1645 113
-2.5059 0000 90.1641 93
-2.4666 0000 90.1743 74
-2.4275 0000 90.2056 91
-2.3879 0000 90.1926 107
-2.3484 0000 90.1880 121
-2.3089 0000 90.1835 126
-2.2696 0000 90.2000 115
-2.2303 0000 90.2123 108
-2.1910 0000 90.2330 115
-2.1515 0000 90.2285 116
-2.1120 0000 90.2303 113
-2.0726 0000 90.2299 117
-2.0331 0000 90.2296 147
-1.9937 0000 90.2314 182
-1.9543 0000 90.2479 164
-1.9149 0000 90.2497 155
-1.8754 0000 90.2451 148
-1.8359 0000 90.2490 137
-1.7965 0000 90.2613 137
-1.7571 0000 90.2631 152
-1.7176 0000 90.2606 166
-1.6781 0000 90.2603 169
-1.6386 0000 90.2579 184
-1.5992 0000 90.2618 199
-1.5597 0000 90.2677 176
-1.5203 0000 90.2801 162
-1.4809 0000 90.2987 204
-1.4414 0000 90.2773 218
-1.4019 0000 90.2749 265
-1.3624 0000 90.2787 303
-1.3230 0000 90.2890 348
-1.2835 0000 90.3034 289
-1.2441 0000 90.3136 272
-1.2046 0000 90.3217 287
-1.1652 0000 90.3277 308
-1.1257 0000 90.3358 316
-1.0863 0000 90.3587 302
-1.0468 0000 90.3647 305
-1.0073 0000 90.3813 299
-0.9679 0000 90.4105 243
-0.9284 0000 90.4228 224
-0.8889 0000 90.4436 204
-0.8494 0000 90.4517 152
-0.8099 0000 90.4556 122
-0.7703 0000 90.4595 119
-0.7308 0000 90.4634 133
-0.6913 0000 90.4568 154
-0.6518 0000 90.4480 171
-0.6123 0000 90.4477 185
-0.5727 0000 90.4495 184
-0.5332 0000 90.4555 157
-0.4937 0000 90.4573 127
-0.4542 0000 90.4549 113
-0.4146 0000 90.4566 128
-0.3751 0000 90.4627 150
-0.3356 0000 90.4602 148
-0.2961 0000 90.4515 131
-0.2566 0000 90.4554 111
-0.2170 0000 90.4614 97
-0.1775 0000 90.4547 92
-0.1380 0000 90.4502 95
-0.0985 0000 90.4478 106
-0.0591 0000 90.4221 120
-0.0196 0000 90.4028 157
0.0199 0000 90.4088 183
0.0595 0000 90.4232 235
0.0990 0000 90.4293 211
0.1384 0000 90.3994 175
0.1779 0000 90.3948 160
0.2174 0000 90.3882 165
0.2568 0000 90.3773 164
0.2962 0000 90.3580 170
0.3354 0000 90.3155 209
0.3749 0000 90.3152 249
0.4144 0000 90.3170 233
0.4539 0000 90.3187 193
0.4934 0000 90.3142 182
0.5328 0000 90.3076 178
0.5723 0000 90.3030 182
0.6118 0000 90.3048 210
0.6513 0000 90.3045 233
0.6907 0000 90.3000 229
0.7301 0000 90.2912 206
0.7692 0000 90.2403 205
0.8085 0000 90.2231 247
0.8479 0000 90.2207 292
0.8874 0000 90.2246 302
0.9269 0000 90.2264 283
0.9664 0000 90.2261 269
1.0058 0000 90.2215 263
1.0449 0000 90.1833 250
1.0843 0000 90.1788 233
1.1237 0000 90.1721 226
1.1630 0000 90.1655 222
1.2024 0000 90.1589 244
1.2419 0000 90.1607 314
1.2814 0000 90.1667 369
1.3209 0000 90.1748 347
1.3604 0000 90.1808 294
1.3999 0000 90.1783 245
1.4392 0000 90.1717 215
1.4786 0000 90.1651 229
1.5180 0000 90.1627 286
1.5575 0000 90.1666 352
1.5970 0000 90.1726 373
1.6366 0000 90.1849 337
1.6766 0000 90.2225 285
1.7162 0000 90.2327 260
1.7558 0000 90.2408 258
1.7953 0000 90.2426 265
1.8347 0000 90.2402 271
1.8741 0000 90.2399 275
1.9135 0000 90.2353 279
1.9529 0000 90.2287 271
1.9923 0000 90.2263 262
2.0318 0000 90.2281 277
2.0713 0000 90.2299 306
2.1107 0000 90.2296 326
2.1502 0000 90.2292 328
2.1897 0000 90.2310 298
2.2291 0000 90.2328 255
2.2686 0000 90.2346 234
2.3080 0000 90.2301 233
2.3474 0000 90.2277 250
2.3868 0000 90.2253 267
2.4262 0000 90.2207 258
2.4655 0000 90.2162 243
2.5047 0000 90.2012 290
2.5442 0000 90.2051 345
2.5839 0000 90.2195 322
2.6235 0000 90.2255 298
2.6630 0000 90.2273 297
2.7019 0000 90.2017 303
2.7411 0000 90.1888 347
2.7800 0000 90.1653 407
2.8193 0000 90.1587 415
2.8588 0000 90.1584 446
2.8981 0000 90.1559 458
2.9375 0000 90.1535 433
2.9769 0000 90.1532 400
3.0163 0000 90.1529 333
3.0559 0000 90.1589 272
3.0958 0000 90.1797 261
3.1352 0000 90.1794 296
3.1747 0000 90.1833 289
3.2143 0000 90.1914 243
3.2543 0000 90.2163 227
3.2939 0000 90.2223 213
3.3333 0000 90.2199 202
3.3726 0000 90.2175 182
3.4120 0000 90.2151 157
3.4513 0000 90.2106 145
3.4901 0000 90.1850 142
3.5288 0000 90.1532 182
3.5677 0000 90.1360 259
3.6070 0000 90.1294 342
3.6464 0000 90.1291 377
3.6855 0000 90.1162 419
3.7247 0000 90.1117 356
3.7639 0000 90.1009 242
3.8037 0000 90.1195 215
3.8438 0000 90.1444 171
3.8836 0000 90.1588 174
3.9237 0000 90.1838 187
3.9631 0000 90.1835 222
4.0024 0000 90.1790 266
4.0413 0000 90.1618 312
4.0806 0000 90.1594 285
4.1200 0000 90.1570 247
4.1592 0000 90.1525 198
4.1984 0000 90.1438 148
4.2378 0000 90.1456 137
4.2767 0000 90.1285 180
4.3159 0000 90.1219 186
4.3559 0000 90.1426 141
4.3957 0000 90.1549 133
4.4358 0000 90.1799 160
4.4754 0000 90.1859 166
4.5147 0000 90.1835 177
4.5548 0000 90.2043 199
4.5946 0000 90.2187 232
4.6342 0000 90.2226 244
4.6736 0000 90.2244 255
4.7132 0000 90.2283 242
4.7525 0000 90.2259 207
4.7918 0000 90.2235 168
4.8313 0000 90.2253 142
4.8707 0000 90.2250 137
4.9099 0000 90.2205 139
4.9500 0000 90.2392 181
4.9900 0000 90.2578 223
5.0295 0000 90.2596 283
5.0689 0000 90.2615 320
5.1085 0000 90.2654 340
5.1480 0000 90.2693 318
5.1876 0000 90.2732 256
5.2278 0000 90.2982 197
5.2680 0000 90.3190 213
5.3076 0000 90.3250 249
5.3475 0000 90.3373 291
5.3874 0000 90.3497 322
5.4275 0000 90.3684 315
5.4663 0000 90.3533 350
5.5055 0000 90.3467 329
5.5449 0000 90.3443 282
5.5842 0000 90.3419 237
5.6235 0000 90.3374 215
5.6628 0000 90.3350 190
5.7022 0000 90.3347 173
5.7412 0000 90.3239 190
5.7804 0000 90.3173 233
5.8202 0000 90.3275 279
5.8601 0000 90.3399 304
5.8997 0000 90.3438 290
5.9393 0000 90.3477 250
5.9800 0000 90.3812 212
6.0203 0000 90.4041 186
6.0610 0000 90.4354 175
6.1016 0000 90.4647 140
6.1425 0000 90.5003 156
6.1832 0000 90.5317 175
6.2231 0000 90.5420 215
6.2629 0000 90.5501 223
6.3033 0000 90.5710 204
6.3438 0000 90.5960 226
6.3844 0000 90.6232 207
6.4251 0000 90.6526 214
6.4662 0000 90.6904 187
6.5058 0000 90.6922 185
6.5440 0000 90.6623 201
6.5832 0000 90.6557 224
6.6231 0000 90.6638 266
6.6640 0000 90.6953 287
6.7047 0000 90.7247 370
6.7446 0000 90.7328 403
6.7844 0000 90.7389 399
6.8245 0000 90.7513 386
6.8649 0000 90.7722 344
6.9054 0000 90.7932 323
6.9457 0000 90.8098 238
6.9856 0000 90.8180 187
7.0251 0000 90.8178 167
7.0643 0000 90.8111 148
7.1040 0000 90.8130 131
7.1457 0000 90.8615 131
7.1858 0000 90.8718 152
7.2258 0000 90.8821 202
7.2655 0000 90.8861 252
7.3051 0000 90.8858 246
7.3449 0000 90.8919 211
7.3864 0000 90.9319 182
7.4266 0000 90.9444 155
7.4675 0000 90.9739 132
7.5088 0000 91.0097 155
7.5499 0000 91.0392 182
7.5909 0000 91.0687 270
7.6311 0000 91.0812 374
7.6708 0000 91.0830 465
7.7104 0000 91.0828 488
7.7504 0000 91.0910 421
7.7918 0000 91.1269 339
7.8321 0000 91.1415 309
7.8723 0000 91.1519 314
7.9117 0000 91.1474 322
7.9510 0000 91.1429 300
7.9909 0000 91.1469 227
8.0307 0000 91.1508 164
8.0702 0000 91.1484 159
8.1097 0000 91.1461 178
8.1490 0000 91.1415 188
8.1880 0000 91.1285 174
8.2281 0000 91.1389 149
8.2710 0000 91.2004 128
8.3142 0000 91.2683 122
8.3568 0000 91.3235 129
8.3977 0000 91.3467 126
8.4402 0000 91.3998 108
8.4842 0000 91.4807 108
8.5279 0000 91.5532 145
8.5685 0000 91.5700 181
8.6104 0000 91.6104 196
8.6508 0000 91.6230 202
8.6929 0000 91.6656 204
8.7334 0000 91.6803 209
8.7735 0000 91.6865 212
8.8145 0000 91.7098 191
8.8560 0000 91.7395 196
8.8963 0000 91.7500 190
8.9372 0000 91.7712 188
8.9773 0000 91.7773 223
9.0181 0000 91.7942 287
9.0579 0000 91.7961 318
9.0978 0000 91.7980 322
9.1375 0000 91.7977 316
9.1772 0000 91.7975 305
9.2172 0000 91.8015 258
9.2573 0000 91.8077 201
9.2971 0000 91.8074 162
9.3372 0000 91.8136 145
9.3785 0000 91.8391 149
9.4182 0000 91.8388 188
9.4581 0000 91.8407 206
9.4990 0000 91.8598 187
9.5391 0000 91.8660 172
9.5785 0000 91.8593 224
9.6182 0000 91.8590 261
9.6583 0000 91.8652 270
9.6983 0000 91.8692 280
9.7386 0000 91.8776 261
9.7813 0000 91.9245 232
9.8230 0000 91.9565 210
9.8648 0000 91.9885 166
9.9063 0000 92.0162 152
9.9464 0000 92.0202 139
9.9865 0000 92.0264 142
10.0274 0000 92.0434 175
10.0658 0000 92.0216 175
10.1050 0000 92.0128 193
10.1447 0000 92.0103 219
10.1847 0000 92.0144 247
10.2273 0000 92.0572 269
10.2688 0000 92.0849 305
10.3111 0000 92.1234 336
10.3523 0000 92.1446 399
10.3924 0000 92.1487 379
10.4326 0000 92.1549 346
10.4733 0000 92.1676 336
10.5155 0000 92.2040 322
10.5559 0000 92.2123 287
10.5963 0000 92.2207 240
10.6375 0000 92.2420 181
10.6797 0000 92.2762 168
10.7219 0000 92.3127 164
10.7651 0000 92.3621 181
10.8051 0000 92.3640 198
10.8435 0000 92.3421 189
10.8826 0000 92.3311 192
10.9181 0000 92.2683 237
10.9577 0000 92.2637 271
10.9982 0000 92.2742 283
11.0391 0000 92.2891 264
11.0796 0000 92.2996 225
11.1222 0000 92.3382 191
11.1632 0000 92.3552 179
11.2064 0000 92.4025 186
11.2473 0000 92.4174 191
11.2877 0000 92.4258 171
11.3291 0000 92.4471 162
11.3690 0000 92.4469 144
11.4091 0000 92.4510 145
11.4495 0000 92.4572 155
11.4898 0000 92.4634 148
11.5315 0000 92.4891 141
11.5718 0000 92.4954 162
11.6131 0000 92.5146 198
11.6542 0000 92.5317 189
11.6946 0000 92.5379 199
11.7347 0000 92.5420 222
11.7749 0000 92.5461 223
11.8151 0000 92.5502 205
11.8553 0000 92.5543 184
11.8961 0000 92.5670 171
11.9381 0000 92.5949 197
11.9793 0000 92.6120 184
12.0190 0000 92.6096 182
12.0589 0000 92.6094 193
12.0992 0000 92.6156 213
12.1399 0000 92.6262 229
12.1805 0000 92.6347 237
12.2202 0000 92.6323 237
12.2602 0000 92.6342 213
12.3014 0000 92.6513 202
12.3413 0000 92.6511 199
12.3813 0000 92.6530 203
12.4215 0000 92.6571 190
12.4631 0000 92.6785 152
12.5033 0000 92.6826 131
12.5432 0000 92.6824 139
12.5834 0000 92.6865 154
12.6226 0000 92.6776 158
12.6582 0000 92.6232 196
12.6977 0000 92.6187 249
12.7376 0000 92.6184 269
12.7773 0000 92.6161 270
12.8178 0000 92.6245 252
12.8599 0000 92.6524 230
12.9008 0000 92.6652 200
12.9404 0000 92.6606 188
12.9799 0000 92.6561 171
13.0201 0000 92.6602 161
13.0599 0000 92.6599 156
13.0993 0000 92.6532 140
13.1384 0000 92.6443 128
13.1781 0000 92.6419 130
13.2186 0000 92.6504 138
13.2592 0000 92.6588 155
13.2989 0000 92.6564 172
13.3385 0000 92.6540 190
13.3787 0000 92.6581 208
13.4191 0000 92.6644 211
13.4588 0000 92.6620 191
13.4957 0000 92.6272 163
13.5350 0000 92.6204 180
13.5752 0000 92.6245 224
13.6154 0000 92.6286 254
13.6549 0000 92.6241 233
13.6921 0000 92.5936 220
13.7307 0000 92.5782 195
13.7686 0000 92.5563 178
13.8081 0000 92.5518 214
13.8475 0000 92.5472 221
13.8851 0000 92.5211 181
13.9213 0000 92.4798 116
13.9578 0000 92.4407 114
13.9946 0000 92.4059 110
14.0332 0000 92.3927 119
14.0730 0000 92.3925 139
14.1125 0000 92.3901 168
14.1525 0000 92.3920 176
14.1926 0000 92.3961 164
14.2318 0000 92.3894 144
14.2691 0000 92.3612 130
14.3054 0000 92.3221 125
14.3441 0000 92.3111 157
14.3843 0000 92.3152 180
14.4244 0000 92.3193 196
14.4610 0000 92.2845 211
14.5004 0000 92.2800 188
14.5422 0000 92.3035 155
14.5839 0000 92.3248 120
14.6218 0000 92.3052 120
14.6612 0000 92.3006 116
14.7005 0000 92.2961 126
14.7398 0000 92.2916 138
14.7774 0000 92.2676 133
14.8143 0000 92.2372 154
14.8534 0000 92.2305 167
14.8915 0000 92.2131 156
14.9306 0000 92.2064 151
14.9691 0000 92.1932 129
15.0060 0000 92.1628 117
15.0454 0000 92.1605 102
15.0823 0000 92.1301 93
15.1212 0000 92.1213 102
15.1584 0000 92.0952 114
15.1979 0000 92.0928 119
15.2371 0000 92.0883 120
15.2761 0000 92.0816 118
15.3137 0000 92.0599 116
15.3536 0000 92.0618 136
15.3932 0000 92.0615 163
15.4326 0000 92.0591 179
15.4716 0000 92.0524 186
15.5111 0000 92.0501 205
15.5507 0000 92.0498 221
15.5905 0000 92.0517 215
15.6299 0000 92.0493 199
15.6697 0000 92.0512 167
15.7098 0000 92.0553 138
15.7492 0000 92.0529 128
15.7886 0000 92.0505 139
15.8274 0000 92.0417 164
15.8663 0000 92.0350 164
15.9059 0000 92.0347 157
15.9453 0000 92.0323 168
15.9847 0000 92.0299 169
16.0245 0000 92.0318 154
16.0622 0000 92.0123 152
16.1012 0000 92.0056 146
16.1391 0000 91.9881 140
16.1791 0000 91.9922 150
16.2191 0000 91.9962 161
16.2587 0000 91.9960 164
16.2980 0000 91.9936 155
16.3367 0000 91.9848 150
16.3759 0000 91.9802 156
16.4154 0000 91.9800 164
16.4541 0000 91.9711 169
16.4911 0000 91.9451 170
16.5324 0000 91.9620 202
16.5722 0000 91.9639 208
16.6124 0000 91.9701 201
16.6532 0000 91.9828 190
16.6932 0000 91.9868 169
16.7321 0000 91.9801 141
16.7717 0000 91.9799 123
16.8119 0000 91.9860 121
16.8514 0000 91.9858 123
16.8914 0000 91.9898 136
16.9314 0000 91.9939 155
16.9714 0000 91.9979 170
17.0134 0000 92.0213 197
17.0552 0000 92.0425 170
17.0956 0000 92.0508 137
17.1352 0000 92.0506 103
17.1745 0000 92.0482 82
17.2111 0000 92.0200 71
17.2500 0000 92.0133 59
17.2852 0000 91.9723 52
17.3245 0000 91.9699 57
17.3643 0000 91.9718 74
17.4040 0000 91.9737 84
17.4463 0000 91.9992 88
17.4895 0000 92.0332 84
17.5329 0000 92.0695 85
17.5786 0000 92.1272 91
17.6191 0000 92.1356 95
17.6647 0000 92.1912 100
17.7047 0000 92.1953 111
17.7442 0000 92.1950 119
17.7866 0000 92.2206 105
17.8266 0000 92.2246 92
17.8634 0000 92.1985 92
17.9029 0000 92.1983 92
17.9424 0000 92.1980 101
17.9787 0000 92.1677 114
18.0178 0000 92.1631 132
18.0575 0000 92.1650 136
18.0973 0000 92.1669 137
18.1368 0000 92.1666 143
18.1768 0000 92.1707 147
18.2168 0000 92.1747 153
18.2571 0000 92.1809 172
18.2976 0000 92.1892 171
18.3395 0000 92.2105 171
18.3812 0000 92.2296 155
18.4181 0000 92.2056 167
18.4600 0000 92.2269 226
18.5007 0000 92.2374 276
18.5405 0000 92.2393 318
18.5800 0000 92.2390 336
18.6193 0000 92.2366 317
18.6591 0000 92.2385 270
18.6993 0000 92.2447 224
18.7435 0000 92.2853 205
18.7835 0000 92.2893 212
18.8196 0000 92.2589 215
18.8603 0000 92.2694 199
18.9001 0000 92.2713 158
18.9431 0000 92.3012 132
18.9863 0000 92.3332 142
19.0296 0000 92.3653 140
19.0694 0000 92.3671 149
19.1062 0000 92.3432 156
19.1447 0000 92.3343 185
19.1834 0000 92.3276 229
19.2225 0000 92.3230 278
19.2600 0000 92.3055 338
19.3015 0000 92.3225 309
19.3423 0000 92.3330 266
19.3840 0000 92.3521 226
19.4241 0000 92.3562 180
19.4643 0000 92.3624 141
19.5107 0000 92.4203 122
19.5518 0000 92.4329 126
19.5975 0000 92.4844 141
19.6383 0000 92.4949 174
19.6809 0000 92.5205 208
19.7215 0000 92.5289 240
19.7620 0000 92.5373 249
19.8024 0000 92.5435 245
19.8468 0000 92.5842 234
19.8877 0000 92.5948 210
19.9280 0000 92.6010 178
19.9673 0000 92.5986 154
20.0034 0000 92.5703 167
20.0427 0000 92.5678 183
20.0838 0000 92.5805 189
20.1289 0000 92.6256 187
20.1698 0000 92.6362 185
20.2104 0000 92.6445 182
20.2507 0000 92.6508 172
20.2953 0000 92.6916 167
20.3365 0000 92.7043 158
20.3781 0000 92.7213 146
20.4209 0000 92.7471 156
20.4634 0000 92.7706 151
20.5043 0000 92.7812 165
20.5447 0000 92.7874 167
20.5846 0000 92.7893 169
20.6241 0000 92.7891 184
20.6642 0000 92.7932 189
20.7090 0000 92.8341 188
20.7499 0000 92.8447 193
20.7900 0000 92.8487 196
20.8307 0000 92.8572 195
20.8757 0000 92.9003 178
20.9167 0000 92.9109 157
20.9571 0000 92.9171 147
20.9964 0000 92.9147 152
21.0354 0000 92.9102 160
21.0753 0000 92.9121 162
21.1157 0000 92.9184 168
21.1561 0000 92.9246 184
21.1957 0000 92.9244 188
21.2355 0000 92.9263 183
21.2779 0000 92.9478 174
21.3152 0000 92.9302 187
21.3537 0000 92.9213 188
21.3927 0000 92.9168 189
21.4325 0000 92.9187 181
21.4732 0000 92.9272 168
21.5156 0000 92.9486 161
21.5588 0000 92.9766 122
21.5996 0000 92.9851 106
21.6391 0000 92.9849 109
21.6778 0000 92.9782 127
21.7177 0000 92.9801 154
21.7578 0000 92.9843 187
21.7982 0000 92.9906 211
21.8410 0000 93.0142 194
21.8834 0000 93.0357 206
21.9207 0000 93.0182 200
21.9579 0000 93.0006 229
22.0015 0000 93.0308 249
22.0417 0000 93.0349 258
22.0812 0000 93.0347 234
22.1205 0000 93.0324 199
22.1600 0000 93.0322 166
22.1978 0000 93.0190 148
22.2374 0000 93.0188 124
22.2766 0000 93.0164 113
22.3159 0000 93.0141 127
22.3551 0000 93.0117 154
22.3944 0000 93.0094 159
22.4342 0000 93.0114 144
22.4749 0000 93.0199 160
22.5148 0000 93.0219 194
22.5564 0000 93.0369 161
22.5959 0000 93.0367 135
22.6354 0000 93.0366 139
22.6759 0000 93.0429 148
22.7163 0000 93.0493 142
22.7561 0000 93.0513 132
22.7950 0000 93.0468 129
22.8334 0000 93.0379 124
22.8729 0000 93.0378 125
22.9121 0000 93.0354 141
22.9513 0000 93.0331 163
22.9911 0000 93.0351 189
23.0276 0000 93.0133 199
23.0662 0000 93.0066 197
23.1054 0000 93.0043 192
23.1452 0000 93.0064 208
23.1850 0000 93.0084 211
23.2223 0000 92.9931 210
23.2612 0000 92.9886 216
23.3032 0000 93.0058 219
23.3463 0000 93.0317 234
23.3864 0000 93.0359 205
23.4253 0000 93.0314 170
23.4596 0000 92.9945 156
23.5018 0000 93.0138 184
23.5388 0000 92.9964 186
23.5768 0000 92.9854 184
23.6150 0000 92.9766 188
23.6545 0000 92.9765 206
23.6921 0000 92.9634 204
23.7256 0000 92.9221 198
23.7642 0000 92.9155 208
23.8027 0000 92.9089 218
23.8418 0000 92.9067 201
23.8806 0000 92.9022 181
23.9198 0000 92.9000 184
23.9586 0000 92.8955 185
23.9949 0000 92.8738 188
24.0306 0000 92.8477 171
24.0678 0000 92.8325 184
24.1060 0000 92.8238 191
24.1448 0000 92.8194 192
24.1836 0000 92.8150 199
24.2230 0000 92.8149 221
24.2631 0000 92.8191 242
24.3028 0000 92.8212 226
24.3416 0000 92.8168 184
24.3747 0000 92.7735 157
24.4131 0000 92.7670 149
24.4519 0000 92.7626 152
24.4862 0000 92.7280 144
24.5208 0000 92.6955 145
24.5589 0000 92.6868 139
24.5971 0000 92.6782 135
24.6332 0000 92.6565 126
24.6685 0000 92.6285 95
24.7037 0000 92.6004 93
24.7414 0000 92.5896 92
24.7766 0000 92.5615 93
24.8150 0000 92.5550 104
24.8502 0000 92.5270 123
24.8854 0000 92.4990 125
24.9244 0000 92.4968 132
24.9641 0000 92.4989 139
25.0028 0000 92.4946 145
25.0402 0000 92.4816 124
25.0714 0000 92.4279 100
25.1085 0000 92.4128 97
25.1429 0000 92.3806 106
25.1784 0000 92.3548 97
25.2174 0000 92.3526 93
