wt=150966614, DLLFiFo=0
-25.1204 0000 88.8460 102
-25.0817 0000 88.8453 121
-25.0433 0000 88.8467 146
-25.0058 0000 88.8542 157
-24.9679 0000 88.8597 153
-24.9292 0000 88.8590 145
-24.8908 0000 88.8604 128
-24.8559 0000 88.8865 121
-24.8193 0000 88.9002 120
-24.7865 0000 88.9407 126
-24.7480 0000 88.9421 125
-24.7066 0000 88.9229 108
-24.6706 0000 88.9407 96
-24.6324 0000 88.9442 77
-24.6022 0000 89.0032 72
-24.5640 0000 89.0067 86
-24.5259 0000 89.0101 133
-24.4877 0000 89.0136 177
-24.4495 0000 89.0170 175
-24.4110 0000 89.0184 159
-24.3752 0000 89.0384 161
-24.3376 0000 89.0460 183
-24.2997 0000 89.0515 191
-24.2609 0000 89.0508 205
-24.2239 0000 89.0626 229
-24.1880 0000 89.0825 176
-24.1507 0000 89.0922 145
-24.1133 0000 89.1018 131
-24.0791 0000 89.1342 135
-24.0409 0000 89.1377 148
-24.0021 0000 89.1370 168
-23.9633 0000 89.1364 184
-23.9222 0000 89.1192 181
-23.8834 0000 89.1186 180
-23.8469 0000 89.1344 182
-23.8089 0000 89.1400 175
-23.7738 0000 89.1662 154
-23.7384 0000 89.1904 155
-23.7008 0000 89.1980 168
-23.6631 0000 89.2056 210
-23.6242 0000 89.2050 236
-23.5840 0000 89.1940 258
-23.5443 0000 89.1872 288
-23.5038 0000 89.1742 239
-23.4686 0000 89.2004 188
-23.4321 0000 89.2163 161
-23.4047 0000 89.3005 139
-23.3712 0000 89.3393 136
-23.3326 0000 89.3407 130
-23.2932 0000 89.3360 122
-23.2543 0000 89.3354 120
-23.2155 0000 89.3348 116
-23.1763 0000 89.3321 114
-23.1366 0000 89.3253 119
-23.0941 0000 89.2977 131
-23.0528 0000 89.2785 115
-23.0136 0000 89.2758 109
-22.9723 0000 89.2566 124
-22.9334 0000 89.2560 133
-22.8945 0000 89.2555 126
-22.8559 0000 89.2569 119
-22.8182 0000 89.2646 156
-22.7815 0000 89.2806 204
-22.7429 0000 89.2821 238
-22.7037 0000 89.2795 230
-22.6646 0000 89.2768 209
-22.6260 0000 89.2783 201
-22.5871 0000 89.2778 208
-22.5482 0000 89.2772 192
-22.5120 0000 89.2974 156
-22.4756 0000 89.3155 158
-22.4345 0000 89.2984 176
-22.3945 0000 89.2895 225
-22.3529 0000 89.2683 284
-22.3119 0000 89.2512 324
-22.2709 0000 89.2341 317
-22.2317 0000 89.2315 222
-22.1923 0000 89.2268 135
-22.1518 0000 89.2139 88
-22.1092 0000 89.1844 80
-22.0679 0000 89.1652 82
-22.0325 0000 89.1916 137
-21.9944 0000 89.1973 175
-21.9550 0000 89.1927 154
-21.9137 0000 89.1735 111
-21.8743 0000 89.1689 92
-21.8349 0000 89.1642 90
-21.7991 0000 89.1886 77
-21.7607 0000 89.1922 86
-21.7232 0000 89.2020 110
-21.6871 0000 89.2243 108
-21.6487 0000 89.2280 96
-21.6098 0000 89.2275 94
-21.5686 0000 89.2084 97
-21.5273 0000 89.1893 112
-21.4882 0000 89.1867 107
-21.4495 0000 89.1883 105
-21.4124 0000 89.2023 121
-21.3709 0000 89.1811 115
-21.3300 0000 89.1641 149
-21.2900 0000 89.1554 191
-21.2509 0000 89.1528 193
-21.2104 0000 89.1400 151
-21.1731 0000 89.1519 147
-21.1339 0000 89.1494 132
-21.0899 0000 89.1075 120
-21.0442 0000 89.0513 138
-21.0058 0000 89.0550 136
-20.9710 0000 89.0876 120
-20.9368 0000 89.1264 98
-20.9047 0000 89.1818 110
-20.8660 0000 89.1834 140
-20.8256 0000 89.1706 178
-20.7812 0000 89.1246 227
-20.7388 0000 89.0952 295
-20.7034 0000 89.1237 255
-20.6659 0000 89.1357 225
-20.6275 0000 89.1394 210
-20.5908 0000 89.1576 208
-20.5521 0000 89.1592 193
-20.5125 0000 89.1525 194
-20.4716 0000 89.1356 173
-20.4349 0000 89.1537 177
-20.3972 0000 89.1637 183
-20.3585 0000 89.1653 206
-20.3195 0000 89.1649 208
-20.2770 0000 89.1334 161
-20.2366 0000 89.1206 122
-20.1979 0000 89.1222 121
-20.1611 0000 89.1404 150
-20.1200 0000 89.1214 150
-20.0804 0000 89.1147 150
-20.0410 0000 89.1102 140
-20.0023 0000 89.1118 138
-19.9641 0000 89.1176 153
-19.9268 0000 89.1317 177
-19.8879 0000 89.1312 162
-19.8521 0000 89.1577 134
-19.8176 0000 89.1966 118
-19.7804 0000 89.2107 147
-19.7371 0000 89.1730 197
-19.6984 0000 89.1747 192
-19.6581 0000 89.1618 169
-19.6182 0000 89.1531 164
-19.5795 0000 89.1548 146
-19.5422 0000 89.1689 150
-19.5049 0000 89.1830 166
-19.4678 0000 89.1991 181
-19.4274 0000 89.1863 172
-19.3859 0000 89.1631 174
-19.3470 0000 89.1627 200
-19.3083 0000 89.1643 200
-19.2700 0000 89.1701 182
-19.2329 0000 89.1863 184
-19.1971 0000 89.2149 237
-19.1584 0000 89.2165 262
-19.1194 0000 89.2161 276
-19.0800 0000 89.2116 280
-19.0401 0000 89.2029 269
-19.0016 0000 89.2066 257
-18.9652 0000 89.2290 202
-18.9271 0000 89.2369 159
-18.8899 0000 89.2531 150
-18.8503 0000 89.2464 156
-18.8108 0000 89.2419 164
-18.7703 0000 89.2270 157
-18.7293 0000 89.2079 165
-18.6899 0000 89.2033 143
-18.6507 0000 89.2009 130
-18.6121 0000 89.2046 139
-18.5763 0000 89.2332 145
-18.5429 0000 89.2846 152
-18.5043 0000 89.2884 169
-18.4646 0000 89.2817 208
-18.4248 0000 89.2730 250
-18.3842 0000 89.2581 308
-18.3457 0000 89.2618 318
-18.3084 0000 89.2780 273
-18.2703 0000 89.2859 243
-18.2341 0000 89.3125 247
-18.1980 0000 89.3390 237
-18.1598 0000 89.3469 251
-18.1217 0000 89.3548 271
-18.0831 0000 89.3585 296
-18.0436 0000 89.3540 304
-18.0041 0000 89.3494 299
-17.9645 0000 89.3428 282
-17.9235 0000 89.3237 277
-17.8845 0000 89.3232 244
-17.8459 0000 89.3270 198
-17.8126 0000 89.3826 164
-17.7787 0000 89.4321 186
-17.7379 0000 89.4150 228
-17.6987 0000 89.4125 259
-17.6598 0000 89.4142 240
-17.6250 0000 89.4553 211
-17.5868 0000 89.4632 224
-17.5484 0000 89.4690 270
-17.5099 0000 89.4748 291
-17.4713 0000 89.4786 276
-17.4326 0000 89.4823 247
-17.3942 0000 89.4881 234
-17.3567 0000 89.5043 224
-17.3201 0000 89.5288 240
-17.2827 0000 89.5451 213
-17.2469 0000 89.5779 159
-17.2109 0000 89.6087 138
-17.1766 0000 89.6562 135
-17.1374 0000 89.6558 158
-17.0993 0000 89.6658 191
-17.0612 0000 89.6758 208
-17.0239 0000 89.6941 209
-16.9852 0000 89.6978 225
-16.9471 0000 89.7078 229
-16.9075 0000 89.7032 226
-16.8682 0000 89.7007 214
-16.8314 0000 89.7253 204
-16.7933 0000 89.7352 174
-16.7547 0000 89.7411 135
-16.7184 0000 89.7698 108
-16.6887 0000 89.8675 108
-16.6507 0000 89.8796 142
-16.6131 0000 89.8959 173
-16.5739 0000 89.8955 157
-16.5345 0000 89.8929 144
-16.4939 0000 89.8779 158
-16.4517 0000 89.8461 169
-16.4092 0000 89.8101 186
-16.3710 0000 89.8201 185
-16.3359 0000 89.8635 158
-16.2975 0000 89.8714 133
-16.2608 0000 89.8982 133
-16.2226 0000 89.9082 157
-16.1859 0000 89.9349 182
-16.1513 0000 89.9847 192
-16.1150 0000 90.0157 199
-16.0802 0000 90.0634 191
-16.0407 0000 90.0608 164
-15.9994 0000 90.0374 162
-15.9603 0000 90.0390 171
-15.9214 0000 90.0427 206
-15.8822 0000 90.0423 241
-15.8450 0000 90.0649 253
-15.8099 0000 90.1106 313
-15.7728 0000 90.1332 366
-15.7373 0000 90.1747 365
-15.6985 0000 90.1806 306
-15.6596 0000 90.1843 253
-15.6198 0000 90.1776 234
-15.5827 0000 90.2023 162
-15.5473 0000 90.2460 151
-15.5132 0000 90.3044 161
-15.4750 0000 90.3165 172
-15.4392 0000 90.3560 203
-15.4004 0000 90.3619 229
-15.3618 0000 90.3699 221
-15.3247 0000 90.3947 196
-15.2883 0000 90.4279 223
-15.2513 0000 90.4549 214
-15.2150 0000 90.4903 233
-15.1789 0000 90.5278 202
-15.1406 0000 90.5400 193
-15.1043 0000 90.5754 197
-15.0649 0000 90.5750 199
-15.0253 0000 90.5724 193
-14.9866 0000 90.5804 181
-14.9487 0000 90.5969 173
-14.9119 0000 90.6281 188
-14.8747 0000 90.6530 174
-14.8358 0000 90.6589 186
-14.7967 0000 90.6627 224
-14.7578 0000 90.6686 247
-14.7183 0000 90.6682 219
-14.6803 0000 90.6847 199
-14.6433 0000 90.7138 163
-14.6068 0000 90.7493 153
-14.5684 0000 90.7616 145
-14.5295 0000 90.7675 141
-14.4922 0000 90.7946 145
-14.4535 0000 90.8026 154
-14.4141 0000 90.8043 181
-14.3760 0000 90.8208 188
-14.3370 0000 90.8268 208
-14.2977 0000 90.8285 226
-14.2582 0000 90.8280 238
-14.2189 0000 90.8297 228
-14.1794 0000 90.8293 198
-14.1400 0000 90.8310 151
-14.1041 0000 90.8751 119
-14.0678 0000 90.9149 114
-14.0313 0000 90.9526 174
-13.9917 0000 90.9522 262
-13.9519 0000 90.9476 324
-13.9113 0000 90.9344 304
-13.8716 0000 90.9319 280
-13.8322 0000 90.9336 257
-13.7937 0000 90.9459 247
-13.7540 0000 90.9434 257
-13.7144 0000 90.9430 243
-13.6751 0000 90.9447 214
-13.6368 0000 90.9612 196
-13.5937 0000 90.9142 175
-13.5485 0000 90.8396 186
-13.5054 0000 90.7926 191
-13.4634 0000 90.7604 199
-13.4243 0000 90.7642 171
-13.3852 0000 90.7702 146
-13.3505 0000 90.8333 139
-13.3130 0000 90.8604 140
-13.2775 0000 90.9130 136
-13.2384 0000 90.9189 139
-13.1993 0000 90.9249 151
-13.1631 0000 90.9690 178
-13.1243 0000 90.9792 242
-13.0852 0000 90.9852 346
-13.0458 0000 90.9869 450
-13.0062 0000 90.9865 476
-12.9665 0000 90.9839 420
-12.9280 0000 90.9984 326
-12.8887 0000 91.0022 270
-12.8496 0000 91.0082 235
-12.8109 0000 91.0205 272
-12.7710 0000 91.0159 306
-12.7304 0000 91.0006 267
-12.6920 0000 91.0172 234
-12.6529 0000 91.0232 187
-12.6140 0000 91.0334 150
-12.5737 0000 91.0224 134
-12.5340 0000 91.0198 114
-12.4942 0000 91.0173 101
-12.4543 0000 91.0127 106
-12.4155 0000 91.0229 126
-12.3790 0000 91.0671 154
-12.3397 0000 91.0709 175
-12.2999 0000 91.0684 177
-12.2602 0000 91.0659 151
-12.2207 0000 91.0676 128
-12.1811 0000 91.0672 134
-12.1415 0000 91.0668 145
-12.1022 0000 91.0707 131
-12.0630 0000 91.0767 113
-12.0240 0000 91.0848 129
-11.9871 0000 91.1247 174
-11.9465 0000 91.1095 199
-11.9065 0000 91.1027 231
-11.8666 0000 91.0981 244
-11.8272 0000 91.1019 240
-11.7880 0000 91.1079 227
-11.7479 0000 91.0990 204
-11.7077 0000 91.0901 183
-11.6688 0000 91.1004 165
-11.6297 0000 91.1085 156
-11.5898 0000 91.1038 145
-11.5502 0000 91.1034 132
-11.5121 0000 91.1264 142
-11.4711 0000 91.1048 142
-11.4314 0000 91.1023 159
-11.3918 0000 91.1019 186
-11.3522 0000 91.1015 205
-11.3124 0000 91.0990 203
-11.2721 0000 91.0880 214
-11.2320 0000 91.0791 231
-11.1913 0000 91.0617 234
-11.1513 0000 91.0550 205
-11.1113 0000 91.0482 201
-11.0708 0000 91.0330 197
-11.0313 0000 91.0347 211
-10.9939 0000 91.0704 221
-10.9549 0000 91.0785 232
-10.9155 0000 91.0824 231
-10.8760 0000 91.0841 232
-10.8362 0000 91.0795 249
-10.7960 0000 91.0706 247
-10.7550 0000 91.0469 245
-10.7152 0000 91.0423 215
-10.6751 0000 91.0334 211
-10.6342 0000 91.0118 207
-10.5945 0000 91.0093 213
-10.5549 0000 91.0089 221
-10.5153 0000 91.0085 244
-10.4748 0000 90.9933 266
-10.4359 0000 91.0035 211
-10.3953 0000 90.9861 242
-10.3557 0000 90.9858 265
-10.3175 0000 91.0087 257
-10.2781 0000 91.0126 286
-10.2386 0000 91.0143 308
-10.1992 0000 91.0161 318
-10.1600 0000 91.0242 349
-10.1216 0000 91.0450 350
-10.0823 0000 91.0489 339
-10.0422 0000 91.0400 330
-10.0013 0000 91.0163 365
-9.9616 0000 91.0138 362
-9.9221 0000 91.0155 355
-9.8823 0000 91.0109 327
-9.8424 0000 91.0063 268
-9.8031 0000 91.0101 208
-9.7635 0000 91.0097 173
-9.7239 0000 91.0094 160
-9.6846 0000 91.0153 158
-9.6447 0000 91.0086 183
-9.6045 0000 90.9976 258
-9.5645 0000 90.9887 350
-9.5247 0000 90.9841 388
-9.4844 0000 90.9710 319
-9.4440 0000 90.9536 273
-9.4043 0000 90.9511 204
-9.3647 0000 90.9507 155
-9.3261 0000 90.9694 133
-9.2855 0000 90.9500 160
-9.2458 0000 90.9475 184
-9.2060 0000 90.9428 189
-9.1665 0000 90.9424 175
-9.1270 0000 90.9442 153
-9.0886 0000 90.9671 150
-9.0498 0000 90.9837 168
-9.0099 0000 90.9770 213
-8.9706 0000 90.9808 211
-8.9313 0000 90.9868 186
-8.8918 0000 90.9885 164
-8.8519 0000 90.9818 180
-8.8111 0000 90.9559 284
-8.7710 0000 90.9449 341
-8.7320 0000 90.9573 410
-8.6919 0000 90.9463 346
-8.6524 0000 90.9480 355
-8.6135 0000 90.9604 387
-8.5741 0000 90.9642 276
-8.5347 0000 90.9681 263
-8.4961 0000 90.9889 295
-8.4566 0000 90.9907 306
-8.4167 0000 90.9839 278
-8.3766 0000 90.9729 254
-8.3369 0000 90.9683 255
-8.2977 0000 90.9764 226
-8.2584 0000 90.9824 215
-8.2188 0000 90.9820 245
-8.1792 0000 90.9816 287
-8.1396 0000 90.9812 313
-8.0992 0000 90.9639 255
-8.0595 0000 90.9613 197
-8.0210 0000 90.9843 182
-7.9818 0000 90.9924 163
-7.9434 0000 91.0196 133
-7.9048 0000 91.0426 129
-7.8653 0000 91.0443 125
-7.8256 0000 91.0440 133
-7.7859 0000 91.0415 175
-7.7462 0000 91.0390 233
-7.7060 0000 91.0237 267
-7.6655 0000 91.0021 215
-7.6273 0000 91.0357 201
-7.5882 0000 91.0459 192
-7.5484 0000 91.0413 194
-7.5075 0000 91.0091 208
-7.4666 0000 90.9790 260
-7.4269 0000 90.9744 287
-7.3874 0000 90.9761 282
-7.3479 0000 90.9800 251
-7.3095 0000 91.0093 197
-7.2714 0000 91.0472 190
-7.2318 0000 91.0468 196
-7.1918 0000 91.0358 192
-7.1512 0000 91.0100 162
-7.1103 0000 90.9778 163
-7.0693 0000 90.9413 197
-7.0289 0000 90.9176 230
-6.9891 0000 90.9130 292
-6.9494 0000 90.9084 338
-6.9098 0000 90.9080 334
-6.8704 0000 90.9140 262
-6.8308 0000 90.9115 183
-6.7902 0000 90.8836 169
-6.7508 0000 90.8896 205
-6.7120 0000 90.9104 243
-6.6725 0000 90.9122 268
-6.6328 0000 90.9097 257
-6.5933 0000 90.9115 230
-6.5538 0000 90.9154 205
-6.5151 0000 90.9383 181
-6.4757 0000 90.9444 169
-6.4369 0000 90.9673 168
-6.3976 0000 90.9755 155
-6.3584 0000 90.9879 142
-6.3197 0000 91.0151 157
-6.2801 0000 91.0148 162
-6.2408 0000 91.0250 155
-6.1998 0000 90.9822 190
-6.1601 0000 90.9797 241
-6.1205 0000 90.9794 279
-6.0806 0000 90.9705 300
-6.0401 0000 90.9426 302
-6.0001 0000 90.9316 364
-5.9599 0000 90.9122 483
-5.9202 0000 90.9076 541
-5.8807 0000 90.9094 570
-5.8411 0000 90.9111 531
-5.8016 0000 90.9150 418
-5.7620 0000 90.9147 332
-5.7224 0000 90.9143 291
-5.6839 0000 90.9501 234
-5.6448 0000 90.9667 184
-5.6054 0000 90.9727 169
-5.5656 0000 90.9681 182
-5.5260 0000 90.9678 214
-5.4865 0000 90.9717 214
-5.4471 0000 90.9777 185
-5.4088 0000 91.0262 172
-5.3694 0000 91.0344 170
-5.3298 0000 91.0340 166
-5.2900 0000 91.0295 189
-5.2504 0000 91.0291 240
-5.2107 0000 91.0266 315
-5.1708 0000 91.0178 383
-5.1306 0000 90.9962 388
-5.0909 0000 90.9938 427
-5.0514 0000 90.9977 451
-5.0120 0000 91.0037 455
-4.9729 0000 91.0267 488
-4.9336 0000 91.0391 480
-4.8942 0000 91.0473 479
-4.8549 0000 91.0618 434
-4.8154 0000 91.0679 413
-4.7768 0000 91.1122 362
-4.7382 0000 91.1544 309
-4.6993 0000 91.1860 308
-4.6597 0000 91.1899 276
-4.6198 0000 91.1811 251
-4.5794 0000 91.1488 271
-4.5397 0000 91.1485 290
-4.5003 0000 91.1588 301
-4.4610 0000 91.1733 319
-4.4214 0000 91.1794 336
-4.3818 0000 91.1833 305
-4.3426 0000 91.2021 256
-4.3033 0000 91.2210 184
-4.2638 0000 91.2292 174
-4.2244 0000 91.2416 190
-4.1856 0000 91.2839 226
-4.1460 0000 91.2921 254
-4.1064 0000 91.2939 225
-4.0667 0000 91.2935 171
-4.0266 0000 91.2761 149
-3.9868 0000 91.2715 116
-3.9470 0000 91.2669 83
-3.9080 0000 91.2986 65
-3.8702 0000 91.4028 68
-3.8316 0000 91.4623 76
-3.7919 0000 91.4683 83
-3.7527 0000 91.4958 76
-3.7130 0000 91.4997 67
-3.6733 0000 91.4994 57
-3.6341 0000 91.5332 64
-3.5949 0000 91.5650 85
-3.5556 0000 91.5946 111
-3.5163 0000 91.6221 123
-3.4766 0000 91.6282 122
-3.4368 0000 91.6257 125
-3.3969 0000 91.6211 140
-3.3573 0000 91.6272 145
-3.3177 0000 91.6418 145
-3.2784 0000 91.6736 166
-3.2390 0000 91.6990 178
-3.1993 0000 91.7072 202
-3.1600 0000 91.7412 217
-3.1206 0000 91.7709 170
-3.0808 0000 91.7727 129
-3.0410 0000 91.7723 111
-2.9473 0000 87.8849 69
-2.9064 0000 87.7475 108
-2.8667 0000 87.6838 180
-2.8277 0000 87.6794 244
-2.7889 0000 87.6810 255
-2.7502 0000 87.6889 219
-2.7116 0000 87.7090 217
-2.6727 0000 87.7086 246
-2.6339 0000 87.7144 182
-2.5953 0000 87.7345 105
-2.6056 0000 92.0028 76
-2.5661 0000 92.0390 83
-2.5264 0000 92.0537 87
-2.4868 0000 92.0792 87
-2.4469 0000 92.0767 76
-2.4069 0000 92.0743 68
-2.3673 0000 92.1019 71
-2.3278 0000 92.1425 82
-2.2881 0000 92.1616 105
-2.2484 0000 92.1849 111
-2.2087 0000 92.2126 128
-2.1691 0000 92.2468 136
-2.1295 0000 92.2875 162
-2.0900 0000 92.3390 166
-2.0500 0000 92.3408 153
-2.0101 0000 92.3383 140
-1.9701 0000 92.3423 141
-1.9304 0000 92.3722 148
-1.8908 0000 92.4259 174
-1.8509 0000 92.4407 203
-1.8112 0000 92.4750 203
-1.7712 0000 92.4790 208
-1.7312 0000 92.4809 232
-1.6913 0000 92.4913 235
-1.6515 0000 92.5235 216
-1.6116 0000 92.5383 190
-1.5718 0000 92.5856 189
-1.5319 0000 92.5940 175
-1.4920 0000 92.6348 152
-1.4522 0000 92.6778 147
-1.4123 0000 92.7165 186
-1.3724 0000 92.7488 200
-1.3323 0000 92.7376 220
-1.2922 0000 92.7308 202
-1.2522 0000 92.7239 179
-1.2121 0000 92.7214 171
-1.1721 0000 92.7211 168
-1.1320 0000 92.7251 161
-1.0920 0000 92.7270 151
-1.0521 0000 92.7722 135
-1.0120 0000 92.7914 132
-0.9721 0000 92.8476 153
-0.9320 0000 92.8538 196
-0.8919 0000 92.8556 260
-0.8518 0000 92.8488 309
-0.8118 0000 92.8485 327
-0.7717 0000 92.8612 343
-0.7316 0000 92.8696 389
-0.6915 0000 92.8736 441
-0.6515 0000 92.8885 394
-0.6114 0000 92.9121 389
-0.5713 0000 92.9226 354
-0.5312 0000 92.9288 317
-0.4911 0000 92.9328 280
-0.4510 0000 92.9521 235
-0.4109 0000 92.9583 229
-0.3707 0000 92.9884 256
-0.3306 0000 93.0033 253
-0.2904 0000 93.0117 213
-0.2502 0000 93.0549 163
-0.2101 0000 93.0589 139
-0.1700 0000 93.0630 129
-0.1297 0000 93.0931 137
-0.0895 0000 93.1189 141
-0.0494 0000 93.1295 164
-0.0092 0000 93.1488 181
0.0311 0000 93.1812 195
0.0713 0000 93.1808 175
0.1114 0000 93.1740 150
0.1515 0000 93.1693 131
0.1916 0000 93.1646 113
0.2317 0000 93.1555 108
0.2719 0000 93.1552 125
0.3122 0000 93.1832 154
0.3524 0000 93.1982 204
0.3926 0000 93.2087 218
0.4328 0000 93.2106 216
0.4729 0000 93.2081 238
0.5131 0000 93.2077 252
0.5532 0000 93.2031 255
0.5933 0000 93.2049 248
0.6336 0000 93.2264 194
0.6740 0000 93.2544 170
0.7143 0000 93.2650 140
0.7546 0000 93.2930 118
0.7948 0000 93.2971 125
0.8352 0000 93.3164 152
0.8753 0000 93.3117 172
0.9155 0000 93.3114 189
0.9557 0000 93.3154 208
0.9959 0000 93.3172 213
1.0359 0000 93.2973 188
1.0762 0000 93.3144 181
1.1163 0000 93.3119 151
1.1563 0000 93.2919 136
1.1965 0000 93.2915 114
1.2367 0000 93.2956 101
1.2771 0000 93.3214 101
1.3172 0000 93.3167 112
1.3574 0000 93.3164 116
1.3976 0000 93.3183 121
1.4377 0000 93.3179 124
1.4778 0000 93.3088 133
1.5177 0000 93.2845 161
1.5580 0000 93.3016 176
1.5982 0000 93.3035 252
1.6384 0000 93.3031 350
1.6782 0000 93.2766 385
1.7181 0000 93.2610 352
1.7581 0000 93.2454 304
1.7978 0000 93.2145 244
1.8372 0000 93.1618 226
1.8766 0000 93.1136 258
1.9162 0000 93.0784 275
1.9560 0000 93.0563 327
1.9960 0000 93.0516 313
2.0360 0000 93.0447 248
2.0764 0000 93.0661 159
2.1177 0000 93.1399 116
2.1588 0000 93.2027 117
2.1997 0000 93.2482 131
2.2395 0000 93.2282 154
2.2795 0000 93.2192 173
2.3195 0000 93.2123 202
2.3596 0000 93.2076 211
2.3998 0000 93.2094 194
2.4396 0000 93.1917 176
2.4796 0000 93.1870 213
2.5197 0000 93.1823 255
2.5598 0000 93.1841 246
2.6000 0000 93.1881 188
2.6401 0000 93.1856 147
2.6802 0000 93.1853 151
2.7204 0000 93.1893 186
2.7606 0000 93.1933 225
2.8009 0000 93.1995 243
2.8415 0000 93.2210 251
2.8817 0000 93.2250 208
2.9222 0000 93.2443 171
2.9626 0000 93.2549 177
3.0029 0000 93.2655 187
3.0437 0000 93.2935 202
3.0841 0000 93.3063 176
3.1237 0000 93.2797 188
3.1635 0000 93.2641 174
3.2045 0000 93.3031 167
3.2442 0000 93.2853 155
3.2839 0000 93.2631 191
3.3239 0000 93.2562 211
3.3639 0000 93.2494 198
3.4039 0000 93.2447 179
3.4440 0000 93.2443 176
3.4843 0000 93.2484 171
3.5244 0000 93.2502 165
3.5646 0000 93.2521 163
3.6058 0000 93.2932 149
3.6462 0000 93.3038 142
3.6864 0000 93.3056 140
3.7264 0000 93.2988 135
3.7655 0000 93.2591 143
3.8056 0000 93.2588 160
3.8458 0000 93.2585 182
3.8864 0000 93.2756 220
3.9265 0000 93.2753 236
3.9672 0000 93.2946 274
4.0075 0000 93.3030 360
4.0477 0000 93.3049 375
4.0880 0000 93.3089 333
4.1284 0000 93.3173 288
4.1687 0000 93.3235 255
4.2089 0000 93.3254 240
4.2489 0000 93.3185 234
4.2888 0000 93.3094 225
4.3288 0000 93.3047 212
4.3690 0000 93.3066 189
4.4090 0000 93.3019 169
4.4483 0000 93.2732 185
4.4877 0000 93.2467 223
4.5275 0000 93.2376 324
4.5675 0000 93.2308 375
4.6075 0000 93.2261 393
4.6475 0000 93.2236 434
4.6876 0000 93.2232 440
4.7278 0000 93.2251 391
4.7679 0000 93.2226 337
4.8081 0000 93.2245 291
4.8480 0000 93.2198 227
4.8881 0000 93.2173 181
4.9284 0000 93.2235 161
4.9688 0000 93.2319 139
5.0109 0000 93.2905 132
5.0514 0000 93.3011 141
5.0930 0000 93.3445 149
5.1331 0000 93.3442 148
5.1717 0000 93.2958 139
5.2116 0000 93.2889 128
5.2519 0000 93.2930 122
5.2920 0000 93.2927 123
5.3319 0000 93.2858 127
5.3720 0000 93.2855 121
5.4134 0000 93.3201 122
5.4549 0000 93.3570 121
5.4952 0000 93.3610 134
5.5356 0000 93.3673 150
5.5758 0000 93.3691 174
5.6159 0000 93.3667 208
5.6558 0000 93.3620 265
5.6962 0000 93.3682 329
5.7370 0000 93.3832 374
5.7783 0000 93.4135 421
5.8187 0000 93.4220 436
5.8588 0000 93.4195 358
5.8988 0000 93.4148 250
5.9396 0000 93.4298 186
5.9804 0000 93.4470 173
6.0214 0000 93.4686 201
6.0625 0000 93.4901 198
6.1031 0000 93.5008 196
6.1441 0000 93.5224 215
6.1844 0000 93.5242 243
6.2247 0000 93.5283 261
6.2658 0000 93.5499 221
6.3063 0000 93.5562 197
6.3468 0000 93.5647 172
6.3883 0000 93.5950 166
6.4285 0000 93.5947 166
6.4688 0000 93.5988 162
6.5102 0000 93.6270 146
6.5509 0000 93.6377 145
6.5924 0000 93.6681 149
6.6328 0000 93.6722 156
6.6731 0000 93.6741 177
6.7134 0000 93.6760 174
6.7539 0000 93.6822 172
6.7942 0000 93.6841 184
6.8351 0000 93.6992 173
6.8753 0000 93.6989 172
6.9155 0000 93.6986 168
6.9557 0000 93.6983 148
6.9950 0000 93.6761 125
7.0363 0000 93.7021 117
7.0780 0000 93.7326 114
7.1208 0000 93.7893 125
7.1615 0000 93.8000 144
7.2020 0000 93.8063 162
7.2425 0000 93.8104 155
7.2840 0000 93.8387 137
7.3257 0000 93.8692 109
7.3660 0000 93.8689 103
7.4062 0000 93.8686 99
7.4479 0000 93.8991 93
7.4886 0000 93.9076 84
7.5290 0000 93.9117 90
7.5707 0000 93.9400 107
7.6125 0000 93.9728 128
7.6555 0000 94.0275 152
7.6961 0000 94.0338 169
7.7365 0000 94.0379 176
7.7770 0000 94.0421 168
7.8178 0000 94.0506 158
7.8581 0000 94.0525 150
7.8983 0000 94.0500 133
7.9384 0000 94.0453 110
7.9787 0000 94.0472 104
8.0194 0000 94.0536 122
8.0597 0000 94.0555 135
8.1011 0000 94.0772 124
8.1437 0000 94.1210 103
8.1890 0000 94.2178 112
8.2310 0000 94.2506 139
8.2715 0000 94.2526 164
8.3116 0000 94.2479 170
8.3517 0000 94.2432 148
8.3920 0000 94.2429 128
8.4324 0000 94.2448 129
8.4732 0000 94.2534 137
8.5147 0000 94.2752 158
8.5555 0000 94.2837 173
8.5971 0000 94.3077 174
8.6376 0000 94.3097 172
8.6784 0000 94.3182 160
8.7192 0000 94.3268 154
8.7600 0000 94.3354 152
8.8015 0000 94.3550 157
8.8420 0000 94.3591 149
8.8824 0000 94.3588 153
8.9217 0000 94.3409 155
8.9621 0000 94.3406 169
9.0024 0000 94.3403 179
9.0429 0000 94.3423 185
9.0857 0000 94.3862 182
9.1267 0000 94.3970 186
9.1674 0000 94.4033 193
9.2092 0000 94.4274 225
9.2512 0000 94.4559 223
9.2921 0000 94.4645 218
9.3328 0000 94.4708 207
9.3738 0000 94.4816 204
9.4144 0000 94.4858 183
9.4559 0000 94.5032 145
9.4977 0000 94.5273 143
9.5386 0000 94.5359 148
9.5805 0000 94.5622 171
9.6225 0000 94.5886 154
9.6637 0000 94.6016 141
9.7077 0000 94.6612 135
9.7487 0000 94.6698 138
9.7892 0000 94.6717 144
9.8299 0000 94.6759 145
9.8717 0000 94.6978 157
9.9122 0000 94.6998 160
9.9526 0000 94.6995 170
9.9933 0000 94.7037 192
10.0351 0000 94.7256 189
10.0758 0000 94.7298 191
10.1168 0000 94.7384 198
10.1578 0000 94.7470 198
10.2000 0000 94.7756 157
10.2426 0000 94.8087 151
10.2830 0000 94.8084 156
10.3236 0000 94.8104 148
10.3645 0000 94.8168 144
10.4050 0000 94.8188 147
10.4456 0000 94.8207 143
10.4875 0000 94.8427 149
10.5301 0000 94.8758 141
10.5730 0000 94.9133 157
10.6141 0000 94.9220 137
10.6561 0000 94.9462 117
10.6969 0000 94.9504 129
10.7372 0000 94.9479 143
10.7772 0000 94.9409 149
10.8161 0000 94.9162 177
10.8564 0000 94.9137 209
10.8959 0000 94.9001 240
10.9362 0000 94.8976 276
10.9762 0000 94.8907 255
11.0160 0000 94.8816 210
11.0563 0000 94.8791 179
11.0965 0000 94.8744 165
11.1364 0000 94.8674 178
11.1757 0000 94.8494 207
11.2155 0000 94.8402 184
11.2550 0000 94.8266 164
11.2945 0000 94.8131 162
11.3324 0000 94.7773 153
11.3727 0000 94.7748 139
11.4132 0000 94.7767 140
11.4530 0000 94.7676 165
11.4914 0000 94.7385 187
11.5314 0000 94.7338 202
11.5717 0000 94.7313 160
11.6106 0000 94.7111 117
11.6509 0000 94.7086 105
11.6927 0000 94.7283 120
11.7332 0000 94.7303 149
11.7736 0000 94.7300 168
11.8119 0000 94.7009 162
11.8497 0000 94.6651 182
11.8886 0000 94.6449 194
11.9248 0000 94.5870 187
11.9622 0000 94.5469 153
12.0002 0000 94.5156 158
12.0407 0000 94.5176 180
12.0814 0000 94.5218 225
12.1217 0000 94.5215 258
12.1620 0000 94.5212 259
12.2022 0000 94.5188 225
12.2419 0000 94.5097 180
12.2818 0000 94.5050 167
12.3223 0000 94.5069 169
12.3630 0000 94.5111 156
12.4033 0000 94.5108 135
12.4421 0000 94.4907 122
12.4799 0000 94.4572 105
12.5195 0000 94.4481 112
12.5598 0000 94.4478 113
12.5999 0000 94.4454 114
12.6380 0000 94.4164 129
12.6746 0000 94.3697 121
12.7122 0000 94.3341 135
12.7502 0000 94.3051 125
12.7903 0000 94.3026 122
12.8307 0000 94.3046 111
12.8727 0000 94.3264 109
12.9161 0000 94.3659 102
12.9572 0000 94.3767 104
12.9971 0000 94.3720 106
13.0353 0000 94.3453 135
13.0746 0000 94.3340 157
13.1133 0000 94.3138 136
13.1523 0000 94.2981 123
13.1920 0000 94.2912 119
13.2324 0000 94.2932 129
13.2726 0000 94.2929 141
13.3114 0000 94.2750 162
13.3493 0000 94.2461 143
13.3881 0000 94.2282 137
13.4274 0000 94.2169 130
13.4661 0000 94.1990 130
13.5058 0000 94.1921 123
13.5449 0000 94.1786 133
13.5851 0000 94.1784 148
13.6258 0000 94.1847 146
13.6660 0000 94.1845 125
13.7040 0000 94.1578 94
13.7451 0000 94.1685 83
13.7853 0000 94.1683 79
13.8260 0000 94.1746 88
13.8667 0000 94.1810 108
13.9058 0000 94.1675 114
13.9482 0000 94.1937 129
13.9907 0000 94.2199 127
14.0305 0000 94.2152 136
14.0684 0000 94.1885 165
14.1089 0000 94.1926 215
14.1491 0000 94.1924 251
14.1868 0000 94.1635 212
14.2254 0000 94.1456 177
14.2654 0000 94.1431 163
14.3053 0000 94.1407 176
14.3455 0000 94.1404 184
14.3862 0000 94.1467 194
14.4269 0000 94.1531 202
14.4702 0000 94.1881 191
14.5107 0000 94.1922 176
14.5493 0000 94.1743 161
14.5871 0000 94.1476 184
14.6263 0000 94.1364 204
14.6643 0000 94.1119 209
14.7030 0000 94.0962 233
14.7429 0000 94.0938 197
14.7827 0000 94.0891 153
14.8226 0000 94.0866 133
14.8635 0000 94.0952 138
14.9058 0000 94.1191 167
14.9459 0000 94.1189 177
14.9862 0000 94.1208 162
15.0259 0000 94.1161 131
15.0654 0000 94.1093 111
15.1031 0000 94.0826 103
15.1420 0000 94.0691 108
15.1772 0000 94.0161 115
15.2173 0000 94.0158 131
15.2580 0000 94.0221 157
15.3001 0000 94.0439 177
15.3422 0000 94.0656 233
15.3823 0000 94.0653 276
15.4222 0000 94.0629 298
15.4629 0000 94.0692 284
15.5040 0000 94.0799 276
15.5439 0000 94.0775 274
15.5833 0000 94.0706 271
15.6234 0000 94.0703 275
15.6641 0000 94.0766 263
15.7044 0000 94.0786 246
15.7443 0000 94.0761 238
15.7847 0000 94.0802 232
15.8252 0000 94.0844 211
15.8653 0000 94.0841 182
15.9052 0000 94.0816 176
15.9469 0000 94.0990 176
15.9895 0000 94.1251 203
16.0302 0000 94.1314 212
16.0705 0000 94.1333 199
16.1110 0000 94.1375 166
16.1494 0000 94.1196 149
16.1890 0000 94.1149 134
16.2329 0000 94.1543 127
16.2708 0000 94.1320 123
16.3107 0000 94.1295 143
16.3514 0000 94.1358 146
16.3938 0000 94.1598 144
16.4370 0000 94.1903 138
16.4781 0000 94.2010 150
16.5206 0000 94.2250 149
16.5616 0000 94.2335 159
16.6041 0000 94.2575 179
16.6439 0000 94.2550 183
16.6838 0000 94.2525 189
16.7240 0000 94.2544 197
16.7639 0000 94.2520 199
16.8035 0000 94.2473 211
16.8434 0000 94.2448 210
16.8848 0000 94.2577 182
16.9311 0000 94.3192 152
16.9755 0000 94.3608 134
17.0162 0000 94.3671 143
17.0570 0000 94.3735 162
17.1000 0000 94.4019 197
17.1408 0000 94.4082 219
17.1816 0000 94.4145 227
17.2244 0000 94.4408 203
17.2654 0000 94.4493 185
17.3080 0000 94.4733 192
17.3493 0000 94.4841 194
17.3945 0000 94.5324 202
17.4360 0000 94.5454 217
17.4775 0000 94.5584 221
17.5220 0000 94.6001 204
17.5642 0000 94.6197 188
17.6107 0000 94.6792 188
17.6520 0000 94.6900 209
17.6928 0000 94.6963 235
17.7337 0000 94.7027 230
17.7736 0000 94.7002 189
17.8154 0000 94.7154 155
17.8560 0000 94.7195 125
17.8971 0000 94.7281 118
17.9405 0000 94.7588 114
17.9869 0000 94.8162 118
18.0283 0000 94.8270 113
18.0720 0000 94.8599 114
18.1131 0000 94.8685 119
18.1567 0000 94.8993 118
18.2034 0000 94.9590 117
18.2458 0000 94.9787 108
18.2901 0000 95.0162 110
18.3366 0000 95.0737 122
18.3803 0000 95.1046 128
18.4220 0000 95.1176 142
18.4656 0000 95.1485 173
18.5088 0000 95.1749 168
18.5505 0000 95.1880 174
18.5962 0000 95.2367 199
18.6374 0000 95.2453 227
18.6794 0000 95.2607 245
18.7241 0000 95.3005 257
18.7649 0000 95.3047 245
18.8066 0000 95.3178 209
18.8484 0000 95.3309 182
18.8942 0000 95.3797 174
18.9387 0000 95.4173 159
18.9840 0000 95.4617 169
19.0291 0000 95.5039 159
19.0738 0000 95.5417 154
19.1209 0000 95.6018 136
19.1679 0000 95.6597 126
19.2131 0000 95.7020 133
19.2573 0000 95.7353 127
19.2987 0000 95.7440 125
19.3429 0000 95.7774 132
19.3881 0000 95.8197 120
19.4355 0000 95.8800 111
19.4805 0000 95.9202 116
19.5261 0000 95.9648 121
19.5730 0000 96.0208 147
19.6150 0000 96.0340 160
19.6591 0000 96.0652 173
19.7032 0000 96.0964 164
19.7454 0000 96.1119 167
19.7914 0000 96.1589 166
19.8334 0000 96.1721 164
19.8748 0000 96.1808 157
19.9184 0000 96.2076 178
19.9597 0000 96.2140 195
20.0022 0000 96.2318 169
20.0434 0000 96.2382 154
20.0844 0000 96.2425 146
20.1251 0000 96.2444 139
20.1631 0000 96.2238 145
20.2032 0000 96.2213 155
20.2455 0000 96.2368 154
20.2865 0000 96.2410 156
20.3307 0000 96.2723 164
20.3730 0000 96.2878 179
20.4159 0000 96.3078 213
20.4541 0000 96.2894 279
20.4940 0000 96.2846 272
20.5347 0000 96.2866 279
20.5770 0000 96.3021 290
20.6171 0000 96.2995 287
20.6576 0000 96.2992 234
20.6982 0000 96.3012 181
20.7386 0000 96.3009 159
20.7774 0000 96.2870 166
20.8172 0000 96.2822 149
20.8571 0000 96.2774 128
20.8975 0000 96.2771 116
20.9381 0000 96.2791 119
20.9813 0000 96.3014 120
21.0234 0000 96.3146 129
21.0677 0000 96.3459 161
21.1110 0000 96.3681 175
21.1522 0000 96.3746 193
21.1929 0000 96.3766 207
21.2310 0000 96.3582 218
21.2720 0000 96.3624 244
21.3152 0000 96.3847 268
21.3562 0000 96.3889 251
21.3966 0000 96.3886 250
21.4370 0000 96.3883 266
21.4799 0000 96.4083 245
21.5195 0000 96.4013 259
21.5619 0000 96.4168 273
21.6028 0000 96.4210 240
21.6432 0000 96.4207 201
21.6825 0000 96.4114 176
21.7228 0000 96.4111 176
21.7661 0000 96.4334 178
21.8071 0000 96.4376 192
21.8483 0000 96.4441 196
21.8902 0000 96.4550 193
21.9340 0000 96.4818 195
21.9779 0000 96.5087 154
22.0195 0000 96.5174 137
22.0604 0000 96.5216 132
22.1017 0000 96.5281 132
22.1450 0000 96.5504 127
22.1884 0000 96.5727 140
22.2287 0000 96.5724 152
22.2665 0000 96.5518 154
22.3045 0000 96.5334 163
22.3446 0000 96.5309 151
22.3849 0000 96.5306 142
22.4280 0000 96.5506 142
22.4689 0000 96.5548 132
22.5099 0000 96.5591 140
22.5529 0000 96.5791 148
22.5933 0000 96.5788 173
22.6343 0000 96.5831 202
22.6761 0000 96.5941 222
22.7183 0000 96.6074 225
22.7592 0000 96.6116 216
22.7993 0000 96.6090 198
22.8384 0000 96.5997 178
22.8773 0000 96.5881 164
22.9170 0000 96.5833 147
22.9580 0000 96.5876 137
22.9980 0000 96.5850 136
23.0374 0000 96.5780 128
23.0738 0000 96.5484 123
23.1141 0000 96.5481 119
23.1575 0000 96.5704 110
23.1944 0000 96.5453 112
23.2335 0000 96.5360 124
23.2732 0000 96.5312 148
23.3147 0000 96.5400 159
23.3566 0000 96.5510 171
23.3978 0000 96.5575 204
23.4387 0000 96.5618 222
23.4787 0000 96.5592 188
23.5180 0000 96.5522 144
23.5577 0000 96.5474 125
23.5977 0000 96.5449 118
23.6376 0000 96.5424 120
23.6776 0000 96.5399 136
23.7151 0000 96.5193 150
23.7559 0000 96.5236 176
23.8022 0000 96.5662 207
23.8443 0000 96.5795 246
23.8840 0000 96.5748 281
23.9236 0000 96.5700 280
23.9642 0000 96.5720 231
24.0045 0000 96.5718 180
24.0412 0000 96.5467 151
24.0815 0000 96.5464 145
24.1246 0000 96.5665 144
24.1661 0000 96.5753 143
24.2080 0000 96.5863 139
24.2521 0000 96.6132 127
24.2956 0000 96.6356 109
24.3355 0000 96.6331 113
24.3690 0000 96.5854 114
24.4089 0000 96.5829 117
24.4485 0000 96.5781 137
24.4894 0000 96.5824 171
24.5306 0000 96.5889 192
24.5705 0000 96.5864 199
24.6098 0000 96.5794 202
24.6490 0000 96.5724 205
24.6893 0000 96.5722 207
24.7305 0000 96.5787 203
24.7746 0000 96.6056 184
24.8158 0000 96.6121 185
24.8590 0000 96.6323 207
24.8993 0000 96.6320 218
24.9398 0000 96.6341 229
24.9804 0000 96.6361 227
25.0206 0000 96.6358 218
25.0586 0000 96.6198 222
25.1014 0000 96.6377 285
25.1427 0000 96.6442 297
25.1836 0000 96.6485 287
25.2241 0000 96.6505 285
25.2647 0000 96.6526 262
25.3076 0000 96.6704 215
25.3479 0000 96.6702 217
25.3874 0000 96.6654 231
25.4273 0000 96.6630 220
25.4642 0000 96.6401 211
25.5078 0000 96.6625 180
25.5494 0000 96.6713 160
25.5903 0000 96.6756 139
25.6278 0000 96.6573 132
25.6714 0000 96.6797 136
25.7123 0000 96.6840 139
25.7560 0000 96.7064 148
25.7959 0000 96.7039 169
25.8368 0000 96.7082 180
25.8777 0000 96.7125 191
