wt=150986291, DLLFiFo=0
-25.1053 0000 88.7432 119
-25.0681 0000 88.7528 133
-25.0349 0000 88.7891 146
-24.9974 0000 88.7966 156
-24.9595 0000 88.8021 172
-24.9238 0000 88.8220 190
-24.8842 0000 88.8151 274
-24.8485 0000 88.8350 304
-24.8109 0000 88.8426 334
-24.7728 0000 88.8460 308
-24.7344 0000 88.8474 222
-24.6959 0000 88.8488 151
-24.6584 0000 88.8563 145
-24.6226 0000 88.8762 167
-24.5812 0000 88.8570 128
-24.5458 0000 88.8790 112
-24.5085 0000 88.8886 103
-24.4733 0000 88.9126 110
-24.4383 0000 88.9387 113
-24.3999 0000 88.9401 122
-24.3617 0000 88.9436 126
-24.3238 0000 88.9491 144
-24.2854 0000 88.9505 171
-24.2487 0000 88.9642 167
-24.2105 0000 88.9677 151
-24.1726 0000 88.9732 131
-24.1335 0000 88.9705 118
-24.0942 0000 88.9657 109
-24.0554 0000 88.9650 100
-24.0201 0000 88.9891 97
-23.9825 0000 88.9967 103
-23.9466 0000 89.0167 129
-23.9084 0000 89.0202 116
-23.8673 0000 89.0030 104
-23.8306 0000 89.0168 91
-23.7918 0000 89.0161 113
-23.7507 0000 88.9990 136
-23.7122 0000 89.0004 178
-23.6740 0000 89.0039 193
-23.6352 0000 89.0033 174
-23.5964 0000 89.0026 156
-23.5579 0000 89.0040 150
-23.5203 0000 89.0117 138
-23.4809 0000 89.0069 149
-23.4402 0000 88.9918 204
-23.4008 0000 88.9871 238
-23.3623 0000 88.9885 238
-23.3241 0000 88.9920 229
-23.2850 0000 88.9893 224
-23.2457 0000 88.9846 239
-23.2046 0000 88.9675 220
-23.1656 0000 88.9648 184
-23.1290 0000 88.9807 151
-23.0908 0000 88.9842 128
-23.0522 0000 88.9857 133
-23.0140 0000 88.9892 142
-22.9757 0000 88.9927 137
-22.9369 0000 88.9921 127
-22.8981 0000 88.9915 156
-22.8596 0000 88.9930 208
-22.8208 0000 88.9924 203
-22.7834 0000 89.0022 151
-22.7454 0000 89.0078 140
-22.7071 0000 89.0113 136
-22.6685 0000 89.0128 155
-22.6289 0000 89.0060 182
-22.5879 0000 88.9890 208
-22.5475 0000 88.9760 177
-22.5081 0000 88.9713 140
-22.4663 0000 88.9481 132
-22.4248 0000 88.9269 177
-22.3849 0000 88.9181 182
-22.3456 0000 88.9134 212
-22.3065 0000 88.9108 266
-22.2674 0000 88.9082 243
-22.2281 0000 88.9036 169
-22.1890 0000 88.9010 130
-22.1496 0000 88.8963 112
-22.1106 0000 88.8937 97
-22.0715 0000 88.8911 87
-22.0335 0000 88.8968 80
-21.9952 0000 88.9004 83
-21.9611 0000 88.9370 88
-21.9228 0000 88.9406 97
-21.8756 0000 88.8741 142
-21.8312 0000 88.8303 197
-21.7903 0000 88.8133 242
-21.7520 0000 88.8170 189
-21.7127 0000 88.8123 148
-21.6747 0000 88.8180 183
-21.6361 0000 88.8196 224
-21.5973 0000 88.8191 237
-21.5587 0000 88.8207 261
-21.5217 0000 88.8346 319
-21.4842 0000 88.8444 258
-21.4454 0000 88.8439 209
-21.4053 0000 88.8331 209
-21.3662 0000 88.8306 189
-21.3256 0000 88.8157 156
-21.2878 0000 88.8235 181
-21.2517 0000 88.8457 256
-21.2137 0000 88.8514 286
-21.1738 0000 88.8427 278
-21.1304 0000 88.8051 241
-21.0896 0000 88.7882 227
-21.0515 0000 88.7939 172
-21.0139 0000 88.8037 118
-20.9781 0000 88.8280 105
-20.9423 0000 88.8523 102
-20.9067 0000 88.8786 94
-20.8684 0000 88.8823 130
-20.8293 0000 88.8798 172
-20.7884 0000 88.8628 160
-20.7491 0000 88.8583 141
-20.7102 0000 88.8578 160
-20.6728 0000 88.8697 243
-20.6320 0000 88.8528 258
-20.5922 0000 88.8441 278
-20.5531 0000 88.8416 274
-20.5152 0000 88.8494 249
-20.4768 0000 88.8531 241
-20.4377 0000 88.8506 231
-20.3984 0000 88.8460 246
-20.3598 0000 88.8477 314
-20.3212 0000 88.8493 338
-20.2826 0000 88.8509 279
-20.2437 0000 88.8505 214
-20.2056 0000 88.8563 178
-20.1698 0000 88.8826 175
-20.1334 0000 88.9028 152
-20.0952 0000 88.9086 172
-20.0568 0000 88.9123 213
-20.0172 0000 88.9057 260
-19.9767 0000 88.8908 305
-19.9376 0000 88.8883 299
-19.8992 0000 88.8920 280
-19.8605 0000 88.8937 265
-19.8219 0000 88.8953 223
-19.7837 0000 88.9011 183
-19.7467 0000 88.9172 201
-19.7095 0000 88.9312 251
-19.6727 0000 88.9494 259
-19.6355 0000 88.9634 320
-19.5961 0000 88.9588 315
-19.5551 0000 88.9398 276
-19.5139 0000 88.9188 211
-19.4748 0000 88.9163 209
-19.4363 0000 88.9200 204
-19.3972 0000 88.9175 183
-19.3604 0000 88.9357 182
-19.3245 0000 88.9621 179
-19.2863 0000 88.9679 185
-19.2476 0000 88.9696 171
-19.2089 0000 88.9712 185
-19.1698 0000 88.9687 243
-19.1302 0000 88.9621 289
-19.0908 0000 88.9576 265
-19.0531 0000 88.9675 218
-19.0153 0000 88.9774 209
-18.9766 0000 88.9791 209
-18.9375 0000 88.9766 208
-18.8986 0000 88.9762 228
-18.8619 0000 88.9964 246
-18.8250 0000 89.0146 308
-18.7892 0000 89.0431 323
-18.7530 0000 89.0675 359
-18.7196 0000 89.1189 365
-18.6814 0000 89.1247 306
-18.6406 0000 89.1077 246
-18.6012 0000 89.1031 204
-18.5620 0000 89.1007 193
-18.5222 0000 89.0920 202
-18.4819 0000 89.0791 265
-18.4419 0000 89.0684 369
-18.4031 0000 89.0700 409
-18.3653 0000 89.0800 356
-18.3272 0000 89.0878 306
-18.2887 0000 89.0916 282
-18.2528 0000 89.1201 293
-18.2169 0000 89.1487 287
-18.1788 0000 89.1566 316
-18.1407 0000 89.1644 330
-18.1021 0000 89.1682 333
-18.0631 0000 89.1677 323
-18.0237 0000 89.1632 308
-17.9841 0000 89.1566 316
-17.9451 0000 89.1561 338
-17.9070 0000 89.1640 352
-17.8690 0000 89.1739 364
-17.8328 0000 89.2005 393
-17.7945 0000 89.2063 453
-17.7565 0000 89.2162 510
-17.7199 0000 89.2386 491
-17.6819 0000 89.2485 489
-17.6442 0000 89.2605 432
-17.6077 0000 89.2850 356
-17.5695 0000 89.2929 263
-17.5351 0000 89.3381 222
-17.4998 0000 89.3751 210
-17.4620 0000 89.3871 206
-17.4278 0000 89.4345 181
-17.3916 0000 89.4631 203
-17.3528 0000 89.4648 272
-17.3147 0000 89.4748 300
-17.2802 0000 89.5201 258
-17.2418 0000 89.5259 223
-17.2010 0000 89.5088 206
-17.1621 0000 89.5105 158
-17.1234 0000 89.5142 135
-17.0848 0000 89.5179 140
-17.0457 0000 89.5175 158
-17.0072 0000 89.5233 162
-16.9703 0000 89.5457 170
-16.9334 0000 89.5682 138
-16.8955 0000 89.5802 126
-16.8621 0000 89.6381 141
-16.8250 0000 89.6585 183
-16.7848 0000 89.6477 245
-16.7447 0000 89.6368 296
-16.7079 0000 89.6614 245
-16.6702 0000 89.6755 195
-16.6319 0000 89.6834 138
-16.5953 0000 89.7101 120
-16.5593 0000 89.7430 130
-16.5223 0000 89.7655 176
-16.4844 0000 89.7776 285
-16.4456 0000 89.7813 363
-16.4072 0000 89.7892 319
-16.3711 0000 89.8222 241
-16.3341 0000 89.8447 208
-16.3004 0000 89.9028 198
-16.2637 0000 89.9295 241
-16.2269 0000 89.9542 256
-16.1906 0000 89.9851 261
-16.1509 0000 89.9805 233
-16.1074 0000 89.9340 244
-16.0676 0000 89.9273 262
-16.0286 0000 89.9289 267
-15.9903 0000 89.9390 272
-15.9536 0000 89.9657 276
-15.9174 0000 89.9988 212
-15.8872 0000 90.0968 225
-15.8509 0000 90.1299 316
-15.8120 0000 90.1336 362
-15.7729 0000 90.1353 341
-15.7356 0000 90.1558 245
-15.6995 0000 90.1910 207
-15.6636 0000 90.2284 251
-15.6263 0000 90.2511 274
-15.5883 0000 90.2653 284
-15.5516 0000 90.2943 243
-15.5144 0000 90.3170 219
-15.4760 0000 90.3270 189
-15.4374 0000 90.3350 178
-15.4003 0000 90.3598 171
-15.3615 0000 90.3657 164
-15.3228 0000 90.3737 180
-15.2874 0000 90.4174 200
-15.2491 0000 90.4296 254
-15.2103 0000 90.4355 312
-15.1725 0000 90.4540 286
-15.1337 0000 90.4599 255
-15.0947 0000 90.4637 227
-15.0588 0000 90.5033 205
-15.0199 0000 90.5092 186
-14.9801 0000 90.5045 198
-14.9406 0000 90.5020 216
-14.9024 0000 90.5163 207
-14.8645 0000 90.5327 197
-14.8270 0000 90.5555 198
-14.7881 0000 90.5614 171
-14.7508 0000 90.5863 161
-14.7119 0000 90.5922 176
-14.6729 0000 90.5960 183
-14.6338 0000 90.5998 185
-14.5949 0000 90.6057 195
-14.5572 0000 90.6264 226
-14.5177 0000 90.6259 189
-14.4781 0000 90.6234 124
-14.4416 0000 90.6589 87
-14.4072 0000 90.7197 107
-14.3677 0000 90.7193 141
-14.3272 0000 90.7062 171
-14.2895 0000 90.7269 216
-14.2522 0000 90.7540 304
-14.2144 0000 90.7747 289
-14.1763 0000 90.7912 281
-14.1372 0000 90.7950 290
-14.0970 0000 90.7861 279
-14.0561 0000 90.7688 238
-14.0143 0000 90.7388 233
-13.9733 0000 90.7193 215
-13.9336 0000 90.7168 234
-13.8945 0000 90.7206 232
-13.8552 0000 90.7223 209
-13.8155 0000 90.7197 185
-13.7758 0000 90.7172 163
-13.7377 0000 90.7337 154
-13.6990 0000 90.7439 160
-13.6603 0000 90.7540 190
-13.6218 0000 90.7663 183
-13.5821 0000 90.7638 200
-13.5429 0000 90.7676 219
-13.5036 0000 90.7693 207
-13.4639 0000 90.7668 176
-13.4239 0000 90.7600 155
-13.3839 0000 90.7532 152
-13.3443 0000 90.7507 154
-13.3049 0000 90.7524 154
-13.2656 0000 90.7541 170
-13.2246 0000 90.7347 247
-13.1848 0000 90.7300 288
-13.1458 0000 90.7360 262
-13.1086 0000 90.7673 212
-13.0705 0000 90.7859 207
-13.0328 0000 90.8109 188
-12.9945 0000 90.8275 196
-12.9538 0000 90.8101 238
-12.9146 0000 90.8139 291
-12.8761 0000 90.8284 282
-12.8366 0000 90.8280 229
-12.7969 0000 90.8254 155
-12.7578 0000 90.8314 129
-12.7182 0000 90.8310 134
-12.6786 0000 90.8285 137
-12.6381 0000 90.8153 153
-12.6001 0000 90.8361 150
-12.5608 0000 90.8400 154
-12.5208 0000 90.8332 153
-12.4805 0000 90.8222 166
-12.4410 0000 90.8218 177
-12.4006 0000 90.8087 219
-12.3603 0000 90.7977 251
-12.3218 0000 90.8121 308
-12.2824 0000 90.8139 283
-12.2427 0000 90.8114 237
-12.2030 0000 90.8088 192
-12.1635 0000 90.8084 159
-12.1237 0000 90.8038 139
-12.0841 0000 90.8034 134
-12.0479 0000 90.8517 148
-12.0087 0000 90.8577 167
-11.9689 0000 90.8531 156
-11.9278 0000 90.8294 135
-11.8885 0000 90.8332 159
-11.8493 0000 90.8371 193
-11.8110 0000 90.8558 201
-11.7714 0000 90.8554 200
-11.7316 0000 90.8507 181
-11.6901 0000 90.8207 177
-11.6497 0000 90.8076 181
-11.6085 0000 90.7818 183
-11.5676 0000 90.7602 202
-11.5278 0000 90.7556 196
-11.4880 0000 90.7510 201
-11.4479 0000 90.7422 225
-11.4072 0000 90.7227 325
-11.3677 0000 90.7223 411
-11.3283 0000 90.7241 376
-11.2885 0000 90.7195 309
-11.2479 0000 90.7022 315
-11.2082 0000 90.6997 339
-11.1688 0000 90.7014 299
-11.1317 0000 90.7391 272
-11.0928 0000 90.7493 252
-11.0535 0000 90.7531 208
-11.0173 0000 90.8057 178
-10.9782 0000 90.8138 173
-10.9384 0000 90.8092 163
-10.8958 0000 90.7580 139
-10.8571 0000 90.7724 123
-10.8172 0000 90.7657 141
-10.7757 0000 90.7314 217
-10.7361 0000 90.7310 265
-10.6973 0000 90.7434 219
-10.6579 0000 90.7451 201
-10.6175 0000 90.7299 203
-10.5778 0000 90.7253 174
-10.5393 0000 90.7440 142
-10.5012 0000 90.7669 136
-10.4618 0000 90.7686 134
-10.4210 0000 90.7471 132
-10.3813 0000 90.7446 140
-10.3416 0000 90.7399 155
-10.3020 0000 90.7396 197
-10.2625 0000 90.7392 248
-10.2230 0000 90.7388 262
-10.1837 0000 90.7427 253
-10.1451 0000 90.7592 234
-10.1079 0000 90.8012 227
-10.0672 0000 90.7796 232
-10.0271 0000 90.7687 248
-9.9861 0000 90.7429 244
-9.9461 0000 90.7340 200
-9.9066 0000 90.7337 173
-9.8670 0000 90.7333 153
-9.8261 0000 90.7075 138
-9.7855 0000 90.6860 114
-9.7460 0000 90.6877 116
-9.7065 0000 90.6873 123
-9.6671 0000 90.6891 119
-9.6291 0000 90.7162 122
-9.5898 0000 90.7200 121
-9.5505 0000 90.7239 119
-9.5122 0000 90.7468 117
-9.4723 0000 90.7400 131
-9.4314 0000 90.7143 164
-9.3918 0000 90.7118 185
-9.3522 0000 90.7093 173
-9.3113 0000 90.6835 128
-9.2719 0000 90.6852 109
-9.2338 0000 90.7123 129
-9.1943 0000 90.7120 146
-9.1547 0000 90.7116 155
-9.1158 0000 90.7218 158
-9.0761 0000 90.7193 168
-9.0355 0000 90.6977 205
-8.9950 0000 90.6762 240
-8.9552 0000 90.6716 327
-8.9156 0000 90.6691 394
-8.8760 0000 90.6666 394
-8.8365 0000 90.6662 352
-8.7969 0000 90.6637 296
-8.7563 0000 90.6422 216
-8.7166 0000 90.6376 184
-8.6781 0000 90.6583 236
-8.6380 0000 90.6452 268
-8.5983 0000 90.6406 270
-8.5585 0000 90.6339 258
-8.5188 0000 90.6293 229
-8.4792 0000 90.6289 199
-8.4397 0000 90.6285 200
-8.4002 0000 90.6281 200
-8.3617 0000 90.6489 196
-8.3227 0000 90.6591 192
-8.2842 0000 90.6819 183
-8.2439 0000 90.6646 190
-8.2046 0000 90.6685 201
-8.1667 0000 90.7041 234
-8.1275 0000 90.7121 251
-8.0882 0000 90.7160 252
-8.0488 0000 90.7177 244
-8.0090 0000 90.7110 255
-7.9690 0000 90.7000 277
-7.9281 0000 90.6700 265
-7.8885 0000 90.6675 281
-7.8495 0000 90.6777 382
-7.8115 0000 90.7133 474
-7.7724 0000 90.7235 474
-7.7328 0000 90.7210 435
-7.6928 0000 90.7100 384
-7.6524 0000 90.6885 288
-7.6122 0000 90.6733 269
-7.5716 0000 90.6455 338
-7.5319 0000 90.6409 414
-7.4921 0000 90.6341 480
-7.4520 0000 90.6190 469
-7.4123 0000 90.6144 478
-7.3728 0000 90.6140 446
-7.3331 0000 90.6094 352
-7.2929 0000 90.5921 268
-7.2548 0000 90.6277 209
-7.2159 0000 90.6421 205
-7.1767 0000 90.6502 202
-7.1373 0000 90.6519 179
-7.0979 0000 90.6558 159
-7.0583 0000 90.6533 179
-7.0185 0000 90.6444 221
-6.9788 0000 90.6420 247
-6.9392 0000 90.6395 244
-6.8997 0000 90.6391 236
-6.8602 0000 90.6387 227
-6.8209 0000 90.6447 229
-6.7815 0000 90.6465 238
-6.7412 0000 90.6271 238
-6.7016 0000 90.6246 202
-6.6623 0000 90.6306 182
-6.6235 0000 90.6492 173
-6.5839 0000 90.6468 187
-6.5441 0000 90.6401 209
-6.5045 0000 90.6355 265
-6.4651 0000 90.6414 288
-6.4261 0000 90.6538 254
-6.3866 0000 90.6555 222
-6.3470 0000 90.6531 232
-6.3077 0000 90.6590 255
-6.2692 0000 90.6904 230
-6.2292 0000 90.6753 189
-6.1895 0000 90.6728 142
-6.1503 0000 90.6809 123
-6.1123 0000 90.7292 122
-6.0729 0000 90.7331 160
-6.0329 0000 90.7179 214
-5.9928 0000 90.7028 254
-5.9523 0000 90.6707 302
-5.9125 0000 90.6640 358
-5.8736 0000 90.6827 395
-5.8342 0000 90.6887 459
-5.7949 0000 90.6947 500
-5.7557 0000 90.7049 509
-5.7167 0000 90.7257 488
-5.6772 0000 90.7275 523
-5.6377 0000 90.7271 499
-5.5981 0000 90.7268 413
-5.5584 0000 90.7222 358
-5.5186 0000 90.7134 366
-5.4792 0000 90.7173 332
-5.4398 0000 90.7212 328
-5.4006 0000 90.7335 365
-5.3615 0000 90.7522 277
-5.3223 0000 90.7625 231
-5.2830 0000 90.7727 234
-5.2436 0000 90.7787 272
-5.2042 0000 90.7848 340
-5.1652 0000 90.8056 370
-5.1261 0000 90.8265 410
-5.0866 0000 90.8282 388
-5.0472 0000 90.8343 358
-5.0077 0000 90.8382 337
-4.9679 0000 90.8315 341
-4.9283 0000 90.8311 332
-4.8889 0000 90.8371 304
-4.8500 0000 90.8644 269
-4.8113 0000 90.9001 310
-4.7721 0000 90.9188 370
-4.7333 0000 90.9525 440
-4.6938 0000 90.9564 501
-4.6543 0000 90.9624 529
-4.6148 0000 90.9663 475
-4.5751 0000 90.9639 379
-4.5356 0000 90.9656 313
-4.4966 0000 90.9950 239
-4.4575 0000 91.0202 206
-4.4179 0000 91.0199 180
-4.3784 0000 91.0238 161
-4.3388 0000 91.0277 140
-4.2993 0000 91.0359 118
-4.2605 0000 91.0717 107
-4.2220 0000 91.1266 97
-4.1825 0000 91.1369 88
-4.1434 0000 91.1643 82
-4.1037 0000 91.1618 94
-4.0646 0000 91.1891 124
-4.0255 0000 91.2207 161
-3.9865 0000 91.2545 198
-3.9470 0000 91.2648 231
-3.9074 0000 91.2709 235
-3.8682 0000 91.2961 246
-3.8290 0000 91.3256 231
-3.7898 0000 91.3530 255
-3.7503 0000 91.3634 251
-3.7108 0000 91.3737 227
-3.6718 0000 91.4161 183
-3.6325 0000 91.4413 148
-3.5940 0000 91.5137 135
-3.5544 0000 91.5219 135
-3.5146 0000 91.5215 151
-3.4748 0000 91.5191 168
-3.4354 0000 91.5380 151
-3.3958 0000 91.5462 138
-3.3564 0000 91.5737 134
-3.3167 0000 91.5755 125
-3.2102 0000 87.3018 165
-3.1712 0000 87.2872 260
-3.1318 0000 87.2442 318
-3.0923 0000 87.1971 318
-3.0530 0000 87.1602 349
-3.0144 0000 87.1700 259
-2.9759 0000 87.1818 156
-2.9377 0000 87.2180 84
-2.9618 0000 91.8017 80
-2.9224 0000 91.8378 120
-2.8832 0000 91.8890 156
-2.8437 0000 91.9123 190
-2.8044 0000 91.9550 225
-2.7649 0000 91.9847 213
-2.7257 0000 92.0468 206
-2.6860 0000 92.0637 213
-2.6463 0000 92.0719 222
-2.6066 0000 92.0931 242
-2.5667 0000 92.0906 242
-2.5267 0000 92.0860 239
-2.4869 0000 92.0900 237
-2.4471 0000 92.0983 231
-2.4072 0000 92.1044 235
-2.3674 0000 92.1062 239
-2.3277 0000 92.1317 199
-2.2884 0000 92.2004 171
-2.2489 0000 92.2453 176
-2.2094 0000 92.2946 172
-2.1696 0000 92.3072 160
-2.1298 0000 92.3199 146
-2.0901 0000 92.3498 139
-2.0502 0000 92.3624 137
-2.0104 0000 92.3858 141
-1.9706 0000 92.3985 181
-1.9307 0000 92.4198 235
-1.8908 0000 92.4216 211
-1.8509 0000 92.4429 169
-1.8110 0000 92.4512 167
-1.7711 0000 92.4595 157
-1.7314 0000 92.5111 145
-1.6915 0000 92.5303 147
-1.6518 0000 92.5689 158
-1.6119 0000 92.5968 138
-1.5720 0000 92.6203 142
-1.5321 0000 92.6460 124
-1.4921 0000 92.6543 122
-1.4521 0000 92.6648 127
-1.4123 0000 92.7122 141
-1.3723 0000 92.7184 161
-1.3323 0000 92.7246 176
-1.2923 0000 92.7329 173
-1.2522 0000 92.7391 149
-1.2122 0000 92.7605 150
-1.1722 0000 92.7797 155
-1.1322 0000 92.7859 190
-1.0922 0000 92.7899 230
-1.0521 0000 92.7939 260
-1.0120 0000 92.8001 285
-0.9720 0000 92.8367 296
-0.9320 0000 92.8429 293
-0.8919 0000 92.8491 287
-0.8518 0000 92.8531 273
-0.8118 0000 92.8550 244
-0.7717 0000 92.8547 219
-0.7316 0000 92.8522 212
-0.6915 0000 92.8562 212
-0.6515 0000 92.8667 208
-0.6114 0000 92.8708 187
-0.5713 0000 92.9204 167
-0.5312 0000 92.9571 163
-0.4910 0000 92.9829 207
-0.4509 0000 92.9891 242
-0.4108 0000 92.9996 247
-0.3707 0000 93.0210 217
-0.3305 0000 93.0229 194
-0.2905 0000 93.0073 191
-0.2503 0000 93.0092 189
-0.2102 0000 93.0067 184
-0.1702 0000 92.9955 202
-0.1301 0000 92.9865 243
-0.0900 0000 92.9753 256
-0.0501 0000 92.9336 235
-0.0100 0000 92.9181 203
0.0301 0000 92.9243 186
0.0703 0000 92.9631 229
0.1106 0000 92.9954 365
0.1507 0000 93.0038 417
0.1908 0000 92.9925 390
0.2309 0000 92.9922 348
0.2711 0000 93.0224 285
0.3114 0000 93.0482 267
0.3515 0000 93.0522 221
0.3917 0000 93.0584 181
0.4318 0000 93.0624 171
0.4720 0000 93.0664 209
0.5121 0000 93.0705 246
0.5522 0000 93.0658 231
0.5923 0000 93.0676 180
0.6328 0000 93.1109 150
0.6729 0000 93.1171 148
0.7129 0000 93.0928 152
0.7530 0000 93.0881 191
0.7931 0000 93.0877 244
0.8332 0000 93.0852 347
0.8732 0000 93.0697 531
0.9132 0000 93.0606 614
0.9533 0000 93.0603 583
0.9935 0000 93.0708 451
1.0337 0000 93.0727 312
1.0737 0000 93.0658 233
1.1140 0000 93.0829 213
1.1544 0000 93.1109 188
1.1946 0000 93.1193 193
1.2347 0000 93.1189 184
1.2748 0000 93.1142 179
1.3149 0000 93.1139 179
1.3551 0000 93.1158 167
1.3953 0000 93.1241 168
1.4354 0000 93.1260 176
1.4755 0000 93.1235 161
1.5157 0000 93.1253 146
1.5558 0000 93.1293 146
1.5959 0000 93.1225 141
1.6359 0000 93.1156 133
1.6761 0000 93.1174 143
1.7161 0000 93.1149 153
1.7562 0000 93.1080 142
1.7956 0000 93.0598 145
1.8355 0000 93.0464 185
1.8755 0000 93.0352 226
1.9155 0000 93.0348 258
1.9558 0000 93.0476 266
1.9960 0000 93.0538 231
2.0361 0000 93.0512 197
2.0762 0000 93.0509 179
2.1163 0000 93.0506 157
2.1567 0000 93.0720 144
2.1969 0000 93.0738 145
2.2369 0000 93.0713 149
2.2774 0000 93.0906 187
2.3173 0000 93.0794 250
2.3576 0000 93.0899 251
2.3972 0000 93.0613 260
2.4372 0000 93.0544 241
2.4771 0000 93.0453 210
2.5169 0000 93.0319 190
2.5565 0000 93.0033 197
2.5965 0000 92.9986 201
2.6366 0000 93.0005 189
2.6767 0000 93.0001 158
2.7168 0000 92.9998 158
2.7566 0000 92.9842 178
2.7966 0000 92.9817 192
2.8366 0000 92.9792 186
2.8767 0000 92.9767 191
2.9168 0000 92.9785 192
2.9570 0000 92.9869 187
2.9981 0000 93.0344 206
3.0385 0000 93.0471 254
3.0785 0000 93.0468 289
3.1185 0000 93.0399 284
3.1585 0000 93.0353 241
3.1986 0000 93.0349 181
3.2386 0000 93.0346 131
3.2792 0000 93.0560 118
3.3200 0000 93.0862 108
3.3602 0000 93.0924 108
3.4004 0000 93.0942 121
3.4404 0000 93.0917 133
3.4806 0000 93.0936 139
3.5207 0000 93.0954 155
3.5607 0000 93.0885 186
3.5999 0000 93.0512 249
3.6398 0000 93.0443 318
3.6798 0000 93.0396 335
3.7200 0000 93.0458 303
3.7595 0000 93.0215 356
3.7994 0000 93.0169 368
3.8390 0000 92.9969 304
3.8790 0000 92.9944 255
3.9196 0000 93.0115 219
3.9592 0000 92.9938 172
3.9992 0000 92.9934 223
4.0398 0000 93.0105 257
4.0801 0000 93.0211 314
4.1203 0000 93.0251 346
4.1603 0000 93.0204 343
4.2004 0000 93.0201 326
4.2405 0000 93.0219 295
4.2807 0000 93.0260 236
4.3208 0000 93.0278 221
4.3607 0000 93.0188 272
4.4006 0000 93.0141 289
4.4407 0000 93.0160 249
4.4810 0000 93.0222 199
4.5219 0000 93.0480 156
4.5626 0000 93.0694 153
4.6029 0000 93.0756 154
4.6432 0000 93.0840 145
4.6851 0000 93.1404 127
4.7254 0000 93.1466 119
4.7655 0000 93.1463 122
4.8056 0000 93.1481 125
4.8467 0000 93.1783 112
4.8877 0000 93.2042 110
4.9262 0000 93.1537 136
4.9660 0000 93.1447 189
5.0061 0000 93.1443 270
5.0463 0000 93.1484 370
5.0865 0000 93.1502 364
5.1269 0000 93.1587 272
5.1671 0000 93.1627 227
5.2072 0000 93.1602 222
5.2476 0000 93.1686 215
5.2880 0000 93.1770 210
5.3295 0000 93.2182 234
5.3700 0000 93.2287 296
5.4104 0000 93.2350 346
5.4504 0000 93.2325 347
5.4903 0000 93.2256 307
5.5306 0000 93.2319 256
5.5716 0000 93.2534 257
5.6118 0000 93.2574 243
5.6531 0000 93.2877 200
5.6953 0000 93.3420 208
5.7369 0000 93.3810 225
5.7775 0000 93.3938 268
5.8176 0000 93.3913 307
5.8574 0000 93.3823 325
5.8975 0000 93.3798 355
5.9376 0000 93.3795 407
5.9779 0000 93.3836 448
6.0183 0000 93.3898 453
6.0588 0000 93.3982 451
6.0999 0000 93.4198 435
6.1409 0000 93.4414 442
6.1815 0000 93.4520 369
6.2222 0000 93.4648 275
6.2635 0000 93.4930 224
6.3040 0000 93.5014 207
6.3452 0000 93.5252 202
6.3864 0000 93.5490 241
6.4267 0000 93.5531 282
6.4673 0000 93.5616 316
6.5076 0000 93.5635 350
6.5476 0000 93.5588 399
6.5878 0000 93.5607 422
6.6284 0000 93.5691 382
6.6689 0000 93.5754 308
6.7093 0000 93.5817 251
6.7516 0000 93.6296 235
6.7922 0000 93.6381 236
6.8322 0000 93.6334 242
6.8726 0000 93.6375 249
6.9147 0000 93.6811 246
6.9556 0000 93.6961 258
6.9964 0000 93.7090 273
7.0370 0000 93.7175 292
7.0782 0000 93.7369 336
7.1193 0000 93.7564 302
7.1597 0000 93.7605 292
7.2002 0000 93.7668 241
7.2408 0000 93.7753 174
7.2826 0000 93.8080 152
7.3256 0000 93.8670 144
7.3665 0000 93.8799 138
7.4071 0000 93.8884 125
7.4486 0000 93.9145 124
7.4900 0000 93.9384 116
7.5292 0000 93.9161 118
7.5708 0000 93.9422 135
7.6124 0000 93.9706 135
7.6530 0000 93.9769 143
7.6934 0000 93.9788 153
7.7335 0000 93.9763 174
7.7739 0000 93.9782 197
7.8145 0000 93.9845 202
7.8551 0000 93.9908 184
7.8952 0000 93.9884 158
7.9355 0000 93.9881 142
7.9783 0000 94.0384 136
8.0190 0000 94.0470 126
8.0600 0000 94.0599 130
8.1022 0000 94.0971 159
8.1437 0000 94.1210 163
8.1841 0000 94.1230 181
8.2247 0000 94.1293 190
8.2671 0000 94.1687 185
8.3079 0000 94.1772 163
8.3484 0000 94.1814 141
8.3888 0000 94.1833 131
8.4305 0000 94.2095 146
8.4715 0000 94.2225 167
8.5123 0000 94.2310 168
8.5550 0000 94.2749 142
8.5958 0000 94.2834 147
8.6363 0000 94.2854 171
8.6768 0000 94.2895 176
8.7173 0000 94.2914 194
8.7577 0000 94.2934 225
8.7983 0000 94.2975 231
8.8396 0000 94.3149 197
8.8803 0000 94.3213 188
8.9212 0000 94.3320 207
8.9622 0000 94.3428 242
9.0036 0000 94.3624 286
9.0451 0000 94.3821 264
9.0858 0000 94.3884 262
9.1267 0000 94.3970 229
9.1677 0000 94.4078 186
9.2098 0000 94.4385 178
9.2509 0000 94.4515 175
9.2927 0000 94.4755 166
9.3335 0000 94.4819 166
9.3752 0000 94.5060 177
9.4156 0000 94.5057 177
9.4556 0000 94.4988 174
9.4960 0000 94.4985 167
9.5370 0000 94.5093 155
9.5791 0000 94.5379 141
9.6209 0000 94.5620 164
9.6616 0000 94.5661 175
9.7022 0000 94.5703 192
9.7436 0000 94.5855 190
9.7831 0000 94.5720 205
9.8237 0000 94.5739 191
9.8643 0000 94.5781 171
9.9058 0000 94.5956 136
9.9463 0000 94.5975 126
9.9886 0000 94.6283 143
10.0292 0000 94.6302 165
10.0703 0000 94.6411 203
10.1112 0000 94.6497 243
10.1518 0000 94.6516 254
10.1923 0000 94.6536 226
10.2327 0000 94.6533 181
10.2728 0000 94.6486 158
10.3155 0000 94.6838 154
10.3560 0000 94.6858 152
10.3966 0000 94.6878 148
10.4357 0000 94.6675 128
10.4745 0000 94.6429 152
10.5146 0000 94.6382 174
10.5546 0000 94.6313 169
10.5948 0000 94.6288 169
10.6344 0000 94.6152 162
10.6759 0000 94.6327 172
10.7160 0000 94.6280 161
10.7562 0000 94.6255 148
10.7966 0000 94.6253 130
10.8357 0000 94.6051 131
10.8762 0000 94.6070 179
10.9169 0000 94.6112 213
10.9570 0000 94.6065 204
10.9969 0000 94.5996 193
11.0374 0000 94.6016 184
11.0773 0000 94.5947 147
11.1162 0000 94.5722 126
11.1564 0000 94.5698 118
11.1962 0000 94.5606 122
11.2359 0000 94.5515 124
11.2760 0000 94.5468 113
11.3162 0000 94.5444 95
11.3529 0000 94.4932 88
11.3927 0000 94.4841 103
11.4327 0000 94.4794 111
11.4715 0000 94.4570 104
11.5099 0000 94.4302 80
11.5491 0000 94.4145 77
11.5884 0000 94.3987 77
11.6250 0000 94.3476 80
11.6648 0000 94.3407 79
11.7050 0000 94.3383 88
11.7450 0000 94.3336 110
11.7867 0000 94.3532 134
11.8260 0000 94.3397 163
11.8663 0000 94.3395 181
11.9063 0000 94.3348 185
11.9459 0000 94.3257 177
11.9839 0000 94.2945 166
12.0218 0000 94.2611 140
12.0596 0000 94.2278 145
12.0992 0000 94.2187 158
12.1391 0000 94.2140 167
12.1790 0000 94.2094 142
12.2166 0000 94.1738 130
12.2567 0000 94.1714 157
12.2981 0000 94.1865 180
12.3385 0000 94.1885 209
12.3791 0000 94.1927 240
12.4192 0000 94.1902 257
12.4574 0000 94.1635 273
12.4963 0000 94.1456 261
12.5341 0000 94.1145 245
12.5750 0000 94.1230 217
12.6150 0000 94.1206 227
12.6549 0000 94.1159 240
12.6948 0000 94.1113 256
12.7348 0000 94.1088 268
12.7752 0000 94.1108 253
12.8145 0000 94.0995 239
12.8539 0000 94.0882 205
12.8923 0000 94.0659 172
12.9282 0000 94.0107 169
12.9676 0000 94.0016 200
13.0078 0000 94.0013 230
13.0469 0000 93.9879 222
13.0869 0000 93.9854 211
13.1283 0000 94.0006 198
13.1694 0000 94.0113 160
13.2099 0000 94.0155 123
13.2501 0000 94.0152 99
13.2886 0000 93.9952 101
13.3277 0000 93.9817 108
13.3652 0000 93.9485 116
13.4067 0000 93.9658 157
13.4489 0000 93.9898 182
13.4894 0000 93.9939 218
13.5308 0000 94.0091 245
13.5735 0000 94.0396 249
13.6137 0000 94.0394 268
13.6531 0000 94.0303 282
13.6931 0000 94.0279 278
13.7331 0000 94.0254 261
13.7730 0000 94.0229 243
13.8119 0000 94.0073 252
13.8522 0000 94.0092 245
13.8920 0000 94.0046 237
13.9298 0000 93.9779 237
13.9690 0000 93.9667 271
14.0075 0000 93.9466 344
14.0470 0000 93.9398 419
14.0869 0000 93.9373 482
14.1269 0000 93.9349 497
14.1674 0000 93.9390 457
14.2080 0000 93.9454 385
14.2489 0000 93.9539 320
14.2894 0000 93.9580 265
14.3311 0000 93.9754 200
14.3733 0000 93.9993 182
14.4144 0000 94.0100 161
14.4547 0000 94.0120 151
14.4942 0000 94.0051 145
14.5320 0000 93.9785 134
14.5717 0000 93.9738 135
14.6112 0000 93.9670 138
14.6505 0000 93.9579 141
14.6879 0000 93.9269 151
14.7275 0000 93.9223 146
14.7672 0000 93.9176 140
14.8059 0000 93.9020 158
14.8462 0000 93.9039 155
14.8880 0000 93.9234 135
14.9293 0000 93.9363 144
14.9720 0000 93.9646 150
15.0139 0000 93.9842 177
15.0542 0000 93.9861 200
15.0942 0000 93.9858 227
15.1345 0000 93.9878 226
15.1772 0000 94.0161 192
15.2179 0000 94.0224 185
15.2564 0000 94.0046 189
15.2968 0000 94.0087 185
15.3377 0000 94.0172 181
15.3776 0000 94.0147 166
15.4193 0000 94.0321 155
15.4598 0000 94.0362 120
15.5001 0000 94.0381 98
15.5397 0000 94.0335 94
15.5798 0000 94.0332 97
15.6201 0000 94.0351 103
15.6606 0000 94.0393 110
15.7004 0000 94.0368 115
15.7424 0000 94.0563 110
15.7831 0000 94.0626 112
15.8254 0000 94.0866 122
15.8640 0000 94.0709 119
15.9039 0000 94.0684 127
15.9439 0000 94.0682 130
15.9842 0000 94.0701 140
16.0238 0000 94.0654 156
16.0643 0000 94.0695 170
16.1087 0000 94.1133 192
16.1494 0000 94.1196 206
16.1892 0000 94.1171 203
16.2271 0000 94.0948 206
16.2654 0000 94.0770 183
16.3068 0000 94.0899 217
16.3492 0000 94.1138 209
16.3912 0000 94.1333 207
16.4343 0000 94.1639 215
16.4768 0000 94.1878 187
16.5180 0000 94.1986 194
16.5589 0000 94.2071 217
16.5999 0000 94.2156 223
16.6439 0000 94.2550 214
16.6853 0000 94.2679 202
16.7265 0000 94.2787 191
16.7715 0000 94.3269 197
16.8131 0000 94.3421 221
16.8543 0000 94.3528 256
16.8982 0000 94.3901 289
16.9397 0000 94.4030 290
16.9809 0000 94.4138 247
17.0221 0000 94.4245 186
17.0649 0000 94.4507 147
17.1100 0000 94.4991 121
17.1513 0000 94.5098 124
17.1946 0000 94.5405 130
17.2356 0000 94.5490 143
17.2764 0000 94.5554 165
17.3170 0000 94.5595 191
17.3611 0000 94.5968 207
17.4023 0000 94.6076 208
17.4476 0000 94.6560 191
17.4900 0000 94.6779 183
17.5358 0000 94.7307 189
17.5776 0000 94.7460 187
17.6186 0000 94.7545 184
17.6595 0000 94.7609 177
17.7022 0000 94.7850 166
17.7467 0000 94.8246 117
17.7920 0000 94.8731 99
17.8389 0000 94.9350 102
17.8850 0000 94.9902 110
17.9266 0000 95.0033 116
17.9683 0000 95.0163 130
18.0135 0000 95.0627 141
18.0542 0000 95.0669 141
18.0949 0000 95.0710 148
18.1361 0000 95.0796 169
18.1787 0000 95.1016 173
18.2204 0000 95.1147 175
18.2643 0000 95.1478 152
18.3091 0000 95.1898 161
18.3550 0000 95.2407 171
18.3967 0000 95.2538 163
18.4429 0000 95.3070 141
18.4878 0000 95.3491 137
18.5320 0000 95.3846 130
18.5733 0000 95.3932 134
18.6200 0000 95.4510 131
18.6633 0000 95.4775 126
18.7106 0000 95.5398 123
18.7574 0000 95.5977 120
18.8027 0000 95.6422 125
18.8486 0000 95.6912 115
18.8955 0000 95.7492 112
18.9402 0000 95.7870 111
18.9848 0000 95.8249 100
19.0321 0000 95.8852 102
19.0742 0000 95.9006 106
19.1213 0000 95.9588 110
19.1665 0000 96.0012 126
19.2110 0000 96.0369 140
19.2527 0000 96.0479 158
19.2986 0000 96.0948 166
19.3403 0000 96.1058 176
19.3812 0000 96.1100 175
19.4211 0000 96.1052 160
19.4581 0000 96.0756 165
19.4975 0000 96.0663 188
19.5400 0000 96.0841 202
19.5819 0000 96.0973 219
19.6237 0000 96.1082 232
19.6664 0000 96.1282 265
19.7076 0000 96.1347 267
19.7483 0000 96.1366 258
19.7884 0000 96.1341 225
19.8312 0000 96.1541 170
19.8732 0000 96.1673 145
19.9152 0000 96.1805 136
19.9562 0000 96.1847 132
19.9990 0000 96.2047 137
20.0370 0000 96.1841 126
20.0766 0000 96.1771 138
20.1162 0000 96.1700 172
20.1563 0000 96.1675 204
20.1967 0000 96.1672 228
20.2369 0000 96.1646 240
20.2770 0000 96.1621 219
20.3171 0000 96.1596 192
20.3578 0000 96.1615 173
20.3993 0000 96.1702 155
20.4405 0000 96.1767 149
20.4806 0000 96.1741 143
20.5207 0000 96.1716 129
20.5616 0000 96.1758 124
20.6026 0000 96.1800 135
20.6427 0000 96.1775 147
20.6836 0000 96.1817 143
20.7295 0000 96.2265 130
20.7694 0000 96.2217 125
20.8045 0000 96.1786 125
20.8451 0000 96.1805 131
20.8916 0000 96.2298 143
20.9328 0000 96.2363 157
20.9735 0000 96.2382 168
21.0139 0000 96.2379 187
21.0546 0000 96.2399 204
21.0958 0000 96.2464 195
21.1364 0000 96.2483 176
21.1760 0000 96.2413 161
21.2166 0000 96.2432 158
21.2576 0000 96.2474 166
21.2985 0000 96.2516 173
21.3406 0000 96.2649 185
21.3858 0000 96.3029 202
21.4276 0000 96.3139 194
21.4719 0000 96.3452 184
21.5160 0000 96.3742 157
21.5564 0000 96.3739 170
21.5965 0000 96.3714 194
21.6366 0000 96.3688 206
21.6761 0000 96.3617 193
21.7145 0000 96.3457 206
21.7577 0000 96.3679 193
21.7998 0000 96.3812 184
21.8408 0000 96.3854 169
21.8814 0000 96.3873 147
21.9276 0000 96.4322 142
21.9689 0000 96.4387 150
22.0101 0000 96.4451 133
22.0517 0000 96.4539 113
22.0953 0000 96.4784 121
22.1318 0000 96.4488 121
22.1707 0000 96.4372 120
22.2102 0000 96.4301 113
22.2467 0000 96.4005 120
22.2865 0000 96.3957 120
22.3277 0000 96.4022 115
22.3683 0000 96.4042 120
22.4051 0000 96.3768 121
22.4448 0000 96.3720 130
22.4852 0000 96.3718 142
22.5261 0000 96.3760 142
22.5673 0000 96.3825 141
22.6109 0000 96.4070 156
22.6515 0000 96.4090 136
22.6951 0000 96.4335 105
22.7331 0000 96.4152 108
22.7767 0000 96.4397 103
22.8179 0000 96.4462 95
22.8619 0000 96.4730 93
22.9025 0000 96.4750 95
22.9422 0000 96.4702 102
22.9788 0000 96.4428 103
23.0179 0000 96.4335 110
23.0543 0000 96.4040 126
23.0936 0000 96.3969 137
23.1339 0000 96.3967 144
23.1745 0000 96.3986 129
23.2151 0000 96.4006 115
23.2526 0000 96.3801 106
23.2959 0000 96.4024 121
23.3365 0000 96.4044 125
23.3771 0000 96.4063 120
23.4167 0000 96.4016 112
23.4567 0000 96.3991 106
23.4966 0000 96.3966 107
23.5369 0000 96.3963 111
23.5802 0000 96.4186 114
23.6211 0000 96.4228 127
23.6620 0000 96.4271 135
23.7022 0000 96.4268 146
23.7437 0000 96.4356 155
23.7855 0000 96.4466 160
23.8264 0000 96.4509 155
23.8660 0000 96.4461 130
23.9091 0000 96.4662 117
23.9496 0000 96.4682 110
23.9905 0000 96.4724 110
24.0276 0000 96.4496 110
24.0678 0000 96.4494 118
24.1119 0000 96.4762 137
24.1518 0000 96.4737 150
24.1917 0000 96.4712 167
24.2319 0000 96.4710 177
24.2721 0000 96.4707 165
24.3127 0000 96.4728 199
24.3526 0000 96.4703 231
24.3918 0000 96.4632 248
24.4323 0000 96.4653 270
24.4726 0000 96.4650 298
24.5121 0000 96.4603 313
24.5520 0000 96.4578 309
24.5929 0000 96.4621 297
24.6370 0000 96.4889 322
24.6811 0000 96.5157 302
24.7236 0000 96.5313 276
24.7658 0000 96.5446 230
24.8063 0000 96.5466 206
24.8459 0000 96.5419 206
24.8818 0000 96.5123 216
24.9167 0000 96.4760 190
24.9520 0000 96.4419 207
24.9912 0000 96.4349 213
25.0310 0000 96.4324 228
25.0709 0000 96.4299 246
25.1107 0000 96.4275 243
25.1516 0000 96.4317 234
25.1928 0000 96.4383 227
25.2386 0000 96.4764 211
25.2808 0000 96.4897 191
25.3220 0000 96.4962 180
25.3622 0000 96.4960 182
25.4058 0000 96.5184 186
25.4473 0000 96.5272 202
25.4882 0000 96.5315 209
25.5277 0000 96.5267 209
25.5648 0000 96.5062 223
25.6043 0000 96.5014 223
25.6442 0000 96.4989 232
25.6844 0000 96.4987 251
25.7273 0000 96.5165 244
25.7671 0000 96.5141 261
25.8032 0000 96.4867 319
25.8420 0000 96.4775 332
