wt=151507152, DLLFiFo=0
-26.1667 0000 96.0030 108
-26.1280 0000 96.0138 82
-26.0954 0000 96.0670 66
-26.0583 0000 96.0890 76
-26.0143 0000 96.0639 100
-25.9697 0000 96.0344 112
-25.9310 0000 96.0452 129
-25.8935 0000 96.0649 139
-25.8551 0000 96.0778 131
-25.8182 0000 96.1020 120
-25.7785 0000 96.1061 99
-25.7384 0000 96.1079 85
-25.7009 0000 96.1276 84
-25.6560 0000 96.0958 73
-25.6083 0000 96.0439 94
-25.5635 0000 96.0122 123
-25.5225 0000 96.0073 173
-25.4812 0000 96.0001 194
-25.4389 0000 95.9863 167
-25.3992 0000 95.9903 138
-25.3613 0000 96.0078 106
-25.3269 0000 96.0499 78
-25.3092 0000 96.2107 82
-25.2757 0000 96.2597 100
-25.2384 0000 96.2817 114
-25.2021 0000 96.3104 123
-25.1607 0000 96.3033 97
-25.1124 0000 96.2468 83
-25.0711 0000 96.2396 106
-25.0288 0000 96.2257 162
-24.9871 0000 96.2163 202
-24.9445 0000 96.2002 158
-24.9072 0000 96.2222 111
-24.8726 0000 96.2644 105
-24.8341 0000 96.2775 97
-24.7964 0000 96.2973 89
-24.7587 0000 96.3171 78
-24.7180 0000 96.3144 86
-24.6769 0000 96.3095 101
-24.6365 0000 96.3091 110
-24.5969 0000 96.3154 128
-24.5580 0000 96.3262 153
-24.5215 0000 96.3550 140
-24.4829 0000 96.3681 137
-24.4494 0000 96.4194 146
-24.4059 0000 96.3965 139
-24.3593 0000 96.3511 138
-24.3183 0000 96.3462 143
-24.2802 0000 96.3637 156
-24.2446 0000 96.3993 174
-24.2050 0000 96.4056 175
-24.1648 0000 96.4075 168
-24.1298 0000 96.4476 156
-24.0911 0000 96.4607 154
-24.0509 0000 96.4625 149
-24.0095 0000 96.4553 122
-23.9597 0000 96.3852 96
-23.9076 0000 96.2971 92
-23.8564 0000 96.2158 117
-23.8109 0000 96.1772 124
-23.7669 0000 96.1499 155
-23.7262 0000 96.1472 166
-23.6887 0000 96.1692 151
-23.6533 0000 96.2070 160
-23.6175 0000 96.2425 144
-23.5785 0000 96.2533 146
-23.5378 0000 96.2507 144
-23.4970 0000 96.2480 163
-23.4583 0000 96.2611 212
-23.4193 0000 96.2719 213
-23.3802 0000 96.2827 198
-23.3429 0000 96.3070 153
-23.3048 0000 96.3246 123
-23.2684 0000 96.3557 104
-23.2287 0000 96.3620 81
-23.2009 0000 96.4607 98
-23.1656 0000 96.5008 149
-23.1285 0000 96.5274 217
-23.0894 0000 96.5383 252
-23.0500 0000 96.5469 260
-23.0098 0000 96.5488 240
-22.9695 0000 96.5506 243
-22.9295 0000 96.5547 307
-22.8892 0000 96.5566 416
-22.8484 0000 96.5539 502
-22.8110 0000 96.5783 517
-22.7727 0000 96.5960 455
-22.7358 0000 96.6249 326
-22.6966 0000 96.6358 274
-22.6591 0000 96.6602 245
-22.6174 0000 96.6508 205
-22.5701 0000 96.5962 206
-22.5261 0000 96.5688 184
-22.4852 0000 96.5661 173
-22.4444 0000 96.5634 183
-22.4030 0000 96.5563 190
-22.3624 0000 96.5559 183
-22.3232 0000 96.5668 179
-22.2890 0000 96.6183 191
-22.2495 0000 96.6269 201
-22.2089 0000 96.6265 175
-22.1678 0000 96.6216 141
-22.1272 0000 96.6212 132
-22.0904 0000 96.6524 135
-22.0509 0000 96.6611 156
-22.0106 0000 96.6629 179
-21.9724 0000 96.6829 197
-21.9296 0000 96.6644 201
-21.8956 0000 96.7182 167
-21.8681 0000 96.8264 167
-21.8307 0000 96.8531 170
-21.7821 0000 96.7871 178
-21.7358 0000 96.7393 184
-21.6889 0000 96.6869 182
-21.6469 0000 96.6752 176
-21.6065 0000 96.6771 173
-21.5689 0000 96.7016 177
-21.5417 0000 96.8142 171
-21.5099 0000 96.8886 253
-21.4671 0000 96.8701 347
-21.4258 0000 96.8652 366
-21.3846 0000 96.8603 374
-21.3418 0000 96.8418 365
-21.2996 0000 96.8278 375
-21.2552 0000 96.7958 366
-21.2105 0000 96.7615 248
-21.1664 0000 96.7317 181
-21.1242 0000 96.7178 131
-21.0772 0000 96.6632 127
-21.0353 0000 96.6515 152
-20.9920 0000 96.6286 187
-20.9504 0000 96.6192 212
-20.9100 0000 96.6210 239
-20.8699 0000 96.6252 208
-20.8313 0000 96.6429 138
-20.7912 0000 96.6470 123
-20.7506 0000 96.6467 121
-20.7084 0000 96.6328 110
-20.6731 0000 96.6798 107
-20.6317 0000 96.6727 161
-20.5903 0000 96.6656 250
-20.5486 0000 96.6562 267
-20.5126 0000 96.6965 255
-20.4780 0000 96.7504 215
-20.4448 0000 96.8157 210
-20.4076 0000 96.8470 251
-20.3679 0000 96.8557 280
-20.3270 0000 96.8531 281
-20.2830 0000 96.8233 259
-20.2408 0000 96.8094 291
-20.2004 0000 96.8113 265
-20.1587 0000 96.8019 182
-20.1157 0000 96.7812 111
-20.0723 0000 96.7560 81
-20.0321 0000 96.7601 60
-19.9917 0000 96.7621 51
-19.9502 0000 96.7549 47
-19.9058 0000 96.7207 45
-19.8644 0000 96.7135 43
-19.8205 0000 96.6838 46
-19.7841 0000 96.7219 56
-19.7507 0000 96.7894 62
-19.7194 0000 96.8752 90
-19.6828 0000 96.9134 132
-19.6445 0000 96.9357 142
-19.6069 0000 96.9648 155
-19.5703 0000 97.0031 203
-19.5332 0000 97.0368 223
-19.4929 0000 97.0410 236
-19.4524 0000 97.0429 240
-19.4126 0000 97.0517 253
-19.3747 0000 97.0786 274
-19.3342 0000 97.0806 257
-19.2956 0000 97.1007 243
-19.2526 0000 97.0799 284
-19.2114 0000 97.0751 282
-19.1706 0000 97.0747 264
-19.1322 0000 97.0971 234
-19.0952 0000 97.1332 207
-19.0580 0000 97.1669 207
-19.0179 0000 97.1734 210
-18.9801 0000 97.2027 217
-18.9372 0000 97.1819 253
-18.8964 0000 97.1816 295
-18.8553 0000 97.1790 368
-18.8136 0000 97.1696 435
-18.7713 0000 97.1556 450
-18.7277 0000 97.1280 414
-18.6867 0000 97.1254 387
-18.6512 0000 97.1774 348
-18.6125 0000 97.1975 328
-18.5739 0000 97.2200 336
-18.5359 0000 97.2469 360
-18.4948 0000 97.2444 332
-18.4540 0000 97.2440 294
-18.4140 0000 97.2528 272
-18.3741 0000 97.2616 244
-18.3326 0000 97.2545 197
-18.2885 0000 97.2223 172
-18.2463 0000 97.2083 144
-18.2001 0000 97.1533 126
-18.1583 0000 97.1439 122
-18.1231 0000 97.2005 131
-18.0863 0000 97.2411 135
-18.0488 0000 97.2750 155
-18.0077 0000 97.2724 165
-17.9660 0000 97.2629 168
-17.9242 0000 97.2535 162
-17.8787 0000 97.2054 161
-17.8376 0000 97.2028 168
-17.7961 0000 97.1956 171
-17.7543 0000 97.1862 171
-17.7128 0000 97.1790 170
-17.6709 0000 97.1673 162
-17.6263 0000 97.1283 170
-17.5861 0000 97.1348 130
-17.5466 0000 97.1481 135
-17.5088 0000 97.1797 162
-17.4709 0000 97.2112 175
-17.4309 0000 97.2200 200
-17.3896 0000 97.2151 195
-17.3479 0000 97.2057 187
-17.3070 0000 97.2053 196
-17.2663 0000 97.2073 213
-17.2259 0000 97.2115 218
-17.1872 0000 97.2340 217
-17.1484 0000 97.2564 154
-17.1077 0000 97.2584 116
-17.0662 0000 97.2512 102
-17.0211 0000 97.2053 107
-16.9793 0000 97.1959 107
-16.9368 0000 97.1773 106
-16.8961 0000 97.1793 110
-16.8554 0000 97.1812 117
-16.8189 0000 97.2287 125
-16.7812 0000 97.2625 129
-16.7444 0000 97.3078 156
-16.7060 0000 97.3348 225
-16.6626 0000 97.3071 260
-16.6202 0000 97.2908 270
-16.5746 0000 97.2381 243
-16.5300 0000 97.1967 215
-16.4864 0000 97.1668 174
-16.4392 0000 97.0959 163
-16.3938 0000 97.0455 159
-16.3511 0000 97.0247 128
-16.3095 0000 97.0153 69
-16.2682 0000 97.0104 46
0.0000 0000 0.0000 0
0.0000 0000 0.0000 0
-16.1646 0000 97.2255 37
-16.1237 0000 97.2252 48
-16.0766 0000 97.1542 63
-16.0333 0000 97.1266 121
-15.9906 0000 97.1058 161
-15.9483 0000 97.0895 186
-15.9057 0000 97.0687 150
-15.8638 0000 97.0569 132
-15.8204 0000 97.0270 153
-15.7789 0000 97.0199 195
-15.7380 0000 97.0195 203
-15.6971 0000 97.0192 153
-15.6580 0000 97.0393 87
-15.6293 0000 97.1823 60
-15.6074 0000 97.4054 70
-15.5718 0000 97.4690 79
-15.5276 0000 97.4298 85
-15.4800 0000 97.3518 96
-15.4350 0000 97.3036 117
-15.3964 0000 97.3306 118
-15.3585 0000 97.3667 124
-15.3222 0000 97.4234 109
-15.2864 0000 97.4848 141
-15.2441 0000 97.4684 198
-15.2053 0000 97.4955 205
-15.1649 0000 97.5020 220
-15.1227 0000 97.4879 274
-15.0821 0000 97.4921 301
-15.0407 0000 97.4872 298
-14.9988 0000 97.4754 302
-14.9572 0000 97.4682 320
-14.9167 0000 97.4746 317
-14.8778 0000 97.4994 279
-14.8373 0000 97.5059 260
-14.7968 0000 97.5124 229
-14.7563 0000 97.5189 207
-14.7169 0000 97.5391 214
-14.6766 0000 97.5479 212
-14.6396 0000 97.5978 215
-14.5993 0000 97.6066 213
-14.5577 0000 97.5994 189
-14.5132 0000 97.5556 185
-14.4727 0000 97.5620 215
-14.4320 0000 97.5663 238
-14.3899 0000 97.5522 232
-14.3460 0000 97.5152 208
-14.3026 0000 97.4851 205
-14.2616 0000 97.4847 185
-14.2250 0000 97.5415 212
-14.1866 0000 97.5755 259
-14.1474 0000 97.6003 349
-14.1069 0000 97.6068 395
-14.0665 0000 97.6155 405
-14.0260 0000 97.6220 371
-13.9864 0000 97.6423 283
-13.9459 0000 97.6488 230
-13.9051 0000 97.6530 200
-13.8639 0000 97.6503 186
-13.8209 0000 97.6247 177
-13.7791 0000 97.6152 150
-13.7376 0000 97.6080 137
-13.6953 0000 97.5916 154
-13.6498 0000 97.5317 194
-13.6077 0000 97.5176 225
-13.5663 0000 97.5127 238
-13.5263 0000 97.5260 256
-13.4879 0000 97.5622 256
-13.4471 0000 97.5664 255
-13.4042 0000 97.5409 263
-13.3608 0000 97.5085 230
-13.3178 0000 97.4807 230
-13.2766 0000 97.4780 215
-13.2357 0000 97.4799 205
-13.1959 0000 97.4979 187
-13.1561 0000 97.5158 194
-13.1172 0000 97.5452 174
-13.0842 0000 97.6593 183
-13.0444 0000 97.6772 193
-13.0026 0000 97.6677 208
-12.9597 0000 97.6421 161
-12.9178 0000 97.6303 114
-12.8745 0000 97.5979 92
-12.8340 0000 97.6066 97
-12.7947 0000 97.6315 130
-12.7532 0000 97.6265 155
-12.7126 0000 97.6330 165
-12.6734 0000 97.6601 150
-12.6332 0000 97.6735 158
-12.5942 0000 97.7053 167
-12.5536 0000 97.7118 185
-12.5126 0000 97.7137 201
-12.4707 0000 97.7019 206
-12.4271 0000 97.6648 209
-12.3849 0000 97.6484 187
-12.3418 0000 97.6183 145
-12.2981 0000 97.5790 123
-12.2569 0000 97.5763 101
-12.2177 0000 97.6057 97
-12.1774 0000 97.6168 90
-12.1358 0000 97.6096 103
-12.0923 0000 97.5726 129
-12.0509 0000 97.5676 157
-12.0089 0000 97.5535 168
-11.9678 0000 97.5532 175
-11.9267 0000 97.5528 159
-11.8844 0000 97.5341 158
-11.8434 0000 97.5361 180
-11.8009 0000 97.5128 202
-11.7593 0000 97.5056 235
-11.7187 0000 97.5121 263
-11.6804 0000 97.5575 260
-11.6413 0000 97.5892 255
-11.6006 0000 97.5957 241
-11.5596 0000 97.5977 237
-11.5184 0000 97.5950 218
-11.4770 0000 97.5901 183
-11.4371 0000 97.6103 134
-11.3958 0000 97.6077 104
-11.3526 0000 97.5730 96
-11.3112 0000 97.5680 99
-11.2676 0000 97.5264 116
-11.2266 0000 97.5284 136
-11.1852 0000 97.5234 138
-11.1438 0000 97.5185 122
-11.1052 0000 97.5593 114
-11.0636 0000 97.5521 123
-11.0211 0000 97.5289 125
-10.9802 0000 97.5308 135
-10.9389 0000 97.5281 152
-10.8962 0000 97.5003 168
-10.8549 0000 97.4977 154
-10.8116 0000 97.4584 131
-10.7699 0000 97.4489 110
-10.7288 0000 97.4485 103
-10.6883 0000 97.4596 116
-10.6474 0000 97.4615 137
-10.6056 0000 97.4497 145
-10.5634 0000 97.4311 131
-10.5189 0000 97.3690 123
-10.4765 0000 97.3457 139
-10.4353 0000 97.3431 129
-10.3949 0000 97.3564 103
-10.3544 0000 97.3652 106
-10.3134 0000 97.3671 128
-10.2721 0000 97.3645 163
-10.2309 0000 97.3618 195
-10.1898 0000 97.3615 218
-10.1487 0000 97.3611 216
-10.1087 0000 97.3813 192
-10.0676 0000 97.3810 199
-10.0262 0000 97.3760 202
-9.9851 0000 97.3756 181
-9.9426 0000 97.3478 159
-9.9012 0000 97.3429 140
-9.8587 0000 97.3151 138
-9.8188 0000 97.3376 126
-9.7779 0000 97.3418 132
-9.7358 0000 97.3231 156
-9.6945 0000 97.3182 163
-9.6522 0000 97.2950 146
-9.6131 0000 97.3335 154
-9.5723 0000 97.3400 196
-9.5302 0000 97.3190 229
-9.4889 0000 97.3164 253
-9.4479 0000 97.3183 238
-9.4068 0000 97.3179 180
-9.3653 0000 97.3084 116
-9.3205 0000 97.2349 78
-9.2772 0000 97.1889 61
-9.2298 0000 97.0585 62
-9.1917 0000 97.1197 69
-9.1509 0000 97.1239 102
-9.1099 0000 97.1258 147
-9.0698 0000 97.1460 166
-9.0288 0000 97.1479 182
-8.9877 0000 97.1475 194
-8.9465 0000 97.1449 177
-8.9053 0000 97.1399 135
-8.8616 0000 97.0848 122
-8.8187 0000 97.0457 110
-8.7762 0000 97.0134 125
-8.7340 0000 96.9880 121
-8.6928 0000 96.9854 140
-8.6518 0000 96.9850 156
-8.6111 0000 96.9914 144
-8.5713 0000 97.0207 133
-8.5307 0000 97.0294 120
-8.4912 0000 97.0632 126
-8.4498 0000 97.0560 155
-8.4101 0000 97.0876 172
-8.3695 0000 97.0986 187
-8.3289 0000 97.1074 178
-8.2872 0000 97.0933 188
-8.2475 0000 97.1249 218
-8.2066 0000 97.1291 259
-8.1652 0000 97.1219 297
-8.1239 0000 97.1169 315
-8.0828 0000 97.1143 307
-8.0402 0000 97.0797 276
-7.9983 0000 97.0588 266
-7.9560 0000 97.0288 231
-7.9135 0000 96.9943 228
-7.8715 0000 96.9712 235
-7.8271 0000 96.8889 242
-7.7848 0000 96.8567 233
-7.7422 0000 96.8177 209
-7.7010 0000 96.8127 207
-7.6599 0000 96.8101 216
-7.6189 0000 96.8097 218
-7.5790 0000 96.8367 198
-7.5394 0000 96.8727 208
-7.5004 0000 96.9247 207
-7.4615 0000 96.9789 198
-7.4194 0000 96.9535 225
-7.3777 0000 96.9350 273
-7.3374 0000 96.9551 282
-7.2964 0000 96.9547 307
-7.2552 0000 96.9521 313
-7.2153 0000 96.9813 278
-7.1748 0000 96.9969 267
-7.1358 0000 97.0512 277
-7.0937 0000 97.0236 279
-7.0514 0000 96.9890 316
-7.0105 0000 96.9910 336
-6.9696 0000 96.9974 335
-6.9287 0000 96.9994 342
-6.8873 0000 96.9899 364
-6.8452 0000 96.9599 382
-6.8029 0000 96.9232 319
-6.7596 0000 96.8569 294
-6.7163 0000 96.7906 291
-6.6741 0000 96.7562 277
-6.6332 0000 96.7581 264
-6.5933 0000 96.7896 274
-6.5524 0000 96.7938 274
-6.5130 0000 96.8411 261
-6.4713 0000 96.8203 263
-6.4301 0000 96.8132 278
-6.3887 0000 96.8015 313
-6.3469 0000 96.7761 289
-6.3053 0000 96.7576 290
-6.2640 0000 96.7459 249
-6.2225 0000 96.7297 203
-6.1796 0000 96.6703 187
-6.1381 0000 96.6518 191
-6.0954 0000 96.5948 190
-6.0539 0000 96.5763 179
-6.0114 0000 96.5239 157
-5.9703 0000 96.5190 151
-5.9296 0000 96.5254 157
-5.8914 0000 96.6180 155
-5.8517 0000 96.6608 165
-5.8109 0000 96.6650 184
-5.7706 0000 96.6874 204
-5.7298 0000 96.6938 205
-5.6897 0000 96.7253 239
-5.6494 0000 96.7477 264
-5.6099 0000 96.8018 265
-5.5702 0000 96.8492 237
-5.5307 0000 96.9012 240
-5.4897 0000 96.9032 241
-5.4481 0000 96.8801 223
-5.4069 0000 96.8752 227
-5.3658 0000 96.8703 235
-5.3248 0000 96.8722 236
-5.2856 0000 96.9379 223
-5.2448 0000 96.9489 199
-5.2029 0000 96.9145 177
-5.1608 0000 96.8709 156
-5.1180 0000 96.8001 129
-5.0754 0000 96.7339 114
-5.0336 0000 96.6995 105
-4.9918 0000 96.6674 105
-4.9501 0000 96.6330 93
-4.9083 0000 96.5964 82
-4.8682 0000 96.6346 76
-4.8290 0000 96.7092 80
-4.7895 0000 96.7724 108
-4.7486 0000 96.7766 143
-4.7076 0000 96.7718 131
-4.6677 0000 96.8214 109
-4.6277 0000 96.8666 111
-4.5871 0000 96.8822 131
-4.5463 0000 96.8955 152
-4.5054 0000 96.8997 165
-4.4644 0000 96.8994 175
-4.4233 0000 96.8945 184
-4.3821 0000 96.8828 182
-4.3411 0000 96.8824 189
-4.3006 0000 96.9094 224
-4.2602 0000 96.9386 194
-4.2205 0000 97.0066 162
-4.1817 0000 97.1203 136
-4.1422 0000 97.1952 140
-4.1012 0000 97.2017 155
-4.0604 0000 97.2174 191
-4.0193 0000 97.2147 192
-3.9782 0000 97.2144 159
-3.9373 0000 97.2209 127
-3.8969 0000 97.2594 106
-3.8564 0000 97.2911 110
-3.8152 0000 97.2861 140
-3.7742 0000 97.2927 202
-3.7333 0000 97.3037 253
-3.6931 0000 97.3560 279
-3.6525 0000 97.3877 287
-3.6120 0000 97.4216 303
-3.5710 0000 97.4282 333
-3.5302 0000 97.4530 382
-3.4891 0000 97.4549 393
-3.4477 0000 97.4363 405
-3.4070 0000 97.4634 341
-3.3661 0000 97.4791 301
-3.3251 0000 97.4833 265
-3.2834 0000 97.4487 254
-3.2418 0000 97.4117 257
-3.2004 0000 97.3931 349
-3.1594 0000 97.3996 426
-3.1187 0000 97.4313 462
-3.0775 0000 97.4286 458
-3.0360 0000 97.4008 474
-2.9949 0000 97.3959 496
-2.9537 0000 97.3933 495
-2.9129 0000 97.4158 434
-2.8719 0000 97.4315 452
-2.8309 0000 97.4357 442
-2.7899 0000 97.4491 462
-2.7489 0000 97.4557 506
-2.7077 0000 97.4507 527
-2.6665 0000 97.4481 524
-2.6253 0000 97.4432 522
-2.5842 0000 97.4383 518
-2.5430 0000 97.4333 517
-2.5018 0000 97.4238 491
-2.4606 0000 97.4212 434
-2.4196 0000 97.4300 364
-2.3785 0000 97.4320 302
-2.3373 0000 97.4293 272
-2.2962 0000 97.4267 271
-2.2550 0000 97.4195 302
-2.2139 0000 97.4146 351
-2.1727 0000 97.4142 365
-2.1317 0000 97.4185 323
-2.0906 0000 97.4250 308
-2.0495 0000 97.4361 350
-2.0085 0000 97.4472 362
-1.9675 0000 97.4583 301
-1.9265 0000 97.4785 227
-1.8855 0000 97.5034 129
-1.8445 0000 97.5191 98
-1.8035 0000 97.5508 95
-1.7625 0000 97.5780 84
-1.7216 0000 97.6097 92
-1.6804 0000 97.6140 94
-1.6393 0000 97.6205 81
-1.5984 0000 97.6775 68
-1.5572 0000 97.6795 67
-1.5160 0000 97.6791 79
-1.4749 0000 97.6788 96
-1.4337 0000 97.6784 116
-1.3925 0000 97.6804 140
-1.3513 0000 97.6869 158
-1.3102 0000 97.7096 152
-1.2691 0000 97.7253 142
-1.2281 0000 97.7893 116
-1.1874 0000 97.9753 101
-1.1464 0000 98.0878 139
-1.1051 0000 98.0898 180
-1.0638 0000 98.0894 195
-1.0225 0000 98.0937 185
-0.9813 0000 98.1257 176
-0.9400 0000 98.1299 192
-0.8987 0000 98.1227 204
-0.8574 0000 98.1085 227
-0.8161 0000 98.0874 306
-0.7748 0000 98.0848 390
-0.7336 0000 98.0821 440
-0.6923 0000 98.0795 422
-0.6510 0000 98.0814 374
-0.6097 0000 98.0650 313
-0.5684 0000 98.0692 283
-0.5271 0000 98.0919 240
-0.4858 0000 98.1170 224
-0.4445 0000 98.1212 195
-0.4031 0000 98.1786 176
-0.3618 0000 98.1852 172
-0.3205 0000 98.1618 193
-0.2792 0000 98.1822 208
-0.2379 0000 98.1911 236
-0.1965 0000 98.2162 268
-0.1552 0000 98.2158 274
-0.1138 0000 98.2224 276
-0.0724 0000 98.2544 258
-0.0309 0000 98.2864 248
0.0104 0000 98.2861 250
0.0516 0000 98.2580 257
0.0929 0000 98.2507 258
0.1342 0000 98.2504 264
0.1755 0000 98.2478 279
0.2168 0000 98.2451 294
0.2580 0000 98.2217 306
0.2993 0000 98.2190 283
0.3406 0000 98.2164 274
0.3820 0000 98.2230 279
0.4235 0000 98.2573 258
0.4651 0000 98.2870 254
0.5064 0000 98.2890 241
0.5477 0000 98.2863 252
0.5888 0000 98.2582 267
0.6301 0000 98.2510 310
0.6715 0000 98.2552 324
0.7128 0000 98.2572 308
0.7542 0000 98.2615 291
0.7956 0000 98.2704 282
0.8374 0000 98.3279 282
0.8788 0000 98.3368 295
0.9203 0000 98.3434 304
0.9621 0000 98.3962 309
1.0037 0000 98.4260 315
1.0452 0000 98.4326 333
1.0866 0000 98.4346 334
1.1279 0000 98.4296 309
1.1693 0000 98.4293 263
1.2109 0000 98.4590 224
1.2523 0000 98.4587 170
1.2929 0000 98.3912 134
1.3337 0000 98.3446 151
1.3753 0000 98.3581 213
1.4168 0000 98.3717 291
1.4581 0000 98.3713 333
1.4997 0000 98.3918 309
1.5412 0000 98.3984 301
1.5826 0000 98.4027 284
1.6240 0000 98.4047 247
1.6653 0000 98.4044 205
1.7067 0000 98.4040 179
1.7485 0000 98.4338 163
1.7899 0000 98.4381 166
1.8312 0000 98.4331 170
1.8726 0000 98.4351 178
1.9145 0000 98.4718 203
1.9560 0000 98.4784 223
1.9977 0000 98.4966 246
2.0387 0000 98.4708 229
2.0799 0000 98.4612 220
2.1208 0000 98.4307 221
2.1610 0000 98.3609 207
2.2016 0000 98.3120 192
2.2424 0000 98.2816 212
2.2834 0000 98.2605 238
2.3245 0000 98.2486 254
2.3657 0000 98.2390 255
2.4068 0000 98.2271 209
2.4482 0000 98.2314 184
2.4898 0000 98.2472 167
2.5316 0000 98.2723 127
2.5731 0000 98.2835 127
2.6143 0000 98.2762 150
2.6555 0000 98.2667 185
2.6967 0000 98.2640 211
2.7382 0000 98.2706 204
2.7797 0000 98.2795 169
2.8221 0000 98.3324 152
2.8638 0000 98.3482 144
2.9054 0000 98.3641 126
2.9469 0000 98.3684 113
2.9883 0000 98.3704 116
3.0297 0000 98.3723 128
3.0709 0000 98.3674 154
3.1126 0000 98.3809 208
3.1542 0000 98.3945 230
3.1961 0000 98.4173 195
3.2375 0000 98.4216 174
3.2790 0000 98.4282 173
3.3206 0000 98.4371 168
3.3630 0000 98.4831 138
3.4072 0000 98.6034 123
3.4505 0000 98.6819 141
3.4930 0000 98.7304 195
3.5349 0000 98.7487 251
3.5767 0000 98.7646 273
3.6182 0000 98.7643 298
3.6594 0000 98.7570 309
3.7003 0000 98.7334 345
3.7411 0000 98.7075 307
3.7824 0000 98.7025 275
3.8236 0000 98.6952 236
3.8650 0000 98.6926 199
3.9064 0000 98.6922 177
3.9477 0000 98.6896 172
3.9893 0000 98.6962 177
4.0308 0000 98.6959 177
4.0717 0000 98.6793 166
4.1123 0000 98.6465 167
4.1535 0000 98.6392 166
4.1946 0000 98.6296 177
4.2352 0000 98.6014 216
4.2763 0000 98.5918 222
4.3177 0000 98.5891 197
4.3585 0000 98.5702 149
4.3999 0000 98.5699 141
4.4424 0000 98.6067 168
4.4845 0000 98.6319 156
4.5263 0000 98.6455 135
4.5694 0000 98.7033 109
4.6102 0000 98.6797 98
4.6514 0000 98.6747 95
4.6926 0000 98.6674 115
4.7333 0000 98.6439 157
4.7760 0000 98.6854 171
4.8194 0000 98.7501 153
4.8635 0000 98.8358 135
4.9083 0000 98.9403 131
4.9499 0000 98.9446 132
4.9906 0000 98.9210 147
5.0319 0000 98.9160 166
5.0719 0000 98.8691 177
5.1132 0000 98.8665 165
5.1547 0000 98.8662 145
5.1961 0000 98.8635 124
5.2371 0000 98.8515 104
5.2773 0000 98.8140 99
5.3178 0000 98.7858 112
5.3591 0000 98.7831 141
5.4005 0000 98.7828 150
5.4426 0000 98.8011 188
5.4852 0000 98.8333 152
5.5281 0000 98.8749 109
5.5683 0000 98.8397 97
5.6083 0000 98.7998 115
5.6487 0000 98.7716 116
5.6891 0000 98.7434 126
5.7311 0000 98.7593 126
5.7724 0000 98.7544 136
5.8118 0000 98.7006 149
5.8524 0000 98.6794 181
5.8923 0000 98.6373 225
5.9335 0000 98.6323 241
5.9755 0000 98.6483 179
6.0194 0000 98.7153 135
6.0652 0000 98.8289 140
6.1102 0000 98.9217 190
6.1520 0000 98.9307 221
6.1938 0000 98.9397 230
6.2368 0000 98.9766 245
6.2787 0000 98.9880 264
6.3213 0000 99.0156 252
6.3630 0000 99.0223 258
6.4047 0000 99.0266 263
6.4461 0000 99.0263 266
6.4888 0000 99.0540 264
6.5312 0000 99.0770 288
6.5718 0000 99.0557 290
6.6135 0000 99.0600 300
6.6560 0000 99.0854 317
6.6966 0000 99.0640 297
6.7368 0000 99.0334 318
6.7769 0000 99.0005 313
6.8172 0000 98.9722 322
6.8573 0000 98.9393 300
6.8982 0000 98.9273 312
6.9403 0000 98.9410 346
6.9819 0000 98.9453 339
7.0240 0000 98.9590 320
7.0658 0000 98.9656 309
7.1073 0000 98.9676 303
7.1497 0000 98.9883 285
7.1913 0000 98.9903 292
7.2317 0000 98.9667 303
7.2728 0000 98.9594 281
7.3138 0000 98.9474 267
7.3547 0000 98.9355 282
7.3950 0000 98.9095 299
7.4352 0000 98.8836 335
7.4764 0000 98.8786 339
7.5176 0000 98.8713 331
7.5586 0000 98.8617 293
7.5997 0000 98.8544 249
7.6412 0000 98.8564 220
7.6828 0000 98.8608 205
7.7240 0000 98.8558 201
7.7641 0000 98.8276 214
7.8057 0000 98.8296 223
7.8475 0000 98.8386 237
7.8891 0000 98.8406 229
7.9314 0000 98.8589 199
7.9743 0000 98.8888 217
8.0153 0000 98.8792 207
8.0560 0000 98.8649 192
8.0940 0000 98.7948 167
8.1331 0000 98.7480 159
8.1718 0000 98.6943 155
8.2118 0000 98.6661 160
8.2513 0000 98.6286 175
8.2914 0000 98.6028 150
8.3327 0000 98.6025 131
8.3761 0000 98.6416 108
8.4212 0000 98.7133 105
8.4643 0000 98.7478 130
8.5072 0000 98.7754 148
8.5487 0000 98.7774 157
8.5915 0000 98.8050 140
8.6329 0000 98.8047 120
8.6724 0000 98.7671 100
8.7121 0000 98.7343 86
8.7521 0000 98.7084 106
8.7935 0000 98.7081 168
8.8348 0000 98.7078 268
8.8762 0000 98.7075 374
8.9174 0000 98.7048 370
8.9587 0000 98.7022 337
8.9998 0000 98.6972 267
9.0410 0000 98.6946 190
9.0847 0000 98.7361 145
9.1289 0000 98.7869 157
9.1732 0000 98.8401 169
9.2170 0000 98.8816 186
9.2590 0000 98.8929 199
9.3008 0000 98.8996 189
9.3427 0000 98.9086 150
9.3873 0000 98.9641 131
9.4314 0000 99.0104 136
9.4748 0000 99.0450 165
9.5160 0000 99.0401 177
9.5552 0000 99.0025 154
9.5948 0000 98.9695 140
9.6362 0000 98.9692 129
9.6810 0000 99.0271 144
9.7235 0000 99.0455 178
9.7666 0000 99.0731 201
9.8092 0000 99.0938 256
9.8523 0000 99.1214 264
9.8943 0000 99.1304 268
9.9359 0000 99.1325 256
9.9773 0000 99.1321 225
10.0174 0000 99.1085 192
10.0583 0000 99.0988 145
10.0973 0000 99.0589 124
10.1416 0000 99.1052 151
10.1843 0000 99.1258 210
10.2267 0000 99.1419 240
10.2691 0000 99.1579 202
10.3086 0000 99.1249 195
10.3484 0000 99.0989 197
10.3875 0000 99.0613 185
10.4254 0000 99.0050 183
10.4661 0000 98.9931 174
10.5074 0000 98.9904 153
10.5492 0000 98.9971 131
10.5925 0000 99.0270 115
10.6336 0000 99.0221 102
10.6716 0000 98.9682 104
10.7097 0000 98.9166 119
10.7456 0000 98.8303 150
10.7821 0000 98.7556 188
10.8213 0000 98.7228 277
10.8606 0000 98.6900 311
10.9013 0000 98.6804 309
10.9426 0000 98.6800 333
10.9840 0000 98.6820 311
11.0270 0000 98.7073 230
11.0805 0000 98.8905 169
11.1280 0000 98.9833 155
11.1777 0000 99.1088 212
11.2184 0000 99.0968 243
11.2566 0000 99.0498 264
11.2979 0000 99.0472 291
11.3405 0000 99.0655 289
11.3824 0000 99.0722 291
11.4238 0000 99.0719 275
11.4682 0000 99.1158 285
11.5100 0000 99.1225 300
11.5503 0000 99.1059 305
11.5895 0000 99.0729 267
11.6283 0000 99.0353 234
11.6672 0000 99.0000 217
11.7063 0000 98.9671 185
11.7469 0000 98.9552 166
11.7854 0000 98.9153 155
11.8245 0000 98.8824 148
11.8658 0000 98.8821 145
11.9073 0000 98.8841 142
11.9488 0000 98.8861 130
11.9903 0000 98.8881 122
12.0315 0000 98.8855 123
12.0716 0000 98.8689 126
12.1114 0000 98.8477 134
12.1492 0000 98.7985 139
12.1895 0000 98.7843 135
12.2305 0000 98.7793 137
12.2723 0000 98.7860 145
12.3143 0000 98.7950 146
12.3576 0000 98.8225 130
12.3989 0000 98.8222 137
12.4387 0000 98.8010 165
12.4798 0000 98.7983 162
12.5207 0000 98.7934 153
12.5594 0000 98.7582 145
12.5993 0000 98.7394 138
12.6356 0000 98.6717 121
12.6735 0000 98.6274 122
12.7111 0000 98.5784 122
12.7509 0000 98.5595 120
12.7904 0000 98.5361 138
12.8321 0000 98.5427 145
12.8737 0000 98.5470 139
12.9144 0000 98.5398 129
12.9567 0000 98.5533 118
12.9981 0000 98.5553 121
13.0375 0000 98.5319 116
13.0805 0000 98.5547 136
13.1268 0000 98.6193 144
13.1742 0000 98.6978 168
13.2164 0000 98.7091 207
13.2574 0000 98.7065 244
13.2969 0000 98.6830 274
13.3379 0000 98.6803 281
13.3782 0000 98.6684 276
13.4178 0000 98.6472 294
13.4594 0000 98.6516 315
13.5012 0000 98.6582 351
13.5428 0000 98.6625 393
13.5857 0000 98.6831 387
13.6290 0000 98.7083 416
13.6708 0000 98.7150 389
13.7121 0000 98.7147 324
13.7505 0000 98.6795 250
13.7902 0000 98.6607 209
13.8229 0000 98.5560 178
13.8565 0000 98.4631 168
13.8955 0000 98.4374 164
13.9411 0000 98.4903 192
13.9854 0000 98.5270 227
14.0285 0000 98.5498 303
14.0739 0000 98.6005 372
14.1161 0000 98.6118 402
14.1575 0000 98.6138 402
14.1983 0000 98.6088 395
14.2366 0000 98.5738 369
14.2766 0000 98.5595 364
14.3148 0000 98.5245 347
14.3536 0000 98.4964 347
14.3974 0000 98.5262 327
14.4395 0000 98.5374 277
14.4861 0000 98.5997 239
14.5299 0000 98.6295 220
14.5706 0000 98.6245 188
14.6096 0000 98.5987 191
14.6484 0000 98.5706 186
14.6890 0000 98.5633 206
14.7288 0000 98.5468 220
14.7651 0000 98.4909 216
14.8044 0000 98.4698 198
14.8405 0000 98.4116 193
14.8786 0000 98.3766 190
14.9193 0000 98.3717 208
14.9600 0000 98.3667 218
15.0011 0000 98.3664 207
15.0424 0000 98.3684 181
15.0889 0000 98.4282 161
15.1313 0000 98.4418 157
15.1730 0000 98.4484 161
15.2165 0000 98.4735 180
15.2589 0000 98.4871 198
15.3025 0000 98.5145 213
15.3436 0000 98.5142 235
15.3844 0000 98.5093 231
15.4232 0000 98.4835 207
15.4635 0000 98.4739 154
15.5016 0000 98.4412 107
15.5358 0000 98.3646 67
15.5669 0000 98.2557 52
15.6105 0000 98.2830 50
15.6522 0000 98.2897 53
15.6940 0000 98.2963 63
15.7385 0000 98.3329 77
15.7828 0000 98.3672 108
15.8269 0000 98.3993 117
15.8697 0000 98.4175 125
15.9154 0000 98.4657 132
15.9565 0000 98.4654 140
15.9952 0000 98.4396 154
16.0372 0000 98.4486 134
16.0800 0000 98.4667 135
16.1236 0000 98.4919 139
16.1678 0000 98.5240 150
16.2111 0000 98.5468 144
16.2533 0000 98.5581 162
16.2949 0000 98.5624 180
16.3364 0000 98.5667 203
16.3775 0000 98.5663 205
16.4144 0000 98.5220 151
16.4486 0000 98.4499 117
16.4820 0000 98.3710 106
16.5186 0000 98.3245 114
16.5581 0000 98.3080 122
16.5980 0000 98.2961 132
16.6395 0000 98.3004 158
16.6814 0000 98.3093 183
16.7229 0000 98.3136 162
16.7681 0000 98.3549 106
16.8263 0000 98.5280 70
16.8823 0000 98.6783 81
16.9239 0000 98.6826 86
16.9680 0000 98.7124 73
17.0207 0000 98.8282 54
17.0768 0000 98.9766 68
17.1217 0000 99.0135 92
17.1636 0000 99.0202 122
17.2050 0000 99.0222 153
17.2464 0000 99.0242 180
17.2874 0000 99.0215 186
17.3281 0000 99.0165 170
17.3669 0000 98.9929 157
17.4071 0000 98.9833 140
17.4459 0000 98.9597 145
17.4866 0000 98.9547 137
17.5280 0000 98.9567 131
17.5699 0000 98.9633 124
17.6132 0000 98.9839 106
17.6608 0000 99.0464 109
17.7063 0000 99.0880 119
17.7516 0000 99.1273 147
17.7959 0000 99.1572 157
17.8376 0000 99.1616 169
17.8822 0000 99.1939 158
17.9251 0000 99.2098 141
17.9734 0000 99.2772 128
18.0180 0000 99.3095 130
18.0592 0000 99.3091 126
18.1019 0000 99.3228 114
18.1493 0000 99.3809 108
18.1908 0000 99.3829 112
18.2342 0000 99.4035 122
18.2784 0000 99.4312 114
18.3169 0000 99.4052 123
18.3571 0000 99.3955 127
18.3978 0000 99.3905 127
18.4375 0000 99.3761 116
18.4792 0000 99.3805 115
18.5212 0000 99.3871 113
18.5634 0000 99.3961 113
18.6079 0000 99.4262 110
18.6521 0000 99.4539 118
18.6936 0000 99.4558 119
18.7356 0000 99.4625 112
18.7837 0000 99.5253 104
18.8256 0000 99.5320 95
18.8745 0000 99.6018 88
18.9232 0000 99.6694 82
18.9678 0000 99.6995 87
19.0091 0000 99.6991 98
19.0506 0000 99.7011 103
19.0931 0000 99.7125 114
19.1349 0000 99.7168 116
19.1753 0000 99.7094 109
19.2163 0000 99.7067 90
19.2534 0000 99.6689 69
19.2779 0000 99.5188 62
19.3152 0000 99.4834 58
19.3561 0000 99.4807 61
19.3947 0000 99.4570 66
19.4458 0000 99.5455 73
19.4912 0000 99.5825 89
19.5338 0000 99.5939 114
19.5789 0000 99.6286 129
19.6241 0000 99.6634 159
19.6696 0000 99.7005 183
19.7145 0000 99.7330 206
19.7600 0000 99.7701 192
19.8023 0000 99.7791 183
19.8449 0000 99.7905 167
19.8853 0000 99.7831 149
19.9171 0000 99.7008 127
19.9476 0000 99.6068 111
19.9820 0000 99.5480 133
20.0237 0000 99.5523 144
20.0651 0000 99.5543 140
20.1066 0000 99.5563 139
20.1486 0000 99.5629 150
20.1911 0000 99.5743 166
20.2358 0000 99.6043 164
20.2808 0000 99.6367 171
20.3228 0000 99.6434 168
20.3612 0000 99.6197 156
20.4010 0000 99.6076 146
20.4381 0000 99.5722 144
20.4781 0000 99.5625 127
20.5182 0000 99.5528 105
20.5599 0000 99.5571 99
20.6007 0000 99.5544 101
20.6408 0000 99.5447 96
20.6766 0000 99.5000 114
20.7183 0000 99.5043 140
20.7595 0000 99.5040 132
20.8025 0000 99.5200 123
20.8428 0000 99.5126 107
20.8800 0000 99.4796 84
20.9181 0000 99.4536 83
20.9592 0000 99.4532 80
21.0000 0000 99.4505 78
21.0439 0000 99.4735 70
21.0887 0000 99.5035 67
21.1489 0000 99.6599 64
21.2043 0000 99.7766 82
21.2498 0000 99.8114 101
21.2916 0000 99.8157 120
21.3333 0000 99.8201 134
21.3739 0000 99.8150 143
21.4140 0000 99.8053 151
21.4543 0000 99.7979 158
21.4925 0000 99.7742 166
21.5302 0000 99.7457 142
21.5705 0000 99.7383 132
21.6108 0000 99.7310 134
21.6505 0000 99.7189 143
21.6884 0000 99.6928 152
21.7301 0000 99.6971 124
21.7789 0000 99.7577 96
21.8297 0000 99.8347 85
21.8800 0000 99.9071 81
21.9268 0000 99.9513 84
21.9728 0000 99.9886 99
22.0196 0000 100.0329 104
22.0626 0000 100.0466 122
22.1038 0000 100.0463 141
22.1435 0000 100.0342 144
22.1781 0000 99.9822 132
22.2133 0000 99.9349 145
22.2542 0000 99.9322 156
22.2947 0000 99.9271 166
22.3419 0000 99.9737 154
22.3849 0000 99.9875 156
22.4261 0000 99.9872 152
22.4663 0000 99.9798 131
22.5075 0000 99.9794 125
22.5493 0000 99.9838 132
22.5877 0000 99.9623 157
22.6301 0000 99.9714 149
22.6731 0000 99.9851 144
22.7179 0000 100.0130 137
22.7609 0000 100.0267 98
22.7735 0000 99.8081 73
22.8109 0000 99.7796 80
22.8154 0000 99.5008 106
22.8605 0000 99.5309 115
22.8990 0000 99.5118 133
22.9395 0000 99.5068 122
22.9795 0000 99.4995 89
23.0203 0000 99.4968 65
23.1602 0000 100.2425 63
23.1967 0000 100.2068 75
23.2370 0000 100.1994 88
23.2734 0000 100.1638 92
23.3121 0000 100.1446 112
23.3576 0000 100.1772 141
23.4038 0000 100.2146 157
23.4488 0000 100.2425 201
23.4928 0000 100.2633 170
23.5355 0000 100.2748 150
23.5859 0000 100.3428 148
23.6306 0000 100.3684 151
23.6731 0000 100.3775 148
23.7146 0000 100.3795 136
23.7599 0000 100.4098 133
23.8011 0000 100.4095 109
23.8358 0000 100.3619 77
23.8667 0000 100.2862 65
23.9059 0000 100.2717 68
23.9454 0000 100.2596 72
23.9795 0000 100.2074 81
24.0215 0000 100.2141 106
24.0636 0000 100.2208 139
24.1047 0000 100.2205 153
24.1471 0000 100.2296 162
24.1909 0000 100.2481 126
24.2398 0000 100.3043 104
24.2888 0000 100.3605 89
24.3424 0000 100.4497 79
24.3911 0000 100.5037 71
24.4332 0000 100.5104 69
24.4734 0000 100.5030 75
24.5135 0000 100.4955 87
24.5553 0000 100.4999 104
24.5962 0000 100.4972 132
24.6366 0000 100.4921 154
24.6818 0000 100.5201 146
24.7269 0000 100.5480 157
24.7694 0000 100.5571 160
24.8119 0000 100.5662 156
24.8577 0000 100.5989 130
24.9049 0000 100.6411 131
24.9514 0000 100.6786 128
24.9943 0000 100.6900 137
25.0348 0000 100.6849 140
25.0786 0000 100.7035 149
25.1225 0000 100.7220 145
25.1698 0000 100.7642 133
25.2147 0000 100.7899 135
25.2558 0000 100.7895 120
25.2892 0000 100.7347 106
25.3273 0000 100.7131 98
25.3596 0000 100.6512 95
25.3997 0000 100.6438 95
25.4446 0000 100.6694 103
25.4898 0000 100.6974 106
25.5361 0000 100.7325 111
25.5835 0000 100.7747 125
25.6298 0000 100.8098 142
25.6720 0000 100.8166 169
25.7167 0000 100.8399 182
25.7589 0000 100.8466 150
25.8014 0000 100.8557 126
25.8433 0000 100.8600 122
25.8831 0000 100.8502 124
25.9173 0000 100.8025 123
25.9598 0000 100.8115 128
26.0041 0000 100.8325 117
26.0488 0000 100.8558 119
26.1005 0000 100.9264 131
26.1445 0000 100.9450 151
26.1906 0000 100.9778 155
26.2399 0000 101.0320 162
26.2832 0000 101.0458 169
26.3287 0000 101.0739 170
26.3710 0000 101.0807 178
26.4157 0000 101.1040 194
26.4577 0000 101.1084 203
26.5003 0000 101.1175 224
26.5426 0000 101.1242 245
