wt=151088056, DLLFiFo=0
-25.5242 0000 91.6211 80
-25.4898 0000 91.6544 74
-25.4558 0000 91.6899 83
-25.4207 0000 91.7190 90
-25.3817 0000 91.7205 107
-25.3424 0000 91.7199 113
-25.3036 0000 91.7235 102
-25.2643 0000 91.7229 96
-25.2234 0000 91.7116 98
-25.1801 0000 91.6834 94
-25.1417 0000 91.6891 80
-25.1039 0000 91.6991 78
-25.0655 0000 91.7048 94
-25.0270 0000 91.7106 122
-24.9880 0000 91.7121 146
-24.9474 0000 91.7029 141
-24.9069 0000 91.6938 126
-24.8669 0000 91.6889 121
-24.8270 0000 91.6841 119
-24.7871 0000 91.6792 137
-24.7468 0000 91.6722 158
-24.7045 0000 91.6503 139
-24.6619 0000 91.6263 137
-24.6222 0000 91.6235 106
-24.5898 0000 91.6718 82
-24.5588 0000 91.7307 94
-24.5215 0000 91.7450 130
-24.4875 0000 91.7827 137
-24.4511 0000 91.8034 132
-24.4170 0000 91.8412 133
-24.3779 0000 91.8427 144
-24.3380 0000 91.8378 168
-24.2950 0000 91.8116 174
-24.2545 0000 91.8025 190
-24.2113 0000 91.7742 216
-24.1707 0000 91.7651 208
-24.1310 0000 91.7624 188
-24.0920 0000 91.7639 163
-24.0517 0000 91.7569 146
-24.0158 0000 91.7819 124
-23.9796 0000 91.8048 140
-23.9405 0000 91.8063 134
-23.9040 0000 91.8270 121
-23.8687 0000 91.8563 125
-23.8302 0000 91.8621 143
-23.7931 0000 91.8786 163
-23.7542 0000 91.8823 166
-23.7151 0000 91.8839 173
-23.6762 0000 91.8876 161
-23.6374 0000 91.8913 136
-23.5982 0000 91.8929 125
-23.5585 0000 91.8902 119
-23.5165 0000 91.8704 124
-23.4763 0000 91.8635 128
-23.4363 0000 91.8587 128
-23.3971 0000 91.8602 115
-23.3580 0000 91.8618 89
-23.3182 0000 91.8592 70
-23.2771 0000 91.8458 73
-23.2332 0000 91.8112 98
-23.1915 0000 91.7936 111
-23.1523 0000 91.7952 124
-23.1126 0000 91.7926 120
-23.0707 0000 91.7729 111
-23.0332 0000 91.7873 81
-23.0019 0000 91.8486 83
-22.9655 0000 91.8716 104
-22.9285 0000 91.8903 139
-22.8874 0000 91.8770 192
-22.8471 0000 91.8701 168
-22.8074 0000 91.8675 143
-22.7676 0000 91.8649 128
-22.7309 0000 91.8857 91
-22.6975 0000 91.9323 91
-22.6619 0000 91.9617 85
-22.6240 0000 91.9741 89
-22.5821 0000 91.9544 93
-22.5404 0000 91.9368 133
-22.5009 0000 91.9364 175
-22.4625 0000 91.9445 176
-22.4246 0000 91.9568 174
-22.3892 0000 91.9885 200
-22.3500 0000 91.9902 187
-22.3107 0000 91.9919 149
-22.2720 0000 91.9978 122
-22.2182 0000 91.8841 103
-22.1722 0000 91.8324 127
-22.1300 0000 91.8107 153
-22.0854 0000 91.7697 161
-22.0473 0000 91.7799 146
-22.0169 0000 91.8521 122
-21.9996 0000 92.0291 162
-21.9576 0000 92.0094 157
-21.9165 0000 91.9962 179
-21.8735 0000 91.9680 189
-21.8332 0000 91.9611 190
-21.7974 0000 91.9907 164
-21.7597 0000 92.0052 142
-21.7214 0000 92.0155 136
-21.6822 0000 92.0173 131
-21.6452 0000 92.0383 126
-21.6054 0000 92.0358 141
-21.5638 0000 92.0182 145
-21.5237 0000 92.0136 120
-21.4818 0000 91.9939 106
-21.4427 0000 91.9978 93
-21.4063 0000 92.0231 110
-21.3673 0000 92.0270 114
-21.3298 0000 92.0437 102
-21.2897 0000 92.0390 117
-21.2501 0000 92.0387 140
-21.2087 0000 92.0233 141
-21.1681 0000 92.0143 149
-21.1268 0000 91.9990 159
-21.0872 0000 91.9986 137
-21.0489 0000 92.0089 120
-21.0083 0000 92.0000 144
-20.9672 0000 91.9867 160
-20.9297 0000 92.0035 187
-20.8904 0000 92.0052 197
-20.8503 0000 92.0006 217
-20.8097 0000 91.9916 241
-20.7694 0000 91.9848 255
-20.7298 0000 91.9844 264
-20.6905 0000 91.9862 284
-20.6514 0000 91.9901 279
-20.6129 0000 91.9983 232
-20.5735 0000 92.0000 174
-20.5342 0000 92.0018 160
-20.4949 0000 92.0035 189
-20.4555 0000 92.0053 232
-20.4184 0000 92.0263 246
-20.3798 0000 92.0345 243
-20.3395 0000 92.0277 190
-20.2970 0000 92.0016 162
-20.2574 0000 92.0012 168
-20.2163 0000 91.9880 230
-20.1748 0000 91.9705 224
-20.1345 0000 91.9636 180
-20.0988 0000 91.9975 134
-20.0607 0000 92.0100 119
-20.0242 0000 92.0374 120
-19.9854 0000 92.0434 115
-19.9494 0000 92.0752 117
-19.9081 0000 92.0598 110
-19.8658 0000 92.0358 123
-19.8258 0000 92.0311 130
-19.7842 0000 92.0136 121
-19.7439 0000 92.0068 129
-19.7043 0000 92.0064 148
-19.6657 0000 92.0145 158
-19.6285 0000 92.0355 184
-19.5913 0000 92.0566 184
-19.5521 0000 92.0604 200
-19.5123 0000 92.0579 192
-19.4724 0000 92.0553 169
-19.4333 0000 92.0592 165
-19.3939 0000 92.0609 166
-19.3541 0000 92.0584 172
-19.3137 0000 92.0516 216
-19.2744 0000 92.0533 260
-19.2355 0000 92.0593 273
-19.1968 0000 92.0675 266
-19.1579 0000 92.0735 220
-19.1187 0000 92.0774 154
-19.0812 0000 92.0962 131
-19.0429 0000 92.1087 110
-19.0093 0000 92.1640 97
-18.9717 0000 92.1829 97
-18.9325 0000 92.1868 106
-18.8945 0000 92.2014 124
-18.8548 0000 92.2010 171
-18.8159 0000 92.2070 207
-18.7771 0000 92.2152 228
-18.7379 0000 92.2191 233
-18.7005 0000 92.2402 252
-18.6618 0000 92.2483 273
-18.6232 0000 92.2587 249
-18.5836 0000 92.2582 207
-18.5441 0000 92.2600 165
-18.5056 0000 92.2703 138
-18.4668 0000 92.2785 117
-18.4316 0000 92.3210 108
-18.3923 0000 92.3249 106
-18.3524 0000 92.3224 116
-18.3118 0000 92.3134 139
-18.2699 0000 92.2914 164
-18.2293 0000 92.2824 151
-18.1901 0000 92.2863 155
-18.1495 0000 92.2773 177
-18.1096 0000 92.2747 218
-18.0696 0000 92.2722 227
-18.0304 0000 92.2760 186
-17.9931 0000 92.2993 151
-17.9540 0000 92.3053 151
-17.9156 0000 92.3178 159
-17.8762 0000 92.3195 162
-17.8364 0000 92.3191 153
-17.7965 0000 92.3166 144
-17.7570 0000 92.3183 121
-17.7173 0000 92.3179 99
-17.6771 0000 92.3132 97
-17.6357 0000 92.2956 114
-17.5962 0000 92.2973 123
-17.5580 0000 92.3119 123
-17.5183 0000 92.3115 97
-17.4783 0000 92.3090 105
-17.4394 0000 92.3172 125
-17.4008 0000 92.3275 162
-17.3617 0000 92.3336 187
-17.3221 0000 92.3353 206
-17.2828 0000 92.3392 195
-17.2435 0000 92.3431 178
-17.2059 0000 92.3642 173
-17.1680 0000 92.3832 185
-17.1280 0000 92.3806 160
-17.0854 0000 92.3501 147
-17.0450 0000 92.3432 159
-17.0040 0000 92.3299 161
-16.9653 0000 92.3403 143
-16.9257 0000 92.3420 129
-16.8864 0000 92.3459 148
-16.8467 0000 92.3455 153
-16.8091 0000 92.3688 125
-16.7708 0000 92.3835 118
-16.7316 0000 92.3896 127
-16.6935 0000 92.4064 168
-16.6537 0000 92.4060 200
-16.6123 0000 92.3884 184
-16.5715 0000 92.3772 154
-16.5312 0000 92.3703 126
-16.4918 0000 92.3742 114
-16.4524 0000 92.3782 116
-16.4128 0000 92.3799 116
-16.3754 0000 92.4054 114
-16.3368 0000 92.4179 99
-16.2968 0000 92.4153 81
-16.2565 0000 92.4085 77
-16.2173 0000 92.4146 90
-16.1816 0000 92.4594 102
-16.1429 0000 92.4720 108
-16.1035 0000 92.4759 131
-16.0621 0000 92.4582 151
-16.0200 0000 92.4320 184
-15.9784 0000 92.4122 180
-15.9367 0000 92.3902 159
-15.8963 0000 92.3834 158
-15.8577 0000 92.3959 168
-15.8167 0000 92.3826 155
-15.7765 0000 92.3779 104
-15.7365 0000 92.3753 76
-15.6996 0000 92.4073 72
-15.6658 0000 92.4759 83
-15.6267 0000 92.4841 92
-15.5869 0000 92.4837 113
-15.5478 0000 92.4920 149
-15.5095 0000 92.5088 145
-15.4704 0000 92.5171 128
-15.4333 0000 92.5491 129
-15.3959 0000 92.5767 117
-15.3555 0000 92.5699 114
-15.3148 0000 92.5608 120
-15.2742 0000 92.5518 125
-15.2305 0000 92.5061 171
-15.1895 0000 92.4927 254
-15.1497 0000 92.4924 280
-15.1105 0000 92.5006 266
-15.0708 0000 92.5024 281
-15.0306 0000 92.4976 319
-14.9906 0000 92.4951 355
-14.9505 0000 92.4925 347
-14.9108 0000 92.4943 283
-14.8719 0000 92.5047 222
-14.8331 0000 92.5173 195
-14.7955 0000 92.5450 189
-14.7545 0000 92.5316 211
-14.7125 0000 92.5053 187
-14.6717 0000 92.4941 177
-14.6326 0000 92.5023 149
-14.5969 0000 92.5538 112
-14.5579 0000 92.5642 87
-14.5185 0000 92.5703 76
-14.4791 0000 92.5764 91
-14.4408 0000 92.5954 97
-14.4009 0000 92.5950 106
-14.3610 0000 92.5946 114
-14.3212 0000 92.5964 114
-14.2820 0000 92.6047 120
-14.2428 0000 92.6129 143
-14.2027 0000 92.6104 143
-14.1629 0000 92.6121 126
-14.1238 0000 92.6225 120
-14.0858 0000 92.6459 102
-14.0477 0000 92.6693 109
-14.0083 0000 92.6754 144
-13.9682 0000 92.6729 212
-13.9277 0000 92.6660 233
-13.8888 0000 92.6786 165
-13.8495 0000 92.6869 142
-13.8094 0000 92.6843 158
-13.7696 0000 92.6861 155
-13.7293 0000 92.6813 139
-13.6864 0000 92.6420 148
-13.6436 0000 92.6048 149
-13.6019 0000 92.5806 179
-13.5637 0000 92.6040 143
-13.5251 0000 92.6209 112
-13.4894 0000 92.6768 120
-13.4512 0000 92.7002 178
-13.4121 0000 92.7107 243
-13.3729 0000 92.7211 299
-13.3341 0000 92.7358 253
-13.2944 0000 92.7398 216
-13.2549 0000 92.7459 174
-13.2156 0000 92.7542 139
-13.1745 0000 92.7386 117
-13.1339 0000 92.7295 98
-13.0934 0000 92.7226 91
-13.0518 0000 92.7006 100
-13.0116 0000 92.6959 110
-12.9716 0000 92.6955 105
-12.9315 0000 92.6929 122
-12.8916 0000 92.6947 132
-12.8523 0000 92.7029 133
-12.8126 0000 92.7069 128
-12.7727 0000 92.7065 118
-12.7344 0000 92.7299 105
-12.6971 0000 92.7685 113
-12.6595 0000 92.8006 130
-12.6213 0000 92.8262 125
-12.5828 0000 92.8475 139
-12.5414 0000 92.8276 126
-12.5011 0000 92.8229 114
-12.4604 0000 92.8116 112
-12.4166 0000 92.7570 141
-12.3757 0000 92.7436 198
-12.3348 0000 92.7302 267
-12.2948 0000 92.7298 261
-12.2559 0000 92.7446 204
-12.2161 0000 92.7464 175
-12.1765 0000 92.7525 166
-12.1374 0000 92.7651 178
-12.0977 0000 92.7690 171
-12.0575 0000 92.7664 142
-12.0187 0000 92.7834 126
-11.9784 0000 92.7786 118
-11.9389 0000 92.7847 123
-11.9007 0000 92.8125 133
-11.8613 0000 92.8208 162
-11.8213 0000 92.8204 178
-11.7816 0000 92.8243 189
-11.7421 0000 92.8326 205
-11.7021 0000 92.8322 202
-11.6615 0000 92.8231 188
-11.6210 0000 92.8141 191
-11.5808 0000 92.8115 192
-11.5407 0000 92.8089 181
-11.5011 0000 92.8150 161
-11.4616 0000 92.8233 130
-11.4217 0000 92.8251 105
-11.3808 0000 92.8095 87
-11.3373 0000 92.7549 83
-11.2969 0000 92.7480 86
-11.2565 0000 92.7411 84
-11.2153 0000 92.7212 85
-11.1774 0000 92.7533 84
-11.1392 0000 92.7832 102
-11.0999 0000 92.7937 115
-11.0614 0000 92.8171 120
-11.0215 0000 92.8189 126
-10.9820 0000 92.8271 129
-10.9438 0000 92.8571 150
-10.9058 0000 92.8893 152
-10.8680 0000 92.9258 169
-10.8279 0000 92.9254 169
-10.7878 0000 92.9228 152
-10.7476 0000 92.9202 159
-10.7064 0000 92.9003 196
-10.6661 0000 92.8955 192
-10.6258 0000 92.8908 183
-10.5858 0000 92.8904 177
-10.5451 0000 92.8791 160
-10.5056 0000 92.8874 218
-10.4661 0000 92.8957 354
-10.4258 0000 92.8910 491
-10.3854 0000 92.8840 549
-10.3458 0000 92.8923 534
-10.3068 0000 92.9093 510
-10.2673 0000 92.9176 318
-10.2276 0000 92.9237 205
-10.1879 0000 92.9298 154
-10.1483 0000 92.9381 132
-10.1091 0000 92.9529 126
-10.0691 0000 92.9525 138
-10.0287 0000 92.9456 157
-9.9883 0000 92.9387 170
-9.9480 0000 92.9339 169
-9.9081 0000 92.9357 164
-9.8684 0000 92.9418 166
-9.8285 0000 92.9458 164
-9.7888 0000 92.9519 149
-9.7490 0000 92.9559 130
-9.7090 0000 92.9555 120
-9.6700 0000 92.9746 128
-9.6299 0000 92.9742 122
-9.5911 0000 92.9977 120
-9.5511 0000 92.9995 145
-9.5101 0000 92.9796 173
-9.4700 0000 92.9792 169
-9.4314 0000 93.0070 155
-9.3927 0000 93.0327 150
-9.3530 0000 93.0410 160
-9.3117 0000 93.0167 160
-9.2720 0000 93.0229 152
-9.2333 0000 93.0508 136
-9.1935 0000 93.0547 130
-9.1524 0000 93.0348 138
-9.1134 0000 93.0561 152
-9.0739 0000 93.0666 188
-9.0342 0000 93.0749 193
-8.9941 0000 93.0745 165
-8.9538 0000 93.0698 139
-8.9149 0000 93.0934 118
-8.8759 0000 93.1169 115
-8.8350 0000 93.0991 114
-8.7951 0000 93.1031 114
-8.7553 0000 93.1092 128
-8.7151 0000 93.1067 157
-8.6752 0000 93.1107 220
-8.6361 0000 93.1321 268
-8.5962 0000 93.1360 298
-8.5560 0000 93.1335 277
-8.5160 0000 93.1353 235
-8.4768 0000 93.1545 181
-8.4377 0000 93.1759 154
-8.3981 0000 93.1864 119
-8.3583 0000 93.1948 114
-8.3184 0000 93.1987 136
-8.2782 0000 93.1962 147
-8.2379 0000 93.1915 135
-8.1976 0000 93.1889 123
-8.1577 0000 93.1929 113
-8.1178 0000 93.1969 101
-8.0776 0000 93.1965 107
-8.0374 0000 93.1940 112
-7.9973 0000 93.1936 97
-7.9572 0000 93.1933 90
-7.9171 0000 93.1951 96
-7.8777 0000 93.2121 108
-7.8379 0000 93.2183 107
-7.7985 0000 93.2376 118
-7.7585 0000 93.2394 111
-7.7176 0000 93.2216 114
-7.6780 0000 93.2343 122
-7.6383 0000 93.2448 143
-7.5983 0000 93.2467 158
-7.5593 0000 93.2746 158
-7.5194 0000 93.2808 148
-7.4793 0000 93.2827 135
-7.4391 0000 93.2801 131
-7.3990 0000 93.2819 163
-7.3582 0000 93.2641 223
-7.3177 0000 93.2551 291
-7.2773 0000 93.2482 313
-7.2365 0000 93.2304 298
-7.1961 0000 93.2235 305
-7.1560 0000 93.2253 294
-7.1169 0000 93.2533 285
-7.0773 0000 93.2660 246
-7.0374 0000 93.2744 213
-6.9990 0000 93.3220 185
-6.9595 0000 93.3391 159
-6.9204 0000 93.3672 141
-6.8803 0000 93.3712 111
-6.8401 0000 93.3687 106
-6.7996 0000 93.3596 127
-6.7587 0000 93.3374 130
-6.7196 0000 93.3698 149
-6.6798 0000 93.3804 147
-6.6395 0000 93.3757 127
-6.5991 0000 93.3688 100
-6.5587 0000 93.3619 82
-6.5174 0000 93.3288 98
-6.4761 0000 93.2957 141
-6.4360 0000 93.2975 224
-6.3964 0000 93.3146 269
-6.3563 0000 93.3165 298
-6.3157 0000 93.3009 303
-6.2759 0000 93.3114 200
-6.2360 0000 93.3220 137
-6.1963 0000 93.3348 125
-6.1569 0000 93.3584 174
-6.1174 0000 93.3821 219
-6.0777 0000 93.3971 259
-6.0378 0000 93.4033 241
-5.9974 0000 93.3986 203
-5.9570 0000 93.3917 179
-5.9168 0000 93.3892 161
-5.8767 0000 93.3932 162
-5.8367 0000 93.3994 173
-5.7964 0000 93.3947 162
-5.7558 0000 93.3813 136
-5.7149 0000 93.3569 136
-5.6748 0000 93.3587 154
-5.6353 0000 93.3802 168
-5.5952 0000 93.3843 182
-5.5551 0000 93.3861 192
-5.5150 0000 93.3902 219
-5.4755 0000 93.4139 242
-5.4354 0000 93.4179 270
-5.3956 0000 93.4329 311
-5.3556 0000 93.4413 312
-5.3160 0000 93.4606 298
-5.2766 0000 93.4931 249
-5.2369 0000 93.5103 232
-5.1965 0000 93.5034 186
-5.1557 0000 93.4812 168
-5.1156 0000 93.4852 187
-5.0758 0000 93.5024 223
-5.0357 0000 93.5042 249
-4.9954 0000 93.5039 219
-4.9552 0000 93.5014 181
-4.9147 0000 93.4901 199
-4.8736 0000 93.4526 241
-4.8330 0000 93.4370 270
-4.7926 0000 93.4301 272
-4.7525 0000 93.4341 234
-4.7124 0000 93.4360 203
-4.6722 0000 93.4356 181
-4.6320 0000 93.4375 148
-4.5918 0000 93.4372 136
-4.5516 0000 93.4368 127
-4.5115 0000 93.4409 107
-4.4717 0000 93.4624 100
-4.4316 0000 93.4643 93
-4.3914 0000 93.4639 94
-4.3513 0000 93.4724 111
-4.3118 0000 93.5048 125
-4.2718 0000 93.5176 135
-4.2317 0000 93.5217 115
-4.1914 0000 93.5170 96
-4.1515 0000 93.5320 101
-4.1114 0000 93.5382 108
-4.0717 0000 93.5685 106
-4.0318 0000 93.5836 109
-3.9916 0000 93.5854 111
-3.9516 0000 93.5982 129
-3.9112 0000 93.5891 136
-3.8706 0000 93.5691 119
-3.8301 0000 93.5534 116
-3.7903 0000 93.5772 104
-3.7500 0000 93.5791 125
-3.7097 0000 93.5744 148
-3.6695 0000 93.5762 141
-3.6294 0000 93.5803 123
-3.5890 0000 93.5734 122
-3.5486 0000 93.5621 143
-3.5080 0000 93.5399 198
-3.4677 0000 93.5352 222
-3.4275 0000 93.5370 214
-3.3877 0000 93.5674 196
-3.3477 0000 93.5824 240
-3.3075 0000 93.5864 279
-3.2672 0000 93.5839 253
-3.2269 0000 93.5770 196
-3.1865 0000 93.5679 159
-3.1462 0000 93.5632 145
-3.1060 0000 93.5673 132
-3.0661 0000 93.5867 127
-3.0260 0000 93.5995 157
-2.9857 0000 93.5992 196
-2.9455 0000 93.6010 217
-2.9053 0000 93.6029 199
-2.8650 0000 93.5960 157
-2.8247 0000 93.5957 133
-2.7850 0000 93.6370 134
-2.7448 0000 93.6411 139
-2.7046 0000 93.6451 139
-2.6644 0000 93.6536 139
-2.6244 0000 93.6818 140
-2.5844 0000 93.7012 117
-2.5440 0000 93.6899 120
-2.5036 0000 93.6808 112
-2.4633 0000 93.6717 122
-2.4230 0000 93.6757 180
-2.3828 0000 93.6776 257
-2.3424 0000 93.6597 243
-2.3019 0000 93.6419 232
-2.2616 0000 93.6306 279
-2.2213 0000 93.6346 333
-2.1812 0000 93.6431 300
-2.1410 0000 93.6515 227
-2.1009 0000 93.6709 167
-2.0608 0000 93.6947 156
-2.0206 0000 93.7076 137
-1.9807 0000 93.7533 128
-1.9404 0000 93.7530 122
-1.8999 0000 93.7264 135
-1.8597 0000 93.7260 145
-1.8195 0000 93.7498 125
-1.7791 0000 93.7276 131
-1.7388 0000 93.7228 159
-1.6986 0000 93.7313 180
-1.6584 0000 93.7573 162
-1.6180 0000 93.7372 163
-1.5776 0000 93.7106 138
-1.5374 0000 93.7102 141
-1.4971 0000 93.7121 174
-1.4568 0000 93.7184 208
-1.4167 0000 93.7575 228
-1.3765 0000 93.7682 225
-1.3362 0000 93.7722 192
-1.2959 0000 93.7741 150
-1.2556 0000 93.7716 125
-1.2153 0000 93.7625 126
-1.1749 0000 93.7292 169
-1.1346 0000 93.7091 171
-1.0943 0000 93.7088 153
-1.0541 0000 93.7326 152
-1.0139 0000 93.7498 147
-0.9736 0000 93.7517 179
-0.9333 0000 93.7536 232
-0.8930 0000 93.7532 268
-0.8527 0000 93.7375 276
-0.8125 0000 93.7548 349
-0.7722 0000 93.7588 364
-0.7319 0000 93.7585 297
-0.6916 0000 93.7362 188
-0.6513 0000 93.7074 154
-0.6111 0000 93.7026 139
-0.5708 0000 93.7067 144
-0.5305 0000 93.7129 159
-0.4902 0000 93.7170 169
-0.4499 0000 93.7364 187
-0.4096 0000 93.7514 154
-0.3694 0000 93.7511 140
-0.3291 0000 93.7530 154
-0.2888 0000 93.7614 190
-0.2485 0000 93.7721 224
-0.2081 0000 93.8047 227
-0.1677 0000 93.8548 240
-0.1273 0000 93.8677 229
-0.0870 0000 93.8674 187
-0.0467 0000 93.8670 150
-0.0063 0000 93.8931 145
0.0340 0000 93.8971 137
0.0743 0000 93.8946 129
0.1146 0000 93.8877 127
0.1549 0000 93.8807 149
0.1952 0000 93.8892 194
0.2356 0000 93.8954 219
0.2759 0000 93.8929 202
0.3162 0000 93.8926 167
0.3565 0000 93.8944 136
0.3968 0000 93.8985 122
0.4372 0000 93.9069 121
0.4777 0000 93.9418 155
0.5181 0000 93.9524 179
0.5584 0000 93.9521 161
0.5989 0000 93.9694 132
0.6392 0000 93.9690 137
0.6794 0000 93.9599 145
0.7197 0000 93.9485 155
0.7598 0000 93.9218 172
0.8001 0000 93.9215 166
0.8406 0000 93.9453 154
0.8810 0000 93.9494 171
0.9211 0000 93.9315 227
0.9615 0000 93.9399 225
1.0018 0000 93.9418 216
1.0420 0000 93.9238 205
1.0821 0000 93.9037 234
1.1226 0000 93.9210 212
1.1631 0000 93.9404 248
1.2034 0000 93.9423 272
1.2437 0000 93.9419 270
1.2838 0000 93.9262 257
1.3242 0000 93.9281 285
1.3647 0000 93.9475 318
1.4050 0000 93.9494 277
1.4451 0000 93.9293 206
1.4856 0000 93.9443 177
1.5259 0000 93.9484 146
1.5663 0000 93.9502 139
1.6064 0000 93.9389 157
1.6470 0000 93.9562 133
1.6873 0000 93.9536 123
1.7276 0000 93.9599 131
1.7681 0000 93.9727 149
1.8090 0000 94.0098 176
1.8494 0000 94.0139 199
1.8896 0000 94.0069 205
1.9296 0000 93.9846 187
1.9698 0000 93.9799 185
2.0098 0000 93.9575 212
2.0501 0000 93.9572 225
2.0909 0000 93.9921 218
2.1314 0000 93.9983 189
2.1715 0000 93.9892 162
2.2119 0000 93.9955 129
2.2528 0000 94.0281 110
2.2936 0000 94.0586 123
2.3341 0000 94.0649 121
2.3747 0000 94.0800 112
2.4151 0000 94.0863 119
2.4564 0000 94.1388 122
2.4974 0000 94.1738 124
2.5378 0000 94.1801 130
2.5782 0000 94.1819 124
2.6181 0000 94.1551 125
2.6583 0000 94.1504 135
2.6983 0000 94.1280 168
2.7382 0000 94.1056 189
2.7785 0000 94.1053 246
2.8190 0000 94.1138 301
2.8600 0000 94.1443 315
2.9003 0000 94.1440 283
2.9407 0000 94.1458 266
2.9812 0000 94.1521 276
3.0215 0000 94.1496 263
3.0617 0000 94.1426 244
3.1019 0000 94.1379 252
3.1419 0000 94.1221 253
3.1821 0000 94.1152 262
3.2220 0000 94.0928 273
3.2621 0000 94.0837 272
3.3024 0000 94.0811 296
3.3428 0000 94.0830 326
3.3831 0000 94.0849 338
3.4238 0000 94.1000 286
3.4644 0000 94.1107 268
3.5050 0000 94.1214 262
3.5459 0000 94.1431 250
3.5864 0000 94.1494 213
3.6269 0000 94.1535 179
3.6676 0000 94.1708 148
3.7080 0000 94.1727 134
3.7483 0000 94.1701 153
3.7881 0000 94.1477 163
3.8284 0000 94.1452 197
3.8689 0000 94.1493 234
3.9093 0000 94.1534 246
3.9496 0000 94.1508 221
3.9899 0000 94.1461 199
4.0301 0000 94.1414 191
4.0694 0000 94.1013 181
4.1095 0000 94.0944 179
4.1498 0000 94.0941 188
4.1904 0000 94.1004 200
4.2317 0000 94.1353 203
4.2723 0000 94.1438 198
4.3130 0000 94.1545 175
4.3534 0000 94.1586 138
4.3944 0000 94.1803 132
4.4347 0000 94.1778 140
4.4743 0000 94.1510 135
4.5144 0000 94.1419 159
4.5547 0000 94.1393 200
4.5951 0000 94.1412 191
4.6357 0000 94.1497 137
4.6768 0000 94.1737 111
4.7172 0000 94.1755 110
4.7569 0000 94.1554 130
4.7971 0000 94.1506 165
4.8376 0000 94.1525 172
4.8781 0000 94.1588 171
4.9185 0000 94.1585 175
4.9588 0000 94.1582 161
4.9993 0000 94.1601 143
5.0408 0000 94.1972 140
5.0813 0000 94.2013 158
5.1217 0000 94.2010 208
5.1620 0000 94.1985 250
5.2024 0000 94.2004 237
5.2438 0000 94.2288 201
5.2847 0000 94.2461 203
5.3260 0000 94.2723 207
5.3665 0000 94.2742 180
5.4066 0000 94.2672 171
5.4469 0000 94.2647 166
5.4875 0000 94.2710 158
5.5281 0000 94.2751 162
5.5685 0000 94.2770 182
5.6091 0000 94.2833 203
5.6504 0000 94.3073 192
5.6916 0000 94.3291 193
5.7322 0000 94.3332 166
5.7725 0000 94.3307 148
5.8130 0000 94.3348 150
5.8545 0000 94.3632 152
5.8950 0000 94.3673 168
5.9353 0000 94.3648 189
5.9757 0000 94.3645 211
6.0162 0000 94.3664 233
6.0568 0000 94.3705 243
6.0974 0000 94.3768 229
6.1387 0000 94.3986 215
6.1790 0000 94.3961 177
6.2193 0000 94.3936 150
6.2597 0000 94.3933 149
6.3004 0000 94.3996 153
6.3409 0000 94.4037 144
6.3824 0000 94.4300 126
6.4232 0000 94.4385 118
6.4649 0000 94.4714 122
6.5056 0000 94.4778 151
6.5461 0000 94.4797 198
6.5865 0000 94.4794 229
6.6271 0000 94.4835 243
6.6675 0000 94.4832 251
6.7076 0000 94.4762 242
6.7477 0000 94.4671 220
6.7871 0000 94.4446 180
6.8265 0000 94.4222 162
6.8667 0000 94.4175 137
6.9069 0000 94.4128 132
6.9475 0000 94.4169 135
6.9880 0000 94.4210 133
7.0294 0000 94.4428 119
7.0725 0000 94.5023 119
7.1144 0000 94.5352 139
7.1560 0000 94.5615 156
7.1959 0000 94.5502 184
7.2350 0000 94.5211 220
7.2754 0000 94.5208 230
7.3158 0000 94.5205 232
7.3551 0000 94.4958 217
7.3957 0000 94.4999 181
7.4373 0000 94.5262 158
7.4778 0000 94.5281 133
7.5182 0000 94.5278 127
7.5597 0000 94.5497 125
7.6005 0000 94.5583 133
7.6407 0000 94.5535 123
7.6797 0000 94.5245 129
7.7193 0000 94.5087 140
7.7583 0000 94.4796 141
7.7985 0000 94.4771 158
7.8389 0000 94.4768 189
7.8793 0000 94.4765 242
7.9203 0000 94.4895 293
7.9627 0000 94.5291 323
8.0036 0000 94.5376 342
8.0445 0000 94.5484 378
8.0854 0000 94.5570 397
8.1264 0000 94.5700 344
8.1685 0000 94.6030 271
8.2091 0000 94.6049 211
8.2497 0000 94.6091 163
8.2904 0000 94.6154 140
8.3311 0000 94.6196 130
8.3707 0000 94.6038 126
8.4119 0000 94.6190 107
8.4524 0000 94.6209 122
8.4930 0000 94.6251 165
8.5349 0000 94.6514 244
8.5765 0000 94.6733 255
8.6175 0000 94.6841 239
8.6580 0000 94.6861 207
8.6981 0000 94.6791 196
8.7384 0000 94.6766 199
8.7788 0000 94.6763 204
8.8190 0000 94.6716 220
8.8583 0000 94.6514 290
8.8979 0000 94.6378 293
8.9388 0000 94.6464 273
8.9792 0000 94.6461 263
9.0208 0000 94.6658 252
9.0619 0000 94.6788 204
9.1029 0000 94.6874 166
9.1459 0000 94.7338 146
9.1869 0000 94.7424 130
9.2274 0000 94.7443 126
9.2679 0000 94.7441 137
9.3086 0000 94.7482 145
9.3492 0000 94.7524 137
9.3898 0000 94.7543 126
9.4304 0000 94.7563 124
9.4721 0000 94.7782 135
9.5143 0000 94.8068 124
9.5554 0000 94.8177 126
9.5990 0000 94.8708 141
9.6400 0000 94.8794 172
9.6803 0000 94.8769 205
9.7206 0000 94.8744 237
9.7614 0000 94.8786 242
9.8018 0000 94.8783 202
9.8427 0000 94.8847 154
9.8848 0000 94.9111 144
9.9261 0000 94.9242 144
9.9686 0000 94.9573 134
10.0117 0000 94.9994 153
10.0539 0000 95.0258 153
10.0948 0000 95.0322 157
10.1368 0000 95.0565 158
10.1776 0000 95.0607 157
10.2161 0000 95.0292 168
10.2540 0000 94.9889 209
10.2934 0000 94.9708 302
10.3350 0000 94.9883 306
10.3769 0000 95.0104 332
10.4182 0000 95.0235 294
10.4594 0000 95.0343 238
10.4998 0000 95.0318 197
10.5401 0000 95.0293 166
10.5805 0000 95.0269 134
10.6199 0000 95.0110 123
10.6583 0000 94.9796 158
10.6981 0000 94.9682 178
10.7388 0000 94.9724 212
10.7802 0000 94.9855 300
10.8208 0000 94.9874 369
10.8613 0000 94.9872 385
10.9012 0000 94.9780 336
10.9425 0000 94.9911 368
10.9833 0000 94.9953 313
11.0239 0000 94.9973 228
11.0648 0000 95.0037 160
11.1062 0000 95.0168 108
11.1471 0000 95.0232 97
11.1884 0000 95.0341 104
11.2308 0000 95.0628 125
11.2719 0000 95.0714 143
11.3123 0000 95.0689 164
11.3524 0000 95.0642 168
11.3926 0000 95.0595 144
11.4310 0000 95.0303 118
11.4702 0000 95.0122 144
11.5101 0000 95.0030 200
11.5507 0000 95.0050 249
11.5913 0000 95.0070 263
11.6317 0000 95.0067 251
11.6727 0000 95.0131 233
11.7136 0000 95.0195 206
11.7544 0000 95.0237 180
11.7945 0000 95.0190 192
11.8353 0000 95.0232 257
11.8769 0000 95.0385 316
11.9175 0000 95.0405 349
11.9573 0000 95.0313 346
11.9976 0000 95.0288 276
12.0403 0000 95.0598 221
12.0813 0000 95.0662 214
12.1220 0000 95.0704 199
12.1630 0000 95.0768 187
12.2039 0000 95.0832 180
12.2449 0000 95.0896 173
12.2860 0000 95.0983 178
12.3283 0000 95.1225 177
12.3698 0000 95.1356 204
12.4090 0000 95.1197 219
12.4480 0000 95.0994 179
12.4883 0000 95.0969 167
12.5301 0000 95.1145 149
12.5724 0000 95.1387 156
12.6156 0000 95.1741 154
12.6571 0000 95.1872 165
12.7025 0000 95.2517 177
12.7437 0000 95.2603 191
12.7836 0000 95.2534 195
12.8238 0000 95.2486 187
12.8639 0000 95.2439 163
12.9021 0000 95.2146 149
12.9385 0000 95.1630 131
12.9782 0000 95.1538 130
13.0187 0000 95.1536 140
13.0589 0000 95.1511 147
13.0997 0000 95.1553 147
13.1432 0000 95.1929 151
13.1845 0000 95.2038 154
13.2257 0000 95.2124 149
13.2665 0000 95.2166 141
13.3091 0000 95.2431 127
13.3526 0000 95.2808 112
13.3961 0000 95.3184 114
13.4370 0000 95.3226 123
13.4798 0000 95.3514 133
13.5203 0000 95.3511 145
13.5605 0000 95.3486 144
13.5984 0000 95.3170 143
13.6385 0000 95.3123 145
13.6791 0000 95.3142 145
13.7218 0000 95.3408 152
13.7636 0000 95.3561 166
13.8046 0000 95.3625 197
13.8449 0000 95.3600 217
13.8849 0000 95.3553 223
13.9252 0000 95.3527 207
13.9636 0000 95.3279 200
14.0012 0000 95.2941 192
14.0407 0000 95.2827 230
14.0809 0000 95.2802 274
14.1219 0000 95.2866 316
14.1625 0000 95.2885 320
14.2028 0000 95.2860 284
14.2432 0000 95.2857 246
14.2844 0000 95.2944 213
14.3284 0000 95.3365 172
14.3698 0000 95.3474 139
14.4130 0000 95.3784 137
14.4536 0000 95.3803 125
14.4917 0000 95.3532 108
14.5323 0000 95.3552 109
14.5722 0000 95.3482 117
14.6116 0000 95.3368 137
14.6479 0000 95.2896 178
14.6897 0000 95.3049 219
14.7301 0000 95.3047 273
14.7703 0000 95.3021 310
14.8095 0000 95.2885 334
14.8499 0000 95.2882 289
14.8899 0000 95.2834 242
14.9292 0000 95.2720 202
14.9686 0000 95.2606 174
15.0072 0000 95.2402 176
15.0474 0000 95.2377 163
15.0873 0000 95.2330 152
15.1273 0000 95.2282 141
15.1679 0000 95.2302 134
15.2066 0000 95.2120 124
15.2467 0000 95.2095 141
15.2877 0000 95.2159 195
15.3281 0000 95.2157 257
15.3684 0000 95.2154 303
15.4086 0000 95.2129 346
15.4489 0000 95.2126 354
15.4895 0000 95.2145 335
15.5302 0000 95.2187 334
15.5712 0000 95.2251 337
15.6120 0000 95.2293 305
15.6538 0000 95.2446 271
15.6956 0000 95.2599 203
15.7357 0000 95.2574 190
15.7742 0000 95.2371 166
15.8143 0000 95.2345 159
15.8561 0000 95.2499 173
15.8967 0000 95.2518 171
15.9370 0000 95.2515 163
15.9778 0000 95.2557 152
16.0183 0000 95.2576 146
16.0587 0000 95.2574 148
16.0996 0000 95.2638 149
16.1404 0000 95.2679 148
16.1814 0000 95.2743 143
16.2222 0000 95.2785 142
16.2625 0000 95.2782 155
16.3019 0000 95.2690 186
16.3416 0000 95.2620 234
16.3821 0000 95.2640 267
16.4229 0000 95.2682 286
16.4632 0000 95.2679 341
16.5038 0000 95.2698 424
16.5447 0000 95.2762 459
16.5853 0000 95.2782 452
16.6258 0000 95.2801 449
16.6661 0000 95.2798 430
16.7062 0000 95.2773 367
16.7468 0000 95.2792 277
16.7871 0000 95.2790 205
16.8269 0000 95.2742 167
16.8677 0000 95.2784 163
16.9082 0000 95.2803 178
16.9481 0000 95.2756 201
16.9881 0000 95.2730 228
17.0289 0000 95.2772 255
17.0712 0000 95.2970 248
17.1118 0000 95.2989 247
17.1521 0000 95.2986 243
17.1924 0000 95.2984 236
17.2329 0000 95.3003 218
17.2727 0000 95.2955 201
17.3109 0000 95.2752 205
17.3498 0000 95.2615 183
17.3897 0000 95.2568 166
17.4332 0000 95.2877 152
17.4761 0000 95.3119 177
17.5166 0000 95.3139 192
17.5604 0000 95.3470 188
17.6040 0000 95.3780 201
17.6450 0000 95.3844 189
17.6877 0000 95.4064 166
17.7284 0000 95.4106 155
17.7692 0000 95.4148 143
17.8102 0000 95.4212 143
17.8508 0000 95.4231 161
17.8906 0000 95.4184 173
17.9314 0000 95.4225 163
17.9719 0000 95.4245 158
18.0103 0000 95.4063 187
18.0511 0000 95.4105 216
18.0938 0000 95.4325 207
18.1348 0000 95.4389 176
18.1780 0000 95.4654 153
18.2191 0000 95.4718 144
18.2596 0000 95.4738 139
18.2997 0000 95.4712 125
18.3392 0000 95.4642 116
18.3790 0000 95.4595 116
18.4193 0000 95.4592 110
18.4606 0000 95.4678 104
18.5014 0000 95.4720 103
18.5417 0000 95.4717 108
18.5845 0000 95.4938 123
18.6255 0000 95.5002 125
18.6660 0000 95.5021 139
18.7038 0000 95.4795 137
18.7429 0000 95.4680 135
18.7824 0000 95.4610 141
18.8227 0000 95.4607 151
18.8627 0000 95.4582 152
18.9032 0000 95.4601 164
18.9433 0000 95.4576 203
18.9835 0000 95.4573 238
19.0241 0000 95.4592 230
19.0646 0000 95.4612 206
19.1054 0000 95.4653 208
19.1456 0000 95.4650 210
19.1859 0000 95.4647 202
19.2239 0000 95.4443 204
19.2631 0000 95.4351 238
19.3023 0000 95.4259 267
19.3423 0000 95.4233 301
19.3829 0000 95.4253 330
19.4231 0000 95.4250 341
19.4641 0000 95.4314 329
19.5065 0000 95.4490 304
19.5473 0000 95.4532 230
19.5880 0000 95.4574 159
19.6288 0000 95.4615 106
19.6659 0000 95.4344 90
19.7056 0000 95.4297 89
19.7456 0000 95.4272 96
19.7856 0000 95.4246 111
19.8237 0000 95.4065 135
19.8632 0000 95.3995 168
19.9029 0000 95.3947 183
19.9436 0000 95.3989 205
19.9841 0000 95.4009 242
20.0244 0000 95.4006 263
20.0651 0000 95.4048 250
20.1080 0000 95.4268 211
20.1491 0000 95.4332 221
20.1896 0000 95.4352 244
20.2295 0000 95.4327 249
20.2698 0000 95.4324 254
20.3111 0000 95.4411 274
20.3540 0000 95.4631 303
20.3967 0000 95.4830 272
20.4372 0000 95.4849 262
20.4772 0000 95.4824 247
20.5147 0000 95.4598 247
20.5541 0000 95.4528 239
20.5935 0000 95.4458 245
20.6337 0000 95.4456 259
20.6739 0000 95.4453 272
20.7144 0000 95.4473 278
20.7549 0000 95.4492 272
20.7954 0000 95.4512 272
20.8387 0000 95.4755 272
20.8794 0000 95.4797 291
20.9202 0000 95.4839 301
20.9607 0000 95.4858 292
21.0015 0000 95.4900 272
21.0420 0000 95.4920 261
21.0819 0000 95.4895 255
21.1218 0000 95.4870 261
21.1620 0000 95.4867 279
21.2051 0000 95.5088 331
21.2458 0000 95.5130 368
21.2860 0000 95.5128 369
21.3243 0000 95.4969 311
21.3639 0000 95.4921 281
21.4038 0000 95.4896 260
21.4463 0000 95.5072 271
21.4868 0000 95.5092 278
21.5272 0000 95.5112 282
21.5686 0000 95.5199 289
21.6105 0000 95.5330 320
21.6518 0000 95.5417 351
21.6920 0000 95.5414 347
21.7336 0000 95.5523 289
21.7738 0000 95.5521 277
21.8120 0000 95.5362 313
21.8519 0000 95.5337 309
21.8915 0000 95.5289 292
21.9314 0000 95.5265 283
21.9715 0000 95.5262 296
22.0120 0000 95.5282 326
22.0524 0000 95.5302 360
22.0929 0000 95.5321 383
22.1331 0000 95.5319 345
22.1735 0000 95.5339 259
22.2172 0000 95.5604 245
22.2606 0000 95.5847 209
22.3013 0000 95.5889 159
22.3424 0000 95.5954 124
22.3861 0000 95.6220 123
22.4262 0000 95.6217 116
22.4667 0000 95.6237 125
22.5074 0000 95.6279 134
22.5467 0000 95.6209 122
22.5892 0000 95.6386 112
22.6270 0000 95.6204 137
22.6671 0000 95.6202 143
22.7099 0000 95.6400 123
22.7507 0000 95.6443 115
22.7911 0000 95.6462 115
22.8318 0000 95.6505 125
22.8720 0000 95.6502 136
22.9124 0000 95.6522 127
22.9531 0000 95.6564 106
22.9960 0000 95.6763 101
23.0367 0000 95.6805 94
23.0768 0000 95.6802 88
23.1139 0000 95.6576 88
23.1549 0000 95.6641 100
23.2017 0000 95.7130 116
23.2415 0000 95.7106 129
23.2810 0000 95.7058 130
23.3214 0000 95.7078 118
23.3628 0000 95.7165 102
23.4035 0000 95.7207 95
23.4467 0000 95.7429 100
23.4867 0000 95.7426 107
23.5265 0000 95.7401 119
23.5626 0000 95.7108 126
23.6020 0000 95.7061 136
23.6427 0000 95.7103 132
23.6831 0000 95.7123 128
23.7241 0000 95.7188 137
23.7645 0000 95.7208 154
23.8049 0000 95.7228 172
23.8449 0000 95.7225 192
23.8850 0000 95.7223 216
23.9279 0000 95.7422 216
23.9689 0000 95.7486 220
24.0093 0000 95.7506 213
24.0490 0000 95.7481 207
24.0922 0000 95.7703 229
24.1339 0000 95.7812 229
24.1759 0000 95.7944 224
24.2172 0000 95.8031 232
24.2598 0000 95.8208 232
24.3024 0000 95.8385 271
24.3441 0000 95.8494 266
24.3858 0000 95.8604 232
24.4271 0000 95.8691 207
24.4701 0000 95.8890 198
24.5115 0000 95.8978 218
24.5548 0000 95.9199 255
24.5952 0000 95.9219 251
24.6349 0000 95.9194 219
24.6688 0000 95.8766 177
24.7069 0000 95.8630 148
24.7466 0000 95.8605 146
24.7866 0000 95.8602 162
24.8270 0000 95.8622 186
24.8687 0000 95.8732 203
24.9153 0000 95.9178 196
24.9567 0000 95.9265 178
24.9981 0000 95.9353 166
25.0421 0000 95.9619 167
25.0828 0000 95.9662 140
25.1222 0000 95.9615 123
25.1586 0000 95.9366 118
25.1984 0000 95.9341 116
25.2374 0000 95.9271 110
25.2775 0000 95.9269 115
25.3185 0000 95.9334 127
25.3659 0000 95.9825 137
25.4077 0000 95.9935 139
25.4531 0000 96.0292 132
25.4986 0000 96.0649 147
25.5410 0000 96.0803 148
25.5872 0000 96.1206 152
25.6270 0000 96.1181 156
25.6670 0000 96.1178 155
25.7082 0000 96.1244 149
25.7489 0000 96.1286 143
25.7894 0000 96.1306 141
