wt=150081174, DLLFiFo=0
-25.5661 0000 91.9082 100
-25.5273 0000 91.9118 110
-25.4876 0000 91.9091 104
-25.4482 0000 91.9084 101
-25.4166 0000 91.9611 99
-25.3868 0000 92.0266 113
-25.3483 0000 92.0324 131
-25.3082 0000 92.0275 147
-25.2679 0000 92.0204 155
-25.2248 0000 91.9942 150
-25.1817 0000 91.9680 153
-25.1414 0000 91.9610 139
-25.1023 0000 91.9625 124
-25.0577 0000 91.9256 107
-25.0004 0000 91.7993 129
-24.9517 0000 91.7327 188
-24.9087 0000 91.7066 236
-24.8688 0000 91.7017 221
-24.8312 0000 91.7138 219
-24.7967 0000 91.7472 222
-24.7621 0000 91.7807 154
-24.7237 0000 91.7864 113
-24.6879 0000 91.8114 112
-24.6536 0000 91.8470 136
-24.6190 0000 91.8804 140
-24.5820 0000 91.8969 135
-24.5417 0000 91.8899 99
-24.5029 0000 91.8935 82
-24.4668 0000 91.9164 90
-24.4271 0000 91.9136 90
-24.3907 0000 91.9344 78
-24.3513 0000 91.9338 90
-24.3083 0000 91.9076 101
-24.2680 0000 91.9006 118
-24.2301 0000 91.9106 126
-24.1933 0000 91.9292 133
-24.1586 0000 91.9628 156
-24.1233 0000 91.9921 127
-24.0859 0000 92.0065 109
-24.0418 0000 91.9717 86
-24.0006 0000 91.9583 80
-23.9600 0000 91.9492 76
-23.9128 0000 91.8910 128
-23.8733 0000 91.8904 199
-23.8351 0000 91.8984 233
-23.7983 0000 91.9170 229
-23.7609 0000 91.9314 233
-23.7226 0000 91.9394 187
-23.6823 0000 91.9324 122
-23.6420 0000 91.9254 81
-23.6023 0000 91.9227 66
-23.5651 0000 91.9393 68
-23.5257 0000 91.9387 85
-23.4851 0000 91.9296 125
-23.4454 0000 91.9269 159
-23.4065 0000 91.9307 138
-23.3679 0000 91.9365 92
-23.3279 0000 91.9317 60
-23.2842 0000 91.8992 61
-23.2476 0000 91.9200 114
-23.2098 0000 91.9323 213
-23.1723 0000 91.9467 251
-23.1345 0000 91.9590 192
-23.0954 0000 91.9607 142
-23.0578 0000 91.9751 96
-23.0231 0000 92.0109 71
-22.9848 0000 92.0190 58
-22.9472 0000 92.0335 61
-22.9147 0000 92.0865 73
-22.8774 0000 92.1031 88
-22.8393 0000 92.1133 102
-22.8036 0000 92.1428 111
-22.7677 0000 92.1702 101
-22.7362 0000 92.2319 112
-22.6986 0000 92.2465 137
-22.6587 0000 92.2439 151
-22.6189 0000 92.2413 156
-22.5780 0000 92.2301 160
-22.5337 0000 92.1932 144
-22.4928 0000 92.1820 115
-22.4541 0000 92.1880 82
-22.4151 0000 92.1919 60
-22.3752 0000 92.1893 44
-22.3273 0000 92.1224 42
-22.2782 0000 92.0471 88
-22.2365 0000 92.0295 135
-22.1970 0000 92.0291 152
-22.1564 0000 92.0201 121
-22.1169 0000 92.0197 111
-22.0816 0000 92.0535 103
-22.0440 0000 92.0681 108
-22.0060 0000 92.0805 110
-21.9667 0000 92.0822 86
-21.9261 0000 92.0732 58
-21.8887 0000 92.0900 48
-21.8496 0000 92.0938 41
-21.8141 0000 92.1256 41
-21.7827 0000 92.1916 44
-21.7442 0000 92.1998 55
-21.7025 0000 92.1823 63
-21.6626 0000 92.1797 68
-21.6228 0000 92.1772 63
-21.5858 0000 92.1982 59
-21.5538 0000 92.2601 68
-21.5221 0000 92.3241 101
-21.4874 0000 92.3645 127
-21.4530 0000 92.4072 134
-21.4139 0000 92.4111 156
-21.3742 0000 92.4107 158
-21.3374 0000 92.4340 145
-21.2941 0000 92.4035 159
-21.2516 0000 92.3794 164
-21.2112 0000 92.3726 165
-21.1716 0000 92.3722 145
-21.1327 0000 92.3783 134
-21.0907 0000 92.3586 159
-21.0490 0000 92.3410 191
-21.0032 0000 92.2890 229
-20.9626 0000 92.2801 237
-20.9196 0000 92.2518 192
-20.8795 0000 92.2471 181
-20.8404 0000 92.2510 205
-20.8007 0000 92.2506 236
-20.7626 0000 92.2631 254
-20.7190 0000 92.2284 213
-20.6783 0000 92.2194 173
-20.6387 0000 92.2191 160
-20.5993 0000 92.2208 160
-20.5594 0000 92.2183 148
-20.5166 0000 92.1900 127
-20.4722 0000 92.1489 96
-20.4261 0000 92.0927 99
-20.3841 0000 92.0709 141
-20.3469 0000 92.0920 176
-20.3078 0000 92.0959 210
-20.2675 0000 92.0891 209
-20.2269 0000 92.0801 190
-20.1841 0000 92.0518 145
-20.1408 0000 92.0193 118
-20.1044 0000 92.0468 105
-20.0685 0000 92.0785 88
-20.0362 0000 92.1424 88
-19.9968 0000 92.1442 87
-19.9540 0000 92.1159 71
-19.9057 0000 92.0384 52
-19.8581 0000 91.9673 44
-19.8101 0000 91.8920 41
-19.7713 0000 91.8980 49
-19.7324 0000 91.9040 72
-19.6928 0000 91.9036 92
-19.6528 0000 91.8989 100
-19.6123 0000 91.8900 92
-19.5684 0000 91.8511 80
-19.5241 0000 91.8079 92
-19.4836 0000 91.7990 91
-19.4410 0000 91.7708 76
-19.4007 0000 91.7640 69
-19.3591 0000 91.7443 79
-19.3195 0000 91.7439 106
-19.2793 0000 91.7371 129
-19.2411 0000 91.7495 113
-19.2056 0000 91.7854 98
-19.1739 0000 91.8577 112
-19.1390 0000 91.9000 138
-19.1001 0000 91.9060 138
-19.0610 0000 91.9099 142
-19.0232 0000 91.9266 136
-18.9823 0000 91.9133 134
-18.9378 0000 91.8680 190
-18.8964 0000 91.8505 246
-18.8564 0000 91.8458 283
-18.8170 0000 91.8475 204
-18.7818 0000 91.8877 156
-18.7440 0000 91.9044 149
-18.7031 0000 91.8912 128
-18.6587 0000 91.8459 112
-18.6151 0000 91.8070 95
-18.5705 0000 91.7595 106
-18.5301 0000 91.7506 103
-18.4905 0000 91.7502 95
-18.4637 0000 91.8716 112
-18.4311 0000 91.9375 157
-18.3919 0000 91.9413 178
-18.3492 0000 91.9110 206
-18.3080 0000 91.8956 236
-18.2664 0000 91.8759 257
-18.2259 0000 91.8669 305
-18.1843 0000 91.8473 363
-18.1445 0000 91.8447 334
-18.1056 0000 91.8507 292
-18.0660 0000 91.8503 284
-18.0260 0000 91.8456 270
-17.9864 0000 91.8452 216
-17.9465 0000 91.8426 165
-17.9041 0000 91.8144 141
-17.8608 0000 91.7776 151
-17.8143 0000 91.7089 150
-17.7655 0000 91.6167 140
-17.7251 0000 91.6078 157
-17.6887 0000 91.6393 185
-17.6519 0000 91.6667 232
-17.6128 0000 91.6705 258
-17.5734 0000 91.6722 259
-17.5360 0000 91.6932 275
-17.4973 0000 91.7013 299
-17.4577 0000 91.7009 355
-17.4175 0000 91.6940 401
-17.3760 0000 91.6744 345
-17.3351 0000 91.6612 290
-17.2910 0000 91.6138 235
-17.2464 0000 91.5623 205
-17.1997 0000 91.4894 197
-17.1544 0000 91.4294 193
-17.1109 0000 91.3885 151
-17.0656 0000 91.3286 123
-17.0228 0000 91.2941 106
-16.9810 0000 91.2703 79
-16.9409 0000 91.2636 53
-16.9010 0000 91.2589 51
-16.8631 0000 91.2755 81
-16.8267 0000 91.3069 121
-16.7894 0000 91.3299 169
-16.7495 0000 91.3252 184
-16.7075 0000 91.2993 176
-16.6662 0000 91.2797 167
-16.6227 0000 91.2368 131
-16.5817 0000 91.2215 95
-16.5424 0000 91.2232 73
-16.5029 0000 91.2228 56
-16.4632 0000 91.2203 56
-16.4225 0000 91.2071 82
-16.3783 0000 91.1557 112
-16.3396 0000 91.1638 114
-16.3009 0000 91.1719 104
-16.2618 0000 91.1757 90
-16.2217 0000 91.1689 90
-16.1820 0000 91.1664 95
-16.1426 0000 91.1681 93
-16.1039 0000 91.1761 106
-16.0675 0000 91.2097 155
-16.0307 0000 91.2390 167
-15.9921 0000 91.2492 157
-15.9522 0000 91.2446 145
-15.9129 0000 91.2463 229
-15.8741 0000 91.2543 498
-15.8352 0000 91.2603 555
-15.7952 0000 91.2556 518
-15.7534 0000 91.2297 354
-15.7125 0000 91.2144 202
-15.6726 0000 91.2097 154
-15.6329 0000 91.2072 161
-15.5936 0000 91.2089 191
-15.5540 0000 91.2085 211
-15.5137 0000 91.1996 196
-15.4716 0000 91.1694 158
-15.4298 0000 91.1435 155
-15.3899 0000 91.1388 150
-15.3504 0000 91.1384 140
-15.3088 0000 91.1146 116
-15.2626 0000 91.0378 84
-15.2202 0000 91.0035 93
-15.1770 0000 90.9606 85
-15.1366 0000 90.9496 79
-15.0967 0000 90.9450 83
-15.0580 0000 90.9530 93
-15.0188 0000 90.9568 90
-14.9808 0000 90.9734 98
-14.9436 0000 91.0005 98
-14.9059 0000 91.0213 98
-14.8658 0000 91.0145 76
-14.8216 0000 90.9589 69
-14.7811 0000 90.9458 88
-14.7408 0000 90.9369 128
-14.7001 0000 90.9216 158
-14.6608 0000 90.9233 181
-14.6220 0000 90.9314 191
-14.5854 0000 90.9670 206
-14.5489 0000 91.0026 192
-14.5106 0000 91.0171 181
-14.4707 0000 91.0124 161
-14.4301 0000 90.9993 148
-14.3897 0000 90.9882 191
-14.3514 0000 91.0027 272
-14.3117 0000 91.0001 345
-14.2709 0000 90.9849 348
-14.2298 0000 90.9653 304
-14.1879 0000 90.9352 250
-14.1479 0000 90.9285 218
-14.1085 0000 90.9302 196
-14.0695 0000 90.9361 193
-14.0348 0000 90.9972 176
-14.0028 0000 91.0923 163
-13.9685 0000 91.1578 169
-13.9287 0000 91.1552 166
-13.8859 0000 91.1144 175
-13.8447 0000 91.0928 179
-13.8050 0000 91.0902 170
-13.7654 0000 91.0898 174
-13.7255 0000 91.0851 191
-13.6834 0000 91.0529 213
-13.6432 0000 91.0440 253
-13.6035 0000 91.0414 261
-13.5655 0000 91.0623 212
-13.5243 0000 91.0406 206
-13.4825 0000 91.0105 187
-13.4416 0000 90.9931 175
-13.4004 0000 90.9715 157
-13.3604 0000 90.9647 174
-13.3200 0000 90.9537 298
-13.2810 0000 90.9596 299
-13.2416 0000 90.9613 233
-13.2025 0000 90.9673 164
-13.1646 0000 90.9902 144
-13.1296 0000 91.0514 151
-13.0906 0000 91.0595 157
-13.0507 0000 91.0548 146
-13.0121 0000 91.0671 119
-12.9734 0000 91.0795 135
-12.9337 0000 91.0770 183
-12.8925 0000 91.0553 221
-12.8526 0000 91.0507 210
-12.8123 0000 91.0396 203
-12.7707 0000 91.0116 177
-12.7304 0000 91.0006 153
-12.6914 0000 91.0087 136
-12.6538 0000 91.0359 136
-12.6143 0000 91.0376 110
-12.5732 0000 91.0160 92
-12.5332 0000 91.0092 84
-12.4932 0000 91.0024 91
-12.4536 0000 91.0020 97
-12.4142 0000 91.0038 86
-12.3750 0000 91.0097 86
-12.3366 0000 91.0263 107
-12.2998 0000 91.0663 114
-12.2663 0000 91.1552 98
-12.2314 0000 91.2228 113
-12.1946 0000 91.2650 115
-12.1561 0000 91.2817 133
-12.1158 0000 91.2706 148
-12.0760 0000 91.2681 163
-12.0359 0000 91.2613 151
-11.9979 0000 91.2865 156
-11.9594 0000 91.3031 124
-11.9203 0000 91.3112 104
-11.8834 0000 91.3513 114
-11.8455 0000 91.3787 121
-11.8060 0000 91.3804 116
-11.7644 0000 91.3502 101
-11.7240 0000 91.3391 83
-11.6847 0000 91.3451 78
-11.6456 0000 91.3533 79
-11.6072 0000 91.3720 80
-11.5792 0000 91.5531 69
-11.5436 0000 91.6168 84
-11.5056 0000 91.6421 102
-11.4651 0000 91.6310 111
-11.4236 0000 91.6028 122
-11.3836 0000 91.5981 125
-11.3415 0000 91.5593 131
-11.2973 0000 91.4884 129
-11.2564 0000 91.4688 128
-11.2146 0000 91.4343 111
-11.1746 0000 91.4296 101
-11.1356 0000 91.4399 103
-11.0975 0000 91.4651 109
-11.0582 0000 91.4711 102
-11.0185 0000 91.4707 91
-10.9806 0000 91.5002 71
-10.9455 0000 91.5746 68
-10.9046 0000 91.5550 70
-10.8658 0000 91.5696 73
-10.8256 0000 91.5628 67
-10.7826 0000 91.5069 63
-10.7414 0000 91.4808 62
-10.7052 0000 91.5402 65
-10.6673 0000 91.5698 65
-10.6273 0000 91.5651 52
-10.5874 0000 91.5626 43
-10.5478 0000 91.5643 42
-10.5018 0000 91.4551 75
-10.4615 0000 91.4440 161
-10.4206 0000 91.4244 238
-10.3803 0000 91.4134 315
-10.3402 0000 91.4044 346
-10.2998 0000 91.3913 399
-10.2602 0000 91.3930 384
-10.2214 0000 91.4076 327
-10.1819 0000 91.4114 328
-10.1423 0000 91.4132 290
-10.1036 0000 91.4299 230
-10.0657 0000 91.4615 241
-10.0270 0000 91.4782 222
-9.9875 0000 91.4821 228
-9.9480 0000 91.4859 229
-9.9089 0000 91.4962 218
-9.8701 0000 91.5129 220
-9.8321 0000 91.5424 208
-9.7952 0000 91.5955 154
-9.7605 0000 91.6870 100
-9.7237 0000 91.7423 79
-9.6893 0000 91.8426 70
-9.6528 0000 91.9022 67
-9.6142 0000 91.9254 68
-9.5742 0000 91.9208 64
-9.5331 0000 91.8968 73
-9.4924 0000 91.8792 82
-9.4530 0000 91.8853 98
-9.4131 0000 91.8827 96
-9.3725 0000 91.8673 79
-9.3276 0000 91.7684 62
-9.2847 0000 91.7059 83
-9.2423 0000 91.6542 160
-9.2018 0000 91.6388 229
-9.1622 0000 91.6406 242
-9.1224 0000 91.6402 177
-9.0831 0000 91.6484 129
-9.0449 0000 91.6779 90
-9.0072 0000 91.7203 80
-8.9705 0000 91.7820 76
-8.9317 0000 91.8009 77
-8.8926 0000 91.8155 71
-8.8550 0000 91.8602 67
-8.8164 0000 91.8834 69
-8.7826 0000 92.0075 59
-8.7476 0000 92.1081 65
-8.7096 0000 92.1464 64
-8.6706 0000 92.1654 54
-8.6241 0000 92.0231 41
-8.5745 0000 91.8146 50
-8.5333 0000 91.7842 59
-8.4932 0000 91.7774 65
-8.4533 0000 91.7749 55
-8.4137 0000 91.7788 42
-8.3818 0000 91.9500 39
-8.3423 0000 91.9560 46
-8.3039 0000 91.9878 57
-8.2640 0000 91.9853 63
-8.2229 0000 91.9570 57
-8.1818 0000 91.9287 58
-8.1419 0000 91.9262 67
-8.1028 0000 91.9409 108
-8.0623 0000 91.9255 202
-8.0215 0000 91.9036 232
-7.9816 0000 91.9011 299
-7.9419 0000 91.9029 332
-7.9016 0000 91.8918 255
-7.8611 0000 91.8742 175
-7.8207 0000 91.8588 141
-7.7804 0000 91.8477 90
-7.7291 0000 91.5733 61
-7.6859 0000 91.4897 85
-7.6476 0000 91.5234 106
-7.6049 0000 91.4505 89
-7.5583 0000 91.2817 97
-7.5176 0000 91.2579 128
-7.4783 0000 91.2660 127
-7.4389 0000 91.2720 121
-7.3994 0000 91.2759 117
-7.3596 0000 91.2713 119
-7.3196 0000 91.2624 118
-7.2805 0000 91.2769 113
-7.2432 0000 91.3383 145
-7.2052 0000 91.3806 199
-7.1665 0000 91.4058 210
-7.1291 0000 91.4652 177
-7.0899 0000 91.4798 127
-7.0509 0000 91.4965 87
-7.0342 0000 92.1114 72
-6.9916 0000 92.0379 111
-6.9511 0000 92.0203 156
-6.9111 0000 92.0157 184
-6.8707 0000 91.9981 176
-6.8285 0000 91.9333 197
-6.7874 0000 91.8986 294
-6.7471 0000 91.8854 304
-6.7072 0000 91.8829 330
-6.6677 0000 91.8911 325
-6.6293 0000 91.9316 283
-6.5917 0000 91.9957 193
-6.5536 0000 92.0469 162
-6.5160 0000 92.1132 148
-6.4787 0000 92.1882 150
-6.4406 0000 92.2396 162
-6.4009 0000 92.2478 160
-6.3620 0000 92.2777 146
-6.3230 0000 92.3054 110
-6.2831 0000 92.3050 89
-6.2350 0000 92.0548 69
-6.1904 0000 91.9084 91
-6.1503 0000 91.8995 91
-6.1102 0000 91.8905 83
-6.0832 0000 92.2947 69
-6.0453 0000 92.3590 96
-6.0022 0000 92.2595 121
-5.9590 0000 92.1536 140
-5.9165 0000 92.0671 138
-5.8740 0000 91.9808 161
-5.8339 0000 91.9740 185
-5.7949 0000 92.0016 224
-5.7552 0000 92.0056 238
-5.7155 0000 92.0117 249
-5.6762 0000 92.0328 238
-5.6370 0000 92.0540 244
-5.5974 0000 92.0644 227
-5.5579 0000 92.0770 224
-5.5189 0000 92.1068 196
-5.4798 0000 92.1366 193
-5.4393 0000 92.1147 170
-5.3990 0000 92.0993 167
-5.3582 0000 92.0667 185
-5.3180 0000 92.0535 190
-5.2779 0000 92.0445 194
-5.2381 0000 92.0485 203
-5.1984 0000 92.0546 210
-5.1586 0000 92.0564 211
-5.1189 0000 92.0647 202
-5.0792 0000 92.0708 185
-5.0393 0000 92.0705 163
-4.9994 0000 92.0680 143
-4.9594 0000 92.0655 126
-4.9187 0000 92.0307 105
-4.8771 0000 91.9595 105
-4.8365 0000 91.9312 130
-4.7972 0000 91.9524 147
-4.7576 0000 91.9628 174
-4.7182 0000 91.9818 189
-4.6782 0000 91.9750 153
-4.6371 0000 91.9231 115
-4.5970 0000 91.9142 88
-4.5564 0000 91.8795 87
-4.5156 0000 91.8384 103
-4.4759 0000 91.8402 119
-4.4363 0000 91.8527 120
-4.3963 0000 91.8438 145
-4.3563 0000 91.8370 198
-4.3166 0000 91.8410 251
-4.2768 0000 91.8428 271
-4.2370 0000 91.8468 246
-4.1975 0000 91.8614 180
-4.1577 0000 91.8633 112
-4.1173 0000 91.8372 81
-4.0761 0000 91.7661 77
-4.0356 0000 91.7314 91
-3.9959 0000 91.7354 97
-3.9562 0000 91.7436 86
-3.9169 0000 91.7690 69
-3.8772 0000 91.7730 75
-3.8377 0000 91.7941 95
-3.7981 0000 91.8066 132
-3.7575 0000 91.7634 151
-3.7173 0000 91.7394 157
-3.6772 0000 91.7220 105
-3.6386 0000 91.7902 112
-3.5993 0000 91.8221 205
-3.5597 0000 91.8346 266
-3.5199 0000 91.8407 308
-3.4808 0000 91.8855 301
-3.4420 0000 91.9474 278
-3.4028 0000 91.9879 297
-3.3628 0000 91.9790 271
-3.3224 0000 91.9443 227
-3.2823 0000 91.9289 188
-3.2420 0000 91.8985 139
-3.2003 0000 91.7758 97
-3.1591 0000 91.6790 105
-3.1189 0000 91.6508 132
-3.0789 0000 91.6334 136
-3.0393 0000 91.6523 112
-2.9998 0000 91.6691 139
-2.9603 0000 91.6902 166
-2.9206 0000 91.7006 181
-2.8815 0000 91.7538 190
-2.8421 0000 91.7835 219
-2.8028 0000 91.8261 231
-2.7630 0000 91.8344 208
-2.7232 0000 91.8340 182
-2.6833 0000 91.8272 179
-2.6435 0000 91.8291 197
-2.6040 0000 91.8588 208
-2.5647 0000 91.9143 228
-2.5253 0000 91.9548 228
-2.4855 0000 91.9631 239
-2.4456 0000 91.9584 242
-2.4055 0000 91.9302 227
-2.3656 0000 91.9255 184
-2.3255 0000 91.8994 151
-2.2851 0000 91.8411 122
-2.2449 0000 91.8086 106
-2.2049 0000 91.7825 105
-2.1650 0000 91.7800 104
-2.1255 0000 91.8119 119
-2.0857 0000 91.8201 129
-2.0458 0000 91.8134 119
-2.0056 0000 91.7680 93
-1.9657 0000 91.7548 89
-1.9259 0000 91.7566 107
-1.8862 0000 91.7691 141
-1.8465 0000 91.7817 157
-1.8067 0000 91.7878 150
-1.7671 0000 91.8239 145
-1.7272 0000 91.8236 156
-1.6874 0000 91.8190 156
-1.6476 0000 91.8208 149
-1.6079 0000 91.8484 145
-1.5681 0000 91.8631 142
-1.5283 0000 91.8800 136
-1.4882 0000 91.8238 133
-1.4483 0000 91.7956 133
-1.4083 0000 91.7652 103
-1.3684 0000 91.7563 94
-1.3286 0000 91.7603 99
-1.2889 0000 91.7922 131
-1.2492 0000 91.8155 191
-1.2094 0000 91.8259 217
-1.1696 0000 91.8320 210
-1.1297 0000 91.8317 171
-1.0899 0000 91.8571 132
-1.0502 0000 91.9191 131
-1.0104 0000 91.9252 137
-0.9705 0000 91.9421 158
-0.9307 0000 91.9461 178
-0.8908 0000 91.9479 197
-0.8509 0000 91.9283 198
-0.8111 0000 91.9236 210
-0.7712 0000 91.9276 213
-0.7314 0000 91.9725 209
-0.6915 0000 91.9915 207
-0.6516 0000 91.9976 211
-0.6117 0000 91.9887 223
-0.5719 0000 91.9776 230
-0.5320 0000 91.9580 238
-0.4921 0000 91.9856 195
-0.4522 0000 92.0090 176
-0.4122 0000 92.0667 175
-0.3723 0000 92.0966 199
-0.3324 0000 92.1135 197
-0.2925 0000 92.1132 186
-0.2526 0000 92.0978 166
-0.2127 0000 92.0975 143
-0.1728 0000 92.0950 140
-0.1329 0000 92.0861 154
-0.0931 0000 92.0771 167
-0.0533 0000 92.0381 164
-0.0134 0000 92.0485 147
0.0265 0000 92.0546 154
0.0664 0000 92.0586 159
0.1063 0000 92.0519 149
0.1461 0000 92.0279 141
0.1859 0000 92.0168 128
0.2258 0000 92.0143 119
0.2657 0000 92.0205 106
0.3056 0000 92.0331 103
0.3457 0000 92.0650 121
0.3858 0000 92.0927 110
0.4259 0000 92.1247 113
0.4660 0000 92.1588 110
0.5059 0000 92.1607 119
0.5458 0000 92.1539 140
0.5856 0000 92.1471 164
0.6255 0000 92.1425 174
0.6656 0000 92.1658 173
0.7055 0000 92.1677 191
0.7455 0000 92.1695 202
0.7854 0000 92.1713 189
0.8254 0000 92.1796 170
0.8655 0000 92.2052 172
0.9054 0000 92.1962 183
0.9448 0000 92.1507 208
0.9847 0000 92.1503 221
1.0247 0000 92.1522 205
1.0649 0000 92.1842 159
1.1056 0000 92.2571 129
1.1463 0000 92.3324 119
1.1868 0000 92.3882 127
1.2268 0000 92.3922 145
1.2667 0000 92.3832 153
1.3065 0000 92.3742 148
1.3465 0000 92.3739 155
1.3859 0000 92.3282 182
1.4257 0000 92.3149 203
1.4654 0000 92.2930 217
1.5052 0000 92.2840 204
1.5450 0000 92.2772 193
1.5849 0000 92.2769 177
1.6253 0000 92.3089 139
1.6662 0000 92.3842 130
1.7071 0000 92.4487 139
1.7471 0000 92.4505 136
1.7870 0000 92.4459 126
1.8269 0000 92.4455 119
1.8670 0000 92.4538 114
1.9081 0000 92.5270 119
1.9493 0000 92.6090 144
1.9901 0000 92.6650 191
2.0302 0000 92.6689 225
2.0706 0000 92.6903 221
2.1110 0000 92.7181 151
2.1511 0000 92.7243 100
2.1911 0000 92.7175 70
2.2278 0000 92.5200 66
2.2678 0000 92.5197 62
2.3066 0000 92.4523 56
2.3459 0000 92.4130 67
2.3860 0000 92.4213 94
2.4260 0000 92.4210 149
2.4659 0000 92.4228 182
2.5067 0000 92.4679 166
2.5482 0000 92.5519 142
2.5892 0000 92.6035 147
2.6286 0000 92.5751 151
2.6680 0000 92.5422 151
2.7074 0000 92.5116 122
2.7465 0000 92.4659 120
2.7852 0000 92.4028 125
2.8250 0000 92.3982 138
2.8651 0000 92.4022 160
2.9051 0000 92.4083 179
2.9466 0000 92.4836 182
2.9891 0000 92.6023 187
3.0303 0000 92.6605 197
3.0714 0000 92.7100 173
3.1121 0000 92.7444 164
3.1529 0000 92.7788 159
3.1932 0000 92.7915 177
3.2333 0000 92.7955 206
3.2733 0000 92.7951 223
3.3133 0000 92.7904 209
3.3528 0000 92.7662 211
3.3925 0000 92.7551 214
3.4324 0000 92.7504 212
3.4724 0000 92.7500 206
3.5124 0000 92.7454 206
3.5522 0000 92.7385 209
3.5923 0000 92.7404 199
3.6323 0000 92.7422 177
3.6723 0000 92.7419 151
3.7130 0000 92.7676 113
3.7525 0000 92.7455 89
3.7905 0000 92.6693 75
3.8118 0000 91.9437 93
3.8516 0000 91.9413 136
3.8907 0000 91.9152 196
3.9300 0000 91.8955 259
3.9690 0000 91.8651 266
4.0084 0000 91.8498 236
4.0478 0000 91.8365 251
4.0875 0000 91.8319 285
4.1266 0000 91.8080 259
4.1663 0000 91.8055 199
4.2069 0000 91.8331 165
4.2588 0000 92.2567 105
4.3085 0000 92.6000 213
4.3487 0000 92.6062 239
4.3892 0000 92.6232 223
4.4304 0000 92.6662 221
4.4707 0000 92.6767 231
4.5116 0000 92.7046 226
4.5522 0000 92.7260 237
4.5921 0000 92.7235 220
4.6311 0000 92.6906 210
4.6701 0000 92.6578 229
4.7090 0000 92.6206 221
4.7486 0000 92.6095 211
4.7881 0000 92.5962 193
4.8272 0000 92.5677 163
4.8661 0000 92.5349 168
4.9049 0000 92.5000 154
4.9438 0000 92.4672 172
4.9825 0000 92.4301 170
5.0203 0000 92.3650 176
5.0578 0000 92.2913 192
5.0961 0000 92.2457 253
5.1350 0000 92.2152 297
5.1742 0000 92.1955 367
5.2139 0000 92.1908 339
5.2539 0000 92.1949 248
5.2941 0000 92.2032 156
5.3352 0000 92.2395 122
5.3753 0000 92.2457 116
5.4147 0000 92.2303 99
5.4543 0000 92.2235 69
5.4939 0000 92.2167 61
5.5336 0000 92.2121 67
5.5734 0000 92.2096 73
5.6132 0000 92.2072 79
5.6512 0000 92.1573 84
5.6907 0000 92.1462 85
5.7296 0000 92.1201 94
5.7692 0000 92.1155 115
5.8090 0000 92.1130 113
5.8498 0000 92.1386 115
5.8911 0000 92.1749 123
5.9313 0000 92.1854 150
5.9713 0000 92.1872 160
6.0111 0000 92.1870 175
6.0518 0000 92.2082 194
6.0923 0000 92.2230 237
6.1323 0000 92.2270 282
6.1717 0000 92.2138 306
6.2112 0000 92.2049 289
6.2502 0000 92.1830 254
6.2885 0000 92.1461 181
6.3272 0000 92.1178 165
6.3686 0000 92.1542 173
6.4087 0000 92.1603 229
6.4488 0000 92.1665 290
6.4888 0000 92.1705 308
6.5287 0000 92.1702 300
6.5684 0000 92.1678 278
6.6082 0000 92.1654 233
6.6472 0000 92.1457 184
6.6856 0000 92.1110 118
6.7197 0000 91.9794 90
6.7533 0000 91.8374 100
6.7876 0000 91.7127 133
6.8253 0000 91.6675 157
6.8646 0000 91.6565 169
6.9030 0000 91.6262 162
6.9418 0000 91.6067 174
6.9808 0000 91.5893 176
7.0216 0000 91.6147 148
7.0654 0000 91.7022 104
7.1090 0000 91.7877 93
7.1524 0000 91.8668 78
7.1937 0000 91.8988 65
7.2332 0000 91.8920 50
0.0000 0000 0.0000 0
7.3017 0000 91.6556 40
7.3417 0000 91.6618 55
7.3816 0000 91.6658 65
7.4216 0000 91.6698 64
7.4614 0000 91.6716 62
7.5007 0000 91.6628 59
7.5368 0000 91.5876 52
7.5731 0000 91.5168 65
7.6114 0000 91.4887 84
7.6498 0000 91.4628 96
7.6891 0000 91.4540 88
7.7288 0000 91.4537 80
7.7683 0000 91.4513 76
7.8083 0000 91.4574 75
7.8491 0000 91.4785 81
7.8885 0000 91.4740 78
7.9274 0000 91.4566 78
7.9675 0000 91.4649 82
8.0082 0000 91.4860 78
8.0466 0000 91.4601 65
8.0857 0000 91.4492 73
8.1235 0000 91.4126 67
8.1612 0000 91.3739 72
8.1992 0000 91.3437 80
8.2387 0000 91.3392 99
8.2816 0000 91.4008 121
8.3257 0000 91.4839 174
8.3693 0000 91.5585 238
8.4117 0000 91.6074 299
8.4529 0000 91.6350 315
8.4928 0000 91.6390 241
8.5322 0000 91.6323 160
8.5691 0000 91.5807 101
8.6029 0000 91.4735 89
8.6394 0000 91.4156 99
8.6755 0000 91.3513 127
8.7121 0000 91.2955 193
8.7485 0000 91.2377 284
8.7875 0000 91.2268 348
8.8269 0000 91.2223 395
8.8659 0000 91.2113 427
8.9062 0000 91.2239 288
8.9483 0000 91.2684 181
8.9910 0000 91.3214 134
9.0306 0000 91.3212 129
9.0679 0000 91.2804 138
9.1058 0000 91.2503 141
9.1460 0000 91.2607 117
9.1899 0000 91.3329 102
9.2335 0000 91.4010 106
9.2734 0000 91.4050 120
9.3121 0000 91.3898 135
9.3511 0000 91.3789 153
9.3895 0000 91.3573 167
9.4294 0000 91.3613 194
9.4695 0000 91.3696 210
9.5108 0000 91.3971 203
9.5517 0000 91.4182 205
9.5885 0000 91.3709 189
9.6271 0000 91.3536 174
9.6649 0000 91.3235 192
9.7032 0000 91.3019 214
9.7428 0000 91.3016 244
9.7821 0000 91.2971 275
9.8196 0000 91.2627 304
9.8573 0000 91.2326 386
9.8961 0000 91.2196 415
9.9329 0000 91.1746 370
9.9715 0000 91.1595 295
10.0109 0000 91.1571 269
10.0506 0000 91.1590 277
10.0902 0000 91.1587 296
10.1299 0000 91.1606 336
10.1693 0000 91.1582 333
10.2097 0000 91.1707 281
10.2494 0000 91.1726 203
10.2865 0000 91.1341 160
10.3246 0000 91.1125 139
10.3623 0000 91.0846 163
10.4019 0000 91.0844 176
10.4425 0000 91.1012 158
10.4828 0000 91.1115 149
10.5233 0000 91.1262 130
10.5666 0000 91.1813 130
10.6073 0000 91.1981 151
10.6477 0000 91.2106 184
10.6884 0000 91.2274 196
10.7268 0000 91.2101 214
10.7655 0000 91.1971 195
10.8026 0000 91.1607 166
10.8398 0000 91.1264 171
10.8787 0000 91.1176 170
10.9180 0000 91.1132 161
10.9560 0000 91.0916 161
10.9951 0000 91.0850 148
11.0342 0000 91.0784 121
11.0719 0000 91.0527 95
11.1112 0000 91.0482 107
11.1505 0000 91.0458 90
11.1943 0000 91.1051 66
11.2391 0000 91.1794 71
11.2785 0000 91.1770 91
11.3157 0000 91.1448 128
11.3542 0000 91.1297 190
11.3940 0000 91.1337 208
11.4337 0000 91.1356 205
11.4731 0000 91.1333 176
11.5142 0000 91.1543 151
11.5560 0000 91.1860 121
11.5975 0000 91.2114 148
11.6384 0000 91.2303 185
11.6769 0000 91.2152 246
11.7150 0000 91.1958 375
11.7541 0000 91.1892 464
11.7931 0000 91.1826 518
11.8328 0000 91.1845 527
11.8730 0000 91.1928 531
11.9130 0000 91.1989 549
11.9540 0000 91.2179 591
11.9942 0000 91.2262 496
12.0347 0000 91.2387 327
12.0749 0000 91.2470 190
12.1169 0000 91.2788 81
12.1589 0000 91.3105 38
0.0000 0000 0.0000 0
0.0000 0000 0.0000 0
12.3387 0000 92.1002 43
12.3772 0000 92.0849 60
12.4168 0000 92.0826 82
12.4564 0000 92.0802 103
12.4956 0000 92.0735 114
12.5348 0000 92.0668 131
12.5744 0000 92.0645 145
12.6145 0000 92.0686 138
12.6547 0000 92.0748 127
12.6972 0000 92.1090 119
12.7398 0000 92.1454 137
12.7822 0000 92.1775 150
12.8242 0000 92.2052 189
12.8639 0000 92.2050 200
12.9051 0000 92.2220 189
12.9450 0000 92.2240 192
12.9849 0000 92.2259 183
13.0256 0000 92.2365 178
13.0699 0000 92.2923 180
13.1114 0000 92.3136 174
13.1542 0000 92.3501 181
13.1980 0000 92.3995 191
13.2393 0000 92.4166 225
13.2798 0000 92.4250 253
13.3201 0000 92.4313 261
13.3617 0000 92.4526 303
13.4024 0000 92.4632 307
13.4433 0000 92.4760 246
13.4833 0000 92.4779 202
13.5254 0000 92.5058 171
13.5667 0000 92.5229 180
13.6090 0000 92.5529 191
13.6507 0000 92.5743 172
13.6916 0000 92.5871 166
13.7342 0000 92.6193 172
13.7766 0000 92.6494 159
13.8197 0000 92.6881 194
13.8620 0000 92.7161 218
13.9024 0000 92.7224 257
13.9439 0000 92.7416 294
13.9836 0000 92.7392 256
14.0232 0000 92.7368 196
14.0629 0000 92.7344 157
14.0986 0000 92.6865 142
14.1348 0000 92.6452 142
14.1731 0000 92.6276 196
14.2150 0000 92.6512 263
14.2554 0000 92.6575 264
14.2950 0000 92.6551 221
14.3344 0000 92.6505 153
14.3740 0000 92.6481 99
14.4156 0000 92.6674 83
14.4558 0000 92.6715 84
14.4983 0000 92.7016 83
14.5412 0000 92.7360 80
14.5873 0000 92.8051 90
14.6308 0000 92.8461 104
14.6763 0000 92.9088 126
14.7170 0000 92.9172 152
14.7568 0000 92.9170 176
14.7968 0000 92.9189 194
14.8363 0000 92.9143 199
14.8740 0000 92.8902 198
14.9114 0000 92.8639 168
14.9507 0000 92.8572 155
14.9903 0000 92.8547 139
15.0307 0000 92.8610 126
15.0731 0000 92.8890 125
15.1132 0000 92.8909 122
15.1530 0000 92.8906 119
15.1924 0000 92.8861 122
15.2318 0000 92.8815 141
15.2712 0000 92.8769 161
15.3107 0000 92.8723 178
15.3501 0000 92.8677 193
15.3870 0000 92.8371 206
15.4262 0000 92.8303 219
15.4654 0000 92.8236 212
15.5048 0000 92.8190 182
15.5450 0000 92.8231 170
15.5891 0000 92.8684 171
15.6304 0000 92.8833 164
15.6710 0000 92.8917 167
15.7106 0000 92.8893 166
15.7443 0000 92.8261 140
15.7795 0000 92.7782 114
15.8162 0000 92.7454 126
15.8555 0000 92.7409 136
15.8955 0000 92.7428 139
15.9357 0000 92.7468 137
15.9754 0000 92.7466 131
16.0118 0000 92.7117 112
16.0477 0000 92.6725 112
16.0855 0000 92.6527 118
16.1257 0000 92.6568 109
16.1665 0000 92.6674 110
16.2103 0000 92.7082 112
16.2526 0000 92.7340 107
16.2952 0000 92.7618 85
16.3381 0000 92.7941 83
16.3785 0000 92.8003 95
16.4207 0000 92.8239 102
16.4606 0000 92.8258 110
16.4984 0000 92.8060 120
16.5380 0000 92.8036 128
16.5749 0000 92.7752 127
16.6113 0000 92.7424 146
16.6495 0000 92.7270 159
16.6868 0000 92.7029 149
16.7243 0000 92.6810 150
16.7603 0000 92.6440 126
16.7980 0000 92.6243 121
16.8359 0000 92.6067 134
16.8721 0000 92.5718 159
16.9120 0000 92.5737 162
16.9532 0000 92.5886 154
16.9951 0000 92.6100 136
17.0397 0000 92.6573 122
17.0805 0000 92.6678 123
17.1200 0000 92.6654 127
17.1590 0000 92.6586 113
17.1992 0000 92.6627 101
17.2418 0000 92.6906 109
17.2849 0000 92.7227 94
17.3291 0000 92.7658 97
17.3666 0000 92.7439 100
17.4058 0000 92.7393 111
17.4418 0000 92.7044 114
17.4767 0000 92.6587 113
17.5111 0000 92.6087 120
17.5455 0000 92.5587 133
17.5851 0000 92.5584 143
17.6296 0000 92.6035 133
17.6737 0000 92.6443 139
17.7138 0000 92.6484 140
17.7500 0000 92.6157 132
17.7828 0000 92.5528 138
17.8222 0000 92.5503 161
17.8624 0000 92.5544 197
17.9025 0000 92.5585 237
17.9426 0000 92.5625 282
17.9822 0000 92.5622 308
18.0211 0000 92.5555 294
18.0598 0000 92.5466 249
18.0963 0000 92.5182 208
18.0994 0000 92.1862 144
18.1004 0000 91.8362 244
18.1398 0000 91.8360 348
18.1797 0000 91.8400 383
18.2190 0000 91.8376 391
18.2572 0000 91.8267 402
18.2962 0000 91.8221 343
18.3370 0000 91.8347 234
18.3818 0000 91.8816 171
18.4239 0000 91.9049 154
18.4638 0000 91.9089 161
18.5057 0000 91.9301 237
18.5473 0000 91.9491 259
18.5875 0000 91.9553 251
18.6267 0000 91.9529 243
18.6656 0000 91.9484 236
18.7039 0000 91.9374 217
18.7431 0000 91.9350 158
18.7837 0000 91.9455 113
18.8254 0000 91.9645 79
18.8609 0000 91.9299 50
18.8947 0000 91.8804 48
18.9299 0000 91.8438 55
18.9666 0000 91.8200 63
19.0060 0000 91.8197 71
19.0454 0000 91.8195 87
19.0848 0000 91.8192 84
19.1239 0000 91.8168 75
19.1625 0000 91.8102 73
19.1999 0000 91.7928 64
19.2388 0000 91.7883 72
19.2729 0000 91.7431 79
19.3103 0000 91.7258 72
19.3302 0000 91.5611 73
19.3629 0000 91.5054 92
19.3959 0000 91.4519 120
19.4309 0000 91.4155 169
19.4681 0000 91.3982 270
19.5077 0000 91.4001 375
19.5472 0000 91.4020 430
19.5862 0000 91.3996 421
19.6255 0000 91.3993 394
19.6663 0000 91.4119 373
19.7073 0000 91.4265 339
19.7499 0000 91.4539 275
19.7913 0000 91.4707 198
19.8360 0000 91.5152 154
19.8794 0000 91.5491 126
19.9215 0000 91.5723 80
20.0159 0000 92.0232 57
20.0590 0000 92.0530 73
20.0981 0000 92.0506 95
20.1375 0000 92.0503 119
20.1772 0000 92.0522 132
20.2142 0000 92.0327 148
20.2533 0000 92.0303 156
20.2922 0000 92.0257 156
20.3276 0000 91.9933 142
20.3627 0000 91.9588 146
20.3983 0000 91.9285 148
20.4371 0000 91.9240 164
20.4757 0000 91.9173 172
20.5126 0000 91.8978 198
20.5506 0000 91.8868 229
20.5888 0000 91.8780 250
20.6274 0000 91.8713 231
20.6632 0000 91.8432 169
20.7009 0000 91.8302 135
20.7399 0000 91.8278 122
20.7790 0000 91.8254 121
20.8142 0000 91.7931 134
20.8529 0000 91.7885 136
20.8917 0000 91.7840 128
20.9247 0000 91.7346 129
20.9599 0000 91.7023 122
20.9978 0000 91.6914 114
21.0332 0000 91.6613 117
21.0661 0000 91.6120 124
21.1048 0000 91.6075 139
21.1449 0000 91.6136 154
21.1855 0000 91.6241 160
21.2275 0000 91.6452 148
21.2695 0000 91.6663 158
21.3096 0000 91.6725 154
21.3492 0000 91.6744 154
21.3878 0000 91.6699 149
21.4271 0000 91.6697 136
21.4683 0000 91.6844 143
21.5087 0000 91.6927 148
21.5479 0000 91.6925 133
21.5872 0000 91.6923 123
21.6267 0000 91.6942 109
21.6648 0000 91.6855 92
21.7015 0000 91.6661 81
21.7359 0000 91.6296 75
21.7726 0000 91.6102 88
21.8152 0000 91.6356 95
21.8547 0000 91.6375 111
21.8942 0000 91.6395 128
21.9346 0000 91.6478 144
21.9744 0000 91.6519 161
22.0076 0000 91.6069 151
22.0304 0000 91.4852 135
22.0587 0000 91.4041 158
22.0972 0000 91.3997 146
22.1350 0000 91.3889 132
22.1735 0000 91.3845 112
22.2167 0000 91.4141 97
22.2600 0000 91.4438 91
22.2997 0000 91.4479 106
22.3395 0000 91.4520 106
22.3792 0000 91.4561 99
22.4184 0000 91.4560 88
22.4572 0000 91.4537 79
22.4947 0000 91.4408 73
22.5218 0000 91.3534 79
22.5609 0000 91.3533 81
22.6004 0000 91.3553 75
22.6392 0000 91.3530 81
22.6745 0000 91.3253 88
22.7130 0000 91.3209 104
22.7513 0000 91.3144 113
22.7895 0000 91.3079 106
22.8266 0000 91.2930 100
22.8657 0000 91.2929 84
22.9042 0000 91.2885 74
22.9463 0000 91.3097 72
22.9944 0000 91.3734 58
23.0440 0000 91.4478 54
23.0622 0000 91.2988 53
23.1007 0000 91.2945 61
23.1389 0000 91.2880 68
23.1735 0000 91.2561 74
23.2117 0000 91.2496 91
23.2514 0000 91.2538 111
23.2920 0000 91.2644 118
23.3378 0000 91.3111 113
23.3778 0000 91.3174 112
23.4206 0000 91.3429 110
23.4615 0000 91.3556 115
23.5089 0000 91.4130 115
23.5502 0000 91.4278 111
23.5967 0000 91.4789 111
23.6334 0000 91.4618 120
23.6713 0000 91.4533 113
23.7055 0000 91.4192 95
23.7397 0000 91.3851 89
23.7711 0000 91.3319 89
23.8084 0000 91.3191 97
23.8413 0000 91.2765 99
23.8769 0000 91.2531 100
23.9095 0000 91.2085 109
23.9455 0000 91.1872 140
23.9855 0000 91.1936 175
24.0249 0000 91.1957 212
24.0642 0000 91.1978 203
24.1030 0000 91.1956 172
24.1411 0000 91.1892 157
24.1830 0000 91.2083 124
24.2319 0000 91.2742 90
24.2881 0000 91.3890 77
24.3322 0000 91.4231 77
24.3720 0000 91.4273 79
24.4156 0000 91.4571 83
24.4557 0000 91.4635 88
24.4939 0000 91.4571 97
24.5320 0000 91.4507 106
24.5756 0000 91.4805 106
24.6202 0000 91.5167 122
24.6635 0000 91.5444 141
24.7040 0000 91.5529 177
24.7444 0000 91.5614 210
24.7836 0000 91.5614 223
24.8224 0000 91.5593 210
24.8603 0000 91.5508 189
24.8942 0000 91.5167 168
24.9288 0000 91.4869 159
24.9660 0000 91.4741 125
24.9964 0000 91.4166 103
25.0339 0000 91.4060 110
25.0694 0000 91.3826 133
