wt=153387162, DLLFiFo=0
-23.4650 0000 77.7525 228
-23.4326 0000 77.7770 197
-23.4005 0000 77.8033 188
-23.3678 0000 77.8260 171
-23.3320 0000 77.8273 167
-23.2959 0000 77.8267 159
-23.2592 0000 77.8226 154
-23.2192 0000 77.7952 159
-23.1831 0000 77.7947 173
-23.1470 0000 77.7941 206
-23.1182 0000 77.8437 228
-23.0900 0000 77.8970 252
-23.0541 0000 77.8982 276
-23.0256 0000 77.9497 283
-22.9941 0000 77.9815 269
-22.9593 0000 77.9899 251
-22.9276 0000 78.0199 236
-22.8891 0000 78.0032 222
-22.8566 0000 78.0278 212
-22.8277 0000 78.0776 196
-22.7934 0000 78.0896 176
-22.7655 0000 78.1466 168
-22.7384 0000 78.2091 194
-22.7066 0000 78.2392 238
-22.6720 0000 78.2495 229
-22.6407 0000 78.2832 183
-22.6114 0000 78.3313 141
-22.5954 0000 78.4716 126
-22.5679 0000 78.5326 147
-22.5306 0000 78.5248 184
-22.4936 0000 78.5188 212
-22.4547 0000 78.5002 281
-22.4188 0000 78.5015 319
-22.3858 0000 78.5244 288
-22.3524 0000 78.5438 286
-22.3228 0000 78.5903 307
-22.2878 0000 78.5988 326
-22.2546 0000 78.6200 318
-22.2183 0000 78.6194 282
-22.1833 0000 78.6279 210
-22.1518 0000 78.6618 154
-22.1229 0000 78.7138 110
-22.0924 0000 78.7550 90
-22.0637 0000 78.8089 82
-22.0309 0000 78.8337 87
-21.9971 0000 78.8514 83
-21.9605 0000 78.8490 87
-21.9244 0000 78.8502 88
-21.8881 0000 78.8497 87
-21.8540 0000 78.8655 96
-21.8206 0000 78.8867 87
-21.8001 0000 79.0007 86
-21.7680 0000 79.0311 96
-21.7293 0000 79.0142 117
-21.6929 0000 79.0136 135
-21.6570 0000 79.0167 142
-21.6219 0000 79.0252 138
-21.5907 0000 79.0629 140
-21.5568 0000 79.0806 149
-21.5246 0000 79.1110 146
-21.4924 0000 79.1414 159
-21.4589 0000 79.1627 163
-21.4272 0000 79.1968 168
-21.3912 0000 79.1999 146
-21.3542 0000 79.1957 112
-21.3175 0000 79.1933 84
-21.2808 0000 79.1909 65
-21.2394 0000 79.1538 58
-21.1873 0000 79.0366 63
-21.1467 0000 79.0051 72
-21.1066 0000 78.9772 71
-21.0723 0000 78.9930 70
-21.0332 0000 78.9724 66
-20.9934 0000 78.9464 67
-20.9531 0000 78.9167 67
-20.9125 0000 78.8852 75
-20.8751 0000 78.8774 79
-20.8361 0000 78.8568 76
-20.7960 0000 78.8290 83
-20.7589 0000 78.8229 82
-20.7172 0000 78.7824 72
-20.6722 0000 78.7165 66
-20.6258 0000 78.6398 74
-20.5820 0000 78.5831 98
-20.5416 0000 78.5517 131
-20.5027 0000 78.5312 112
-20.4625 0000 78.5017 103
-20.4219 0000 78.4685 83
-20.3822 0000 78.4426 74
-20.3433 0000 78.4222 58
-20.3025 0000 78.3873 45
-20.2580 0000 78.3235 46
-20.2151 0000 78.2724 44
-20.1649 0000 78.1637 43
-20.1269 0000 78.1505 45
-20.0809 0000 78.0743 42
-20.0407 0000 78.0431 37
-20.0008 0000 78.0138 37
-19.9643 0000 78.0114 36
-19.9245 0000 77.9838 36
0.0000 0000 0.0000 0
0.0000 0000 0.0000 0
0.0000 0000 0.0000 0
0.0000 0000 0.0000 0
0.0000 0000 0.0000 0
0.0000 0000 0.0000 0
0.0000 0000 0.0000 0
0.0000 0000 0.0000 0
0.0000 0000 0.0000 0
0.0000 0000 0.0000 0
0.0000 0000 0.0000 0
-19.3575 0000 76.9220 38
-19.3202 0000 76.9107 57
-19.2804 0000 76.8800 80
-19.2410 0000 76.8529 118
-19.2026 0000 76.8328 109
-19.1653 0000 76.8216 114
-19.1271 0000 76.8033 115
-19.0862 0000 76.7638 104
-19.0480 0000 76.7456 86
-19.0012 0000 76.6566 86
-18.9574 0000 76.5925 98
-18.9120 0000 76.5143 115
-18.8661 0000 76.4327 127
-18.8225 0000 76.3687 150
-18.7744 0000 76.2679 181
-18.7342 0000 76.2322 204
-18.6924 0000 76.1825 208
-18.6552 0000 76.1714 209
-18.6145 0000 76.1305 208
-18.5784 0000 76.1282 207
-18.5421 0000 76.1241 211
-18.5041 0000 76.1060 213
-18.4678 0000 76.1019 216
-18.4307 0000 76.0908 256
-18.3942 0000 76.0850 285
-18.3587 0000 76.0880 284
-18.3237 0000 76.0944 253
-18.2899 0000 76.1114 213
-18.2542 0000 76.1126 180
-18.2210 0000 76.1348 161
-18.1857 0000 76.1395 160
-18.1496 0000 76.1372 183
-18.1129 0000 76.1296 220
-18.0725 0000 76.0905 244
-18.0356 0000 76.0812 256
-17.9983 0000 76.0684 259
-17.9587 0000 76.0363 284
-17.9182 0000 75.9955 270
-17.8813 0000 75.9862 229
-17.8454 0000 75.9856 173
-17.8121 0000 76.0079 143
-17.7789 0000 76.0301 121
-17.7486 0000 76.0786 108
-17.7157 0000 76.1044 91
-17.6806 0000 76.1108 96
-17.6471 0000 76.1313 130
-17.6140 0000 76.1554 151
-17.5810 0000 76.1812 171
-17.5453 0000 76.1824 197
-17.5094 0000 76.1818 215
-17.4730 0000 76.1778 213
-17.4324 0000 76.1352 220
-17.3956 0000 76.1276 283
-17.3576 0000 76.1078 395
-17.3210 0000 76.1020 433
-17.2851 0000 76.1015 416
-17.2494 0000 76.1027 380
-17.2125 0000 76.0934 363
-17.1739 0000 76.0684 321
-17.1370 0000 76.0591 327
-17.0987 0000 76.0375 397
-17.0621 0000 76.0300 400
-17.0238 0000 76.0085 328
-16.9872 0000 76.0010 286
-16.9490 0000 75.9794 272
-16.9127 0000 75.9754 244
-16.8770 0000 75.9766 226
-16.8418 0000 75.9831 220
-16.8059 0000 75.9826 238
-16.7696 0000 75.9786 275
-16.7331 0000 75.9728 302
-16.6967 0000 75.9671 321
-16.6574 0000 75.9351 344
-16.6207 0000 75.9275 369
-16.5837 0000 75.9165 397
-16.5452 0000 75.8915 410
-16.5071 0000 75.8700 477
-16.4706 0000 75.8643 418
-16.4343 0000 75.8603 306
-16.3979 0000 75.8545 227
-16.3559 0000 75.7964 222
-16.3142 0000 75.7400 284
-16.2757 0000 75.7150 302
-16.2390 0000 75.7058 295
-16.1991 0000 75.6669 280
-16.1622 0000 75.6560 264
-16.1220 0000 75.6136 231
-16.0856 0000 75.6079 203
-16.0454 0000 75.5656 193
-16.0092 0000 75.5616 184
-15.9752 0000 75.5785 173
-15.9378 0000 75.5623 178
-15.9014 0000 75.5566 183
-15.8631 0000 75.5317 160
-15.8223 0000 75.4824 138
-15.7801 0000 75.4193 112
-15.7384 0000 75.3615 98
-15.7002 0000 75.3367 99
-15.6618 0000 75.3101 92
-15.6281 0000 75.3304 101
-15.5927 0000 75.3334 126
-15.5574 0000 75.3381 154
-15.5256 0000 75.3775 174
-15.4923 0000 75.4013 176
-15.4570 0000 75.4060 172
-15.4215 0000 75.4090 158
-15.3881 0000 75.4328 153
-15.3525 0000 75.4341 147
-15.3213 0000 75.4805 150
-15.2879 0000 75.5044 150
-15.2502 0000 75.4847 157
-15.2140 0000 75.4807 174
-15.1753 0000 75.4507 193
-15.1388 0000 75.4432 200
-15.1030 0000 75.4427 193
-15.0677 0000 75.4474 177
-15.0319 0000 75.4469 168
-14.9937 0000 75.4220 190
-14.9554 0000 75.3954 223
-14.9187 0000 75.3862 293
-14.8811 0000 75.3666 325
-14.8434 0000 75.3470 359
-14.8075 0000 75.3447 316
-14.7715 0000 75.3425 257
-14.7352 0000 75.3368 213
-14.6976 0000 75.3171 192
-14.6643 0000 75.3427 161
-14.6286 0000 75.3439 141
-14.6004 0000 75.4234 133
-14.5722 0000 75.5047 143
-14.5339 0000 75.4781 162
-14.4976 0000 75.4723 218
-14.4595 0000 75.4475 320
-14.4227 0000 75.4365 474
-14.3866 0000 75.4325 562
-14.3514 0000 75.4390 570
-14.3163 0000 75.4472 519
-14.2813 0000 75.4554 414
-14.2472 0000 75.4740 285
-14.2142 0000 75.5049 255
-14.1822 0000 75.5462 262
-14.1470 0000 75.5527 249
-14.1111 0000 75.5522 196
-14.0751 0000 75.5499 150
-14.0397 0000 75.5546 124
-14.0059 0000 75.5768 110
-13.9664 0000 75.5362 97
-13.9346 0000 75.5810 90
-13.9039 0000 75.6381 84
-13.8751 0000 75.7179 90
-13.8459 0000 75.7926 93
-13.8104 0000 75.7974 95
-13.7750 0000 75.8021 96
-13.7417 0000 75.8314 117
-13.7077 0000 75.8536 173
-13.6735 0000 75.8724 208
-13.6380 0000 75.8772 271
-13.6022 0000 75.8784 324
-13.5664 0000 75.8797 329
-13.5303 0000 75.8774 299
-13.4944 0000 75.8769 251
-13.4587 0000 75.8799 180
-13.4265 0000 75.9232 126
-13.3960 0000 75.9859 114
-13.3676 0000 76.0749 126
-13.3409 0000 76.1833 166
-13.3063 0000 76.2004 214
-13.2734 0000 76.2369 254
-13.2377 0000 76.2399 277
-13.2017 0000 76.2394 271
-13.1665 0000 76.2495 244
-13.1305 0000 76.2490 187
-13.1025 0000 76.3454 147
-13.0814 0000 76.5249 194
-13.0464 0000 76.5386 338
-13.0106 0000 76.5416 421
-12.9749 0000 76.5464 393
-12.9394 0000 76.5530 308
-12.9062 0000 76.5879 217
-12.8711 0000 76.5997 156
-12.8355 0000 76.6063 122
-12.8013 0000 76.6288 110
-12.7657 0000 76.6354 105
-12.7332 0000 76.6792 110
-12.6994 0000 76.7088 115
-12.6673 0000 76.7579 151
-12.6334 0000 76.7858 183
-12.5972 0000 76.7853 205
-12.5593 0000 76.7635 215
-12.5218 0000 76.7453 165
-12.4873 0000 76.7661 124
-12.4559 0000 76.8259 88
-12.4243 0000 76.8840 85
-12.3921 0000 76.9350 88
-12.3583 0000 76.9647 92
-12.3255 0000 77.0087 110
-12.2878 0000 76.9886 121
-12.2515 0000 76.9864 131
-12.2158 0000 76.9930 134
-12.1833 0000 77.0405 154
-12.1479 0000 77.0507 184
-12.1137 0000 77.0769 188
-12.0795 0000 77.1031 211
-12.0439 0000 77.1115 214
-12.0091 0000 77.1306 197
-11.9729 0000 77.1302 212
-11.9370 0000 77.1350 234
-11.9041 0000 77.1791 243
-11.8686 0000 77.1893 257
-11.8382 0000 77.2673 247
-11.8088 0000 77.3597 229
-11.7772 0000 77.4218 210
-11.7439 0000 77.4624 192
-11.7078 0000 77.4655 171
-11.6735 0000 77.4919 158
-11.6375 0000 77.4968 151
-11.6016 0000 77.5017 152
-11.5689 0000 77.5513 164
-11.5350 0000 77.5849 177
-11.5020 0000 77.6310 193
-11.4673 0000 77.6539 192
-11.4310 0000 77.6552 193
-11.3950 0000 77.6601 189
-11.3605 0000 77.6847 190
-11.3223 0000 77.6591 187
-11.2826 0000 77.6120 179
-11.2464 0000 77.6133 160
-11.2192 0000 77.7439 145
-11.1878 0000 77.8153 161
-11.1545 0000 77.8598 197
-11.1185 0000 77.8647 240
-11.0854 0000 77.9128 277
-11.0518 0000 77.9538 298
-11.0189 0000 78.0038 306
-10.9828 0000 78.0087 267
-10.9473 0000 78.0226 231
-10.9088 0000 77.9933 185
-10.8688 0000 77.9406 163
-10.8288 0000 77.8879 162
-10.7900 0000 77.8514 170
-10.7530 0000 77.8437 169
-10.7142 0000 77.8073 163
-10.6777 0000 77.8050 147
-10.6430 0000 77.8315 129
-10.6098 0000 77.8796 108
-10.5755 0000 77.9115 109
-10.5395 0000 77.9183 124
-10.5046 0000 77.9412 128
-10.4684 0000 77.9444 122
-10.4353 0000 77.9962 122
-10.4006 0000 78.0227 124
-10.3641 0000 78.0223 120
-10.3279 0000 78.0272 118
-10.2937 0000 78.0610 128
-10.2601 0000 78.1075 179
-10.2239 0000 78.1107 250
-10.1874 0000 78.1102 274
-10.1496 0000 78.0899 233
-10.1130 0000 78.0876 189
-10.0747 0000 78.0583 141
-10.0397 0000 78.0831 110
-10.0088 0000 78.1729 102
-9.9757 0000 78.2267 121
-9.9372 0000 78.1955 150
-9.9002 0000 78.1878 199
-9.8638 0000 78.1892 232
-9.8287 0000 78.2122 226
-9.7926 0000 78.2190 217
-9.7566 0000 78.2276 200
-9.7231 0000 78.2778 181
-9.6882 0000 78.3045 174
-9.6520 0000 78.3113 165
-9.6183 0000 78.3580 161
-9.5819 0000 78.3612 166
-9.5453 0000 78.3607 174
-9.5088 0000 78.3621 170
-9.4722 0000 78.3616 159
-9.4359 0000 78.3648 163
-9.3996 0000 78.3698 182
-9.3630 0000 78.3694 210
-9.3261 0000 78.3635 237
-9.2889 0000 78.3522 261
-9.2502 0000 78.3155 303
-9.2137 0000 78.3151 350
-9.1770 0000 78.3128 365
-9.1411 0000 78.3251 366
-9.1045 0000 78.3246 303
-9.0678 0000 78.3224 235
-9.0313 0000 78.3219 188
-8.9949 0000 78.3251 162
-8.9581 0000 78.3211 154
-8.9202 0000 78.2971 151
-8.8822 0000 78.2695 174
-8.8443 0000 78.2455 154
-8.8074 0000 78.2379 122
-8.7696 0000 78.2157 102
-8.7329 0000 78.2117 88
-8.6912 0000 78.1154 87
-8.6500 0000 78.0265 113
-8.6122 0000 78.0026 118
-8.5745 0000 77.9787 118
-8.5331 0000 77.8846 98
-8.4895 0000 77.7473 111
-8.4524 0000 77.7343 138
-8.4149 0000 77.7123 143
-8.3782 0000 77.7083 134
-8.3389 0000 77.6504 130
-8.2990 0000 77.5818 143
-8.2591 0000 77.5132 187
-8.2214 0000 77.4859 213
-8.1844 0000 77.4747 237
-8.1478 0000 77.4689 247
-8.1115 0000 77.4703 257
-8.0756 0000 77.4806 253
-8.0405 0000 77.5071 236
-8.0053 0000 77.5318 167
-7.9703 0000 77.5601 115
-7.9355 0000 77.5937 75
-7.9032 0000 77.6777 66
-7.8666 0000 77.6755 68
-7.8277 0000 77.6230 64
-7.7896 0000 77.5867 57
-7.7478 0000 77.4715 57
-7.7088 0000 77.4174 63
-7.6714 0000 77.3937 66
-7.6347 0000 77.3879 68
-7.5994 0000 77.4108 79
-7.5633 0000 77.4157 87
-7.5268 0000 77.4135 95
-7.4903 0000 77.4096 91
-7.4524 0000 77.3751 86
-7.4136 0000 77.3210 86
-7.3761 0000 77.2956 103
-7.3395 0000 77.2898 134
-7.3022 0000 77.2680 148
-7.2641 0000 77.2283 158
-7.2270 0000 77.2100 178
-7.1893 0000 77.1792 188
-7.1520 0000 77.1556 207
-7.1146 0000 77.1320 175
-7.0770 0000 77.1013 156
-7.0401 0000 77.0866 123
-7.0017 0000 77.0363 99
-6.9617 0000 76.9486 87
-6.9239 0000 76.9108 84
-6.8856 0000 76.8624 74
-6.8483 0000 76.8371 72
-6.8134 0000 76.8688 85
-6.7783 0000 76.8968 134
-6.7428 0000 76.9178 172
-6.7067 0000 76.9209 199
-6.6705 0000 76.9223 181
-6.6342 0000 76.9202 144
-6.5979 0000 76.9198 110
-6.5623 0000 76.9372 89
-6.5261 0000 76.9404 72
-6.4889 0000 76.9151 67
-6.4513 0000 76.8809 76
-6.4129 0000 76.8236 113
-6.3762 0000 76.8125 167
-6.3391 0000 76.7891 201
-6.3016 0000 76.7567 228
-6.2641 0000 76.7226 228
-6.2269 0000 76.6956 261
-6.1918 0000 76.7254 275
-6.1569 0000 76.7623 272
-6.1219 0000 76.7957 277
-6.0858 0000 76.7988 289
-6.0494 0000 76.7967 301
-6.0131 0000 76.7945 281
-5.9768 0000 76.7924 245
-5.9406 0000 76.7938 255
-5.9052 0000 76.8183 242
-5.8693 0000 76.8268 256
-5.8331 0000 76.8300 254
-5.7969 0000 76.8314 230
-5.7612 0000 76.8470 216
-5.7250 0000 76.8484 181
-5.6888 0000 76.8481 143
-5.6525 0000 76.8495 124
-5.6155 0000 76.8242 118
-5.5791 0000 76.8221 129
-5.5429 0000 76.8235 146
-5.5066 0000 76.8214 163
-5.4702 0000 76.8157 175
-5.4331 0000 76.7904 191
-5.3969 0000 76.7901 190
-5.3615 0000 76.8164 182
-5.3262 0000 76.8480 177
-5.2908 0000 76.8761 180
-5.2547 0000 76.8793 176
-5.2183 0000 76.8771 171
-5.1819 0000 76.8714 157
-5.1447 0000 76.8409 137
-5.1084 0000 76.8387 127
-5.0723 0000 76.8419 126
-5.0366 0000 76.8629 142
-5.0003 0000 76.8608 152
-4.9641 0000 76.8622 152
-4.9279 0000 76.8654 143
-4.8916 0000 76.8650 137
-4.8555 0000 76.8682 133
-4.8193 0000 76.8697 121
-4.7822 0000 76.8391 105
-4.7435 0000 76.7499 105
-4.7055 0000 76.6875 106
-4.6681 0000 76.6428 99
-4.6314 0000 76.6230 92
-4.5952 0000 76.6208 80
-4.5581 0000 76.5886 63
-4.5205 0000 76.5334 58
-4.4834 0000 76.4977 56
-4.4464 0000 76.4637 69
-4.4097 0000 76.4404 74
-4.3723 0000 76.3923 73
-4.3348 0000 76.3373 68
-4.2973 0000 76.2787 64
-4.2594 0000 76.2061 66
-4.2220 0000 76.1494 70
-4.1854 0000 76.1262 78
-4.1493 0000 76.1241 78
-4.1122 0000 76.0798 63
-4.0754 0000 76.0478 49
-4.0386 0000 76.0158 40
-4.0007 0000 75.9312 38
0.0000 0000 0.0000 0
0.0000 0000 0.0000 0
0.0000 0000 0.0000 0
0.0000 0000 0.0000 0
0.0000 0000 0.0000 0
-3.7741 0000 75.4201 49
-3.7377 0000 75.3972 81
-3.7018 0000 75.3986 112
-3.6658 0000 75.3930 135
-3.6295 0000 75.3683 130
-3.5930 0000 75.3401 98
-3.5566 0000 75.3102 87
-3.5202 0000 75.2820 91
-3.4843 0000 75.2799 95
-3.4484 0000 75.2796 91
-3.4125 0000 75.2793 86
-3.3762 0000 75.2563 82
-3.3404 0000 75.2560 78
-3.3049 0000 75.2783 73
-3.2686 0000 75.2519 72
-3.2327 0000 75.2481 73
-3.1964 0000 75.2216 73
-3.1601 0000 75.1987 80
-3.1243 0000 75.1967 90
-3.0880 0000 75.1720 107
-3.0523 0000 75.1804 136
-3.0162 0000 75.1627 168
-2.9803 0000 75.1623 197
-2.9446 0000 75.1672 198
-2.9090 0000 75.1877 189
-2.8733 0000 75.1926 164
-2.8374 0000 75.1940 144
-2.8012 0000 75.1659 133
-2.7649 0000 75.1326 148
-2.7290 0000 75.1288 161
-2.6932 0000 75.1302 168
-2.6574 0000 75.1316 171
-2.6215 0000 75.1278 183
-2.5856 0000 75.1240 211
-2.5497 0000 75.1202 240
-2.5140 0000 75.1233 256
-2.4782 0000 75.1282 262
-2.4424 0000 75.1331 261
-2.4064 0000 75.1172 246
-2.3705 0000 75.1116 240
-2.3343 0000 75.0748 235
-2.2978 0000 75.0173 243
-2.2617 0000 74.9909 249
-2.2259 0000 74.9906 230
-2.1899 0000 74.9712 219
-2.1546 0000 75.0212 218
-2.1191 0000 75.0469 218
-2.0838 0000 75.1021 211
-2.0485 0000 75.1574 217
-2.0129 0000 75.1831 258
-1.9771 0000 75.1863 279
-1.9413 0000 75.1894 271
-1.9052 0000 75.1665 254
-1.8694 0000 75.1644 263
-1.8336 0000 75.1659 293
-1.7977 0000 75.1655 322
-1.7619 0000 75.1635 325
-1.7260 0000 75.1632 321
-1.6902 0000 75.1646 311
-1.6545 0000 75.1869 291
-1.6188 0000 75.2126 233
-1.5832 0000 75.2384 213
-1.5473 0000 75.2450 199
-1.5116 0000 75.2673 199
-1.4757 0000 75.2635 191
-1.4397 0000 75.2406 181
-1.4040 0000 75.2647 188
-1.3683 0000 75.2922 197
-1.3324 0000 75.2954 228
-1.2967 0000 75.3125 236
-1.2608 0000 75.3121 230
-1.2248 0000 75.2909 215
-1.1889 0000 75.2697 189
-1.1531 0000 75.2938 191
-1.1173 0000 75.3248 220
-1.0816 0000 75.3751 250
-1.0457 0000 75.3835 279
-1.0098 0000 75.3814 291
-0.9739 0000 75.3794 290
-0.9381 0000 75.3982 291
-0.9022 0000 75.4032 262
-0.8663 0000 75.4081 244
-0.8304 0000 75.4252 232
-0.7945 0000 75.4249 230
-0.7586 0000 75.4263 223
-0.7227 0000 75.4069 235
-0.6868 0000 75.4292 224
-0.6509 0000 75.4865 212
-0.6150 0000 75.5718 207
-0.5791 0000 75.6222 209
-0.5431 0000 75.6202 211
-0.5072 0000 75.6216 205
-0.4712 0000 75.6528 187
-0.4351 0000 75.7576 181
-0.3991 0000 75.8222 185
-0.3630 0000 75.8763 181
-0.3268 0000 75.9269 169
-0.2908 0000 75.9337 159
-0.2546 0000 76.0125 160
-0.2184 0000 76.0667 157
-0.1822 0000 76.1157 159
-0.1460 0000 76.1436 164
-0.1099 0000 76.1557 174
-0.0736 0000 76.2153 172
-0.0371 0000 76.3174 168
-0.0008 0000 76.3507 168
0.0354 0000 76.3539 172
0.0715 0000 76.3501 181
0.1076 0000 76.3445 178
0.1437 0000 76.3460 177
0.1800 0000 76.3705 194
0.2162 0000 76.3737 237
0.2523 0000 76.3717 271
0.2884 0000 76.3643 276
0.3245 0000 76.3587 255
0.3605 0000 76.3390 234
0.3965 0000 76.3158 190
0.4326 0000 76.3084 177
0.4686 0000 76.2887 183
0.5047 0000 76.2867 182
0.5408 0000 76.2846 195
0.5768 0000 76.2614 207
0.6129 0000 76.2594 213
0.6490 0000 76.2626 210
0.6852 0000 76.2676 196
0.7217 0000 76.3150 175
0.7584 0000 76.3749 167
0.7954 0000 76.4595 182
0.8321 0000 76.5141 215
0.8686 0000 76.5422 243
0.9048 0000 76.5454 262
0.9410 0000 76.5416 258
0.9771 0000 76.5343 240
1.0128 0000 76.4897 222
1.0489 0000 76.4841 207
1.0850 0000 76.4786 193
1.1212 0000 76.4801 176
1.1575 0000 76.4851 159
1.1939 0000 76.5061 157
1.2300 0000 76.4987 174
1.2658 0000 76.4719 191
1.3018 0000 76.4522 178
1.3379 0000 76.4519 172
1.3741 0000 76.4534 169
1.4107 0000 76.4833 180
1.4476 0000 76.5361 209
1.4840 0000 76.5447 257
1.5201 0000 76.5427 299
1.5562 0000 76.5371 333
1.5924 0000 76.5333 366
1.6285 0000 76.5295 396
1.6644 0000 76.5115 387
1.7006 0000 76.5060 374
1.7367 0000 76.5039 346
1.7729 0000 76.5037 314
1.8089 0000 76.4892 289
1.8450 0000 76.4854 243
1.8811 0000 76.4834 206
1.9172 0000 76.4761 193
1.9525 0000 76.4280 199
1.9886 0000 76.4189 212
2.0246 0000 76.4134 230
2.0608 0000 76.4113 247
2.0968 0000 76.4058 253
2.1326 0000 76.3843 264
2.1688 0000 76.3858 246
2.2054 0000 76.4068 208
2.2418 0000 76.4189 175
2.2789 0000 76.4700 149
2.3157 0000 76.4999 142
2.3519 0000 76.5032 129
2.3885 0000 76.5206 113
2.4247 0000 76.5222 104
2.4605 0000 76.5007 107
2.4960 0000 76.4685 123
2.5319 0000 76.4559 152
2.5672 0000 76.4150 172
2.6033 0000 76.4112 186
2.6394 0000 76.4074 182
2.6755 0000 76.4054 153
2.7116 0000 76.4051 127
2.7472 0000 76.3801 105
2.7827 0000 76.3499 97
2.8175 0000 76.2931 98
2.8516 0000 76.2046 131
2.8869 0000 76.1691 177
2.9224 0000 76.1459 234
2.9580 0000 76.1245 230
2.9935 0000 76.1014 242
3.0289 0000 76.0730 207
3.0631 0000 75.9971 168
3.0973 0000 75.9230 147
3.1312 0000 75.8367 141
3.1647 0000 75.7418 139
3.2003 0000 75.7240 135
3.2350 0000 75.6783 118
3.2703 0000 75.6518 101
3.3055 0000 75.6218 83
3.3407 0000 75.5936 68
3.3659 0000 75.2009 57
3.4001 0000 75.1433 59
3.4336 0000 75.0579 70
3.4684 0000 75.0213 86
3.5028 0000 74.9707 106
3.5373 0000 74.9272 119
3.5729 0000 74.9201 120
3.6085 0000 74.9147 107
3.6436 0000 74.8919 101
3.6785 0000 74.8640 94
3.7127 0000 74.8119 99
3.7476 0000 74.7823 105
3.7824 0000 74.7527 115
3.8180 0000 74.7473 107
3.8537 0000 74.7471 93
3.8880 0000 74.7003 80
3.9176 0000 74.5068 76
3.9507 0000 74.4240 96
3.9854 0000 74.3946 154
4.0202 0000 74.3703 192
4.0556 0000 74.3632 206
4.0905 0000 74.3407 197
4.1259 0000 74.3336 204
4.1607 0000 74.3077 203
4.1961 0000 74.3006 223
4.2316 0000 74.2970 240
4.2664 0000 74.2745 251
4.3015 0000 74.2572 232
4.3371 0000 74.2587 210
4.3728 0000 74.2602 185
4.4084 0000 74.2601 166
4.4431 0000 74.2341 158
4.4783 0000 74.2237 152
4.5123 0000 74.1772 155
4.5468 0000 74.1478 169
4.5814 0000 74.1202 172
4.6168 0000 74.1149 181
4.6517 0000 74.0959 192
4.6872 0000 74.0940 182
4.7225 0000 74.0887 186
4.7573 0000 74.0663 193
4.7927 0000 74.0627 184
4.8282 0000 74.0608 162
4.8638 0000 74.0623 153
4.8993 0000 74.0605 146
4.9347 0000 74.0569 144
4.9701 0000 74.0533 157
5.0047 0000 74.0274 183
5.0393 0000 74.0016 188
5.0747 0000 73.9980 193
5.1102 0000 73.9978 189
5.1457 0000 73.9960 196
5.1812 0000 73.9958 216
5.2166 0000 73.9922 239
5.2513 0000 73.9715 268
5.2869 0000 73.9714 280
5.3215 0000 73.9490 280
5.3565 0000 73.9368 298
5.3903 0000 73.8939 315
5.4254 0000 73.8835 339
5.4591 0000 73.8406 365
5.4942 0000 73.8302 373
5.5281 0000 73.7925 361
5.5635 0000 73.7889 324
5.5989 0000 73.7870 279
5.6343 0000 73.7835 242
5.6696 0000 73.7782 216
5.7032 0000 73.7354 197
5.7397 0000 73.7574 193
5.7763 0000 73.7828 184
5.8119 0000 73.7861 185
5.8473 0000 73.7842 186
5.8827 0000 73.7807 188
5.9173 0000 73.7600 190
5.9526 0000 73.7565 183
5.9869 0000 73.7290 178
6.0199 0000 73.6743 190
6.0529 0000 73.6196 212
6.0880 0000 73.6109 235
6.1233 0000 73.6091 249
6.1590 0000 73.6123 248
6.1945 0000 73.6139 240
6.2288 0000 73.5899 231
6.2629 0000 73.5591 241
6.2960 0000 73.5096 262
6.3310 0000 73.5009 301
6.3655 0000 73.4804 338
6.4009 0000 73.4802 316
6.4375 0000 73.5039 270
6.4740 0000 73.5258 256
6.5096 0000 73.5291 243
6.5438 0000 73.5034 241
6.5768 0000 73.4540 246
6.6119 0000 73.4470 242
6.6447 0000 73.3959 239
6.6799 0000 73.3907 237
6.7153 0000 73.3905 229
6.7483 0000 73.3429 228
6.7837 0000 73.3427 236
6.8180 0000 73.3205 263
6.8532 0000 73.3170 280
6.8897 0000 73.3389 268
6.9252 0000 73.3422 257
6.9605 0000 73.3403 242
6.9958 0000 73.3385 234
7.0311 0000 73.3367 239
7.0665 0000 73.3365 243
7.1032 0000 73.3618 245
7.1402 0000 73.3922 263
7.1772 0000 73.4227 259
7.2142 0000 73.4531 272
7.2500 0000 73.4598 280
7.2878 0000 73.5038 271
7.3232 0000 73.5037 260
7.3574 0000 73.4815 269
7.3912 0000 73.4524 259
7.4249 0000 73.4200 261
7.4588 0000 73.3944 233
7.4927 0000 73.3672 227
7.5266 0000 73.3399 221
7.5593 0000 73.2923 224
7.5944 0000 73.2871 217
7.6285 0000 73.2649 215
7.6638 0000 73.2648 203
7.7005 0000 73.2884 196
7.7374 0000 73.3154 186
7.7741 0000 73.3390 188
7.8095 0000 73.3406 193
7.8448 0000 73.3388 206
7.8787 0000 73.3149 220
7.9127 0000 73.2911 227
7.9478 0000 73.2876 239
7.9830 0000 73.2841 257
8.0181 0000 73.2806 269
8.0506 0000 73.2330 281
8.0855 0000 73.2261 300
8.1194 0000 73.2023 291
8.1534 0000 73.1802 301
8.1884 0000 73.1751 310
8.2210 0000 73.1310 318
8.2561 0000 73.1292 306
8.2914 0000 73.1291 277
8.3293 0000 73.1713 246
8.3662 0000 73.1982 215
8.4037 0000 73.2337 203
8.4420 0000 73.2827 204
8.4773 0000 73.2826 229
8.5114 0000 73.2638 276
8.5465 0000 73.2604 315
8.5816 0000 73.2569 354
8.6170 0000 73.2585 383
8.6524 0000 73.2601 411
8.6873 0000 73.2549 415
8.7213 0000 73.2345 370
8.7564 0000 73.2310 356
8.7914 0000 73.2275 336
8.8266 0000 73.2258 310
8.8622 0000 73.2308 281
8.8988 0000 73.2510 255
8.9340 0000 73.2509 261
8.9705 0000 73.2694 268
9.0063 0000 73.2778 251
9.0420 0000 73.2845 234
9.0773 0000 73.2844 224
9.1124 0000 73.2809 215
9.1474 0000 73.2775 204
9.1798 0000 73.2351 200
9.2145 0000 73.2265 200
9.2479 0000 73.1994 213
9.2828 0000 73.1943 220
9.3164 0000 73.1705 214
9.3501 0000 73.1485 228
9.3850 0000 73.1433 232
9.4186 0000 73.1196 223
9.4519 0000 73.0925 234
9.4867 0000 73.0857 228
9.5189 0000 73.0435 217
9.5536 0000 73.0366 209
9.5886 0000 73.0332 213
9.6226 0000 73.0163 218
9.6578 0000 73.0162 228
9.6931 0000 73.0178 242
9.7283 0000 73.0195 282
9.7647 0000 73.0363 368
9.7998 0000 73.0345 433
9.8336 0000 73.0159 445
9.8683 0000 73.0091 472
9.9032 0000 73.0057 472
9.9370 0000 72.9871 423
9.9722 0000 72.9870 386
10.0090 0000 73.0089 341
10.0424 0000 72.9852 318
10.0773 0000 72.9818 287
10.1131 0000 72.9902 253
10.1522 0000 73.0441 221
10.1929 0000 73.1182 207
10.2322 0000 73.1739 198
10.2716 0000 73.2296 198
10.3106 0000 73.2803 199
10.3476 0000 73.3039 205
10.3846 0000 73.3275 195
10.4205 0000 73.3359 187
10.4596 0000 73.3867 177
10.4987 0000 73.4374 174
10.5346 0000 73.4459 176
10.5716 0000 73.4678 196
10.6084 0000 73.4881 204
10.6440 0000 73.4932 217
10.6796 0000 73.4965 236
10.7165 0000 73.5185 248
10.7538 0000 73.5439 272
10.7893 0000 73.5473 278
10.8243 0000 73.5438 277
10.8595 0000 73.5421 278
10.8946 0000 73.5403 278
10.9297 0000 73.5386 275
10.9649 0000 73.5368 263
10.9999 0000 73.5334 238
11.0323 0000 73.4977 206
11.0673 0000 73.4943 171
11.1023 0000 73.4908 141
11.1361 0000 73.4738 124
11.1713 0000 73.4721 104
11.2079 0000 73.4890 94
11.2433 0000 73.4907 85
11.2788 0000 73.4940 80
11.3185 0000 73.5483 79
11.3586 0000 73.6077 91
11.3981 0000 73.6586 120
11.4351 0000 73.6789 141
11.4707 0000 73.6823 172
11.5074 0000 73.6993 193
11.5431 0000 73.7043 221
11.5791 0000 73.7128 235
11.6160 0000 73.7315 239
11.6513 0000 73.7314 230
11.6867 0000 73.7331 231
11.7233 0000 73.7484 213
11.7585 0000 73.7466 208
11.7938 0000 73.7466 200
11.8259 0000 73.7091 191
11.8608 0000 73.7040 181
11.8958 0000 73.7006 169
11.9290 0000 73.6767 172
11.9642 0000 73.6750 165
11.9999 0000 73.6800 141
12.0361 0000 73.6902 119
12.0755 0000 73.7378 111
12.1134 0000 73.7667 115
12.1487 0000 73.7667 128
12.1838 0000 73.7649 130
12.2193 0000 73.7666 123
12.2563 0000 73.7853 122
12.2922 0000 73.7921 109
12.3293 0000 73.8125 102
12.3645 0000 73.8108 113
12.3999 0000 73.8124 121
12.4353 0000 73.8124 119
12.4689 0000 73.7936 121
12.5025 0000 73.7749 111
12.5368 0000 73.7629 103
12.5668 0000 73.7050 93
12.5994 0000 73.6744 93
12.6347 0000 73.6743 97
12.6706 0000 73.6811 100
12.7083 0000 73.7083 100
12.7458 0000 73.7321 118
12.7818 0000 73.7388 132
12.8171 0000 73.7388 135
12.8520 0000 73.7354 126
12.8872 0000 73.7336 115
12.9223 0000 73.7319 108
12.9575 0000 73.7301 109
12.9928 0000 73.7301 110
13.0278 0000 73.7267 110
13.0609 0000 73.7028 104
13.0939 0000 73.6790 106
13.1290 0000 73.6772 101
13.1623 0000 73.6551 100
13.1953 0000 73.6312 85
13.2283 0000 73.6074 79
13.2634 0000 73.6057 72
13.2963 0000 73.5802 68
13.3337 0000 73.6022 59
13.3897 0000 73.8183 58
13.4225 0000 73.7927 63
13.4600 0000 73.8148 69
13.4930 0000 73.7909 73
13.5275 0000 73.7823 75
13.5603 0000 73.7568 81
13.5953 0000 73.7533 92
13.6281 0000 73.7277 96
13.6605 0000 73.6971 108
13.6913 0000 73.6511 115
13.7259 0000 73.6443 112
13.7587 0000 73.6187 114
13.7914 0000 73.5932 110
13.8242 0000 73.5677 115
13.8571 0000 73.5439 114
13.8897 0000 73.5167 118
13.9217 0000 73.4844 133
13.9544 0000 73.4589 138
13.9893 0000 73.4555 115
14.0206 0000 73.4164 91
14.0552 0000 73.4096 76
14.0874 0000 73.3791 75
14.1200 0000 73.3536 72
14.1551 0000 73.3519 70
14.1904 0000 73.3536 69
14.2262 0000 73.3586 72
14.2612 0000 73.3569 77
14.2957 0000 73.3501 86
14.3258 0000 73.2993 97
14.3603 0000 73.2924 106
14.3909 0000 73.2484 110
14.4256 0000 73.2433 118
14.4562 0000 73.1993 129
14.4888 0000 73.1740 139
14.5231 0000 73.1655 164
14.5540 0000 73.1249 193
14.5887 0000 73.1198 225
14.6231 0000 73.1130 256
14.6577 0000 73.1079 278
14.6909 0000 73.0893 303
14.7259 0000 73.0876 279
14.7610 0000 73.0876 234
14.7962 0000 73.0876 194
14.8315 0000 73.0892 164
14.8670 0000 73.0926 142
14.9021 0000 73.0925 131
14.9371 0000 73.0908 133
14.9697 0000 73.0672 135
15.0041 0000 73.0604 144
15.0343 0000 73.0149 157
15.0682 0000 73.0031 178
15.0982 0000 72.9559 203
15.1318 0000 72.9424 237
15.1644 0000 72.9188 287
15.1973 0000 72.8986 284
15.2318 0000 72.8935 276
15.2665 0000 72.8901 264
15.2997 0000 72.8733 249
15.3348 0000 72.8733 247
15.3723 0000 72.8951 252
15.4073 0000 72.8951 249
15.4424 0000 72.8951 251
15.4778 0000 72.8985 255
15.5135 0000 72.9035 265
15.5506 0000 72.9220 299
15.5858 0000 72.9237 325
15.6205 0000 72.9203 374
15.6552 0000 72.9169 425
15.6886 0000 72.9018 415
15.7236 0000 72.9018 412
15.7606 0000 72.9186 435
15.7960 0000 72.9220 432
15.8316 0000 72.9270 416
15.8690 0000 72.9472 362
15.9042 0000 72.9489 328
15.9397 0000 72.9523 301
15.9776 0000 72.9775 282
16.0157 0000 73.0045 264
16.0595 0000 73.0803 274
16.0949 0000 73.0837 293
16.1306 0000 73.0888 309
16.1663 0000 73.0939 322
16.2012 0000 73.0922 319
16.2335 0000 73.0686 298
16.2680 0000 73.0635 286
16.3027 0000 73.0602 265
16.3399 0000 73.0787 248
16.3757 0000 73.0855 227
16.4165 0000 73.1344 211
16.4573 0000 73.1834 198
16.4930 0000 73.1885 189
16.5285 0000 73.1919 179
16.5640 0000 73.1952 166
16.5994 0000 73.1986 149
16.6347 0000 73.2004 128
16.6758 0000 73.2511 105
16.7203 0000 73.3305 85
16.7677 0000 73.4338 69
16.8325 0000 73.6832 67
16.8710 0000 73.7105 65
16.9123 0000 73.7615 62
16.9507 0000 73.7887 65
16.9888 0000 73.8126 62
17.0330 0000 73.8875 59
17.0726 0000 73.9234 60
17.1111 0000 73.9507 67
17.1467 0000 73.9541 73
17.1876 0000 74.0002 79
17.2230 0000 74.0019 83
17.2585 0000 74.0036 84
17.2968 0000 74.0292 81
17.3352 0000 74.0549 86
17.3742 0000 74.0856 86
17.4154 0000 74.1335 95
17.4504 0000 74.1318 113
17.4829 0000 74.1096 137
17.5155 0000 74.0875 144
17.5501 0000 74.0824 155
17.5855 0000 74.0841 159
17.6208 0000 74.0842 157
17.6558 0000 74.0825 146
17.6910 0000 74.0825 129
17.7295 0000 74.1082 120
17.7688 0000 74.1407 109
17.8046 0000 74.1459 116
17.8397 0000 74.1442 124
17.8747 0000 74.1425 129
17.9097 0000 74.1409 139
17.9449 0000 74.1409 153
17.9804 0000 74.1427 165
18.0130 0000 74.1222 158
18.0454 0000 74.1001 152
18.0800 0000 74.0950 134
18.1119 0000 74.0695 118
18.1399 0000 74.0132 108
18.1526 0000 73.8378 108
18.1711 0000 73.7086 132
18.1993 0000 73.6544 184
18.2302 0000 73.6222 299
18.2631 0000 73.6053 348
18.2977 0000 73.6020 347
18.3323 0000 73.5987 322
18.3674 0000 73.5988 300
18.4029 0000 73.6022 265
18.4380 0000 73.6023 223
18.4702 0000 73.5803 189
18.5043 0000 73.5736 178
18.5360 0000 73.5483 175
18.5680 0000 73.5247 169
18.5970 0000 73.4790 175
18.6313 0000 73.4740 183
18.6659 0000 73.4707 189
18.7009 0000 73.4708 194
18.7362 0000 73.4726 188
18.7716 0000 73.4761 174
18.8095 0000 73.4982 173
18.8446 0000 73.4983 170
18.8798 0000 73.5001 170
18.9153 0000 73.5035 161
18.9528 0000 73.5223 156
18.9907 0000 73.5444 146
19.0287 0000 73.5665 154
19.0587 0000 73.5293 151
19.0923 0000 73.5193 136
19.1175 0000 73.4466 115
19.1449 0000 73.3908 110
19.1728 0000 73.3385 107
19.2068 0000 73.3319 103
19.2386 0000 73.3083 101
19.2735 0000 73.3084 94
19.3087 0000 73.3102 88
19.3471 0000 73.3357 88
19.3827 0000 73.3408 82
19.4274 0000 73.4120 74
19.4740 0000 73.4967 72
19.5129 0000 73.5256 72
19.5481 0000 73.5274 76
19.5831 0000 73.5275 79
19.6244 0000 73.5733 83
19.6601 0000 73.5785 85
19.6979 0000 73.5990 93
19.7303 0000 73.5804 96
19.7648 0000 73.5771 107
19.7962 0000 73.5518 117
19.8246 0000 73.5045 138
19.8579 0000 73.4928 166
19.8862 0000 73.4455 198
19.9200 0000 73.4371 230
19.9518 0000 73.4152 241
19.9861 0000 73.4103 261
20.0208 0000 73.4087 280
20.0497 0000 73.3665 291
20.0844 0000 73.3649 304
20.1191 0000 73.3633 314
20.1535 0000 73.3601 314
20.1880 0000 73.3568 319
20.2200 0000 73.3366 346
20.2544 0000 73.3333 338
20.2859 0000 73.3098 312
20.3175 0000 73.2863 329
20.3516 0000 73.2813 338
20.3858 0000 73.2763 333
20.4171 0000 73.2511 333
20.4488 0000 73.2293 308
20.4832 0000 73.2260 310
20.5180 0000 73.2261 304
20.5527 0000 73.2245 294
20.5873 0000 73.2230 299
20.6222 0000 73.2231 319
20.6568 0000 73.2215 343
20.6917 0000 73.2216 366
20.7268 0000 73.2234 384
20.7589 0000 73.2049 379
20.7936 0000 73.2034 376
20.8284 0000 73.2035 357
20.8635 0000 73.2053 333
20.8989 0000 73.2087 314
20.9409 0000 73.2578 314
20.9760 0000 73.2596 330
21.0106 0000 73.2580 346
21.0455 0000 73.2581 347
21.0833 0000 73.2785 359
21.1182 0000 73.2786 374
21.1531 0000 73.2787 389
21.1849 0000 73.2585 375
21.2193 0000 73.2552 368
21.2539 0000 73.2537 361
21.2890 0000 73.2555 351
21.3241 0000 73.2572 328
21.3595 0000 73.2607 301
21.3969 0000 73.2777 290
21.4315 0000 73.2761 256
21.4663 0000 73.2762 234
21.4986 0000 73.2595 236
21.5325 0000 73.2528 212
21.5638 0000 73.2293 187
21.5986 0000 73.2294 181
21.6337 0000 73.2312 170
21.6752 0000 73.2752 162
21.7113 0000 73.2838 160
21.7498 0000 73.3075 158
21.7925 0000 73.3600 157
21.8323 0000 73.3922 153
21.8718 0000 73.4228 150
21.9151 0000 73.4788 153
21.9585 0000 73.5348 165
21.9937 0000 73.5366 174
22.0283 0000 73.5350 180
22.0629 0000 73.5334 185
22.0978 0000 73.5335 188
22.1356 0000 73.5523 192
22.1710 0000 73.5558 183
22.2062 0000 73.5576 178
22.2442 0000 73.5780 162
22.2796 0000 73.5815 152
22.3148 0000 73.5833 141
