wt=151643773, DLLFiFo=0
-27.4382 0000 104.7721 139
-27.3998 0000 104.7991 125
-27.3590 0000 104.8088 129
-27.3174 0000 104.8136 135
-27.2794 0000 104.8431 143
-27.2371 0000 104.8429 167
-27.1934 0000 104.8328 178
-27.1458 0000 104.7955 190
-27.1031 0000 104.7929 180
-27.0615 0000 104.7977 158
-27.0210 0000 104.8098 146
-26.9844 0000 104.8492 141
-26.9466 0000 104.8812 143
-26.9050 0000 104.8860 134
-26.8638 0000 104.8932 138
-26.8214 0000 104.8930 150
-26.7756 0000 104.8681 173
-26.7309 0000 104.8506 181
-26.6858 0000 104.8306 186
-26.6348 0000 104.7687 197
-26.5908 0000 104.7561 218
-26.5499 0000 104.7658 238
-26.5118 0000 104.7953 238
-26.4664 0000 104.7729 260
-26.4234 0000 104.7677 239
-26.3808 0000 104.7651 197
-26.3395 0000 104.7723 172
-26.3034 0000 104.8166 174
-26.2662 0000 104.8535 204
-26.2249 0000 104.8607 203
-26.1822 0000 104.8581 189
-26.1389 0000 104.8504 156
-26.0959 0000 104.8453 124
-26.0576 0000 104.8748 120
-26.0221 0000 104.9241 118
-25.9848 0000 104.9610 115
-25.9377 0000 104.9262 118
-25.8930 0000 104.9086 108
-25.8463 0000 104.8763 102
-25.8043 0000 104.8786 104
-25.7630 0000 104.8858 105
-25.7253 0000 104.9202 103
-25.7198 0000 105.1926 103
-25.6821 0000 105.2272 118
-25.6299 0000 105.1550 129
-25.5865 0000 105.1473 133
-25.5398 0000 105.1149 147
-25.4971 0000 105.1122 184
-25.4543 0000 105.1095 218
-25.4083 0000 105.0820 252
-25.3665 0000 105.0868 258
-25.3284 0000 105.1188 235
-25.2880 0000 105.1334 223
-25.2495 0000 105.1630 219
-25.2110 0000 105.1925 190
-25.1692 0000 105.1973 182
-25.1268 0000 105.1971 180
-25.0797 0000 105.1621 167
-25.0370 0000 105.1594 159
-24.9942 0000 105.1567 164
-24.9511 0000 105.1515 172
-24.9077 0000 105.1438 179
-24.8646 0000 105.1386 185
-24.8221 0000 105.1384 181
-24.7800 0000 105.1406 173
-24.7333 0000 105.1082 182
-24.6906 0000 105.1054 193
-24.6529 0000 105.1424 196
-24.6194 0000 105.2116 196
-24.5830 0000 105.2586 178
-24.5405 0000 105.2583 167
-24.4872 0000 105.1737 163
-24.4310 0000 105.0668 154
-24.3841 0000 105.0318 134
-24.3471 0000 105.0737 117
-24.3074 0000 105.0958 123
-24.2700 0000 105.1352 131
-24.2348 0000 105.1920 119
-24.1929 0000 105.1967 107
-24.1463 0000 105.1642 108
-24.1019 0000 105.1490 111
-24.0591 0000 105.1463 141
-24.0194 0000 105.1684 198
-23.9810 0000 105.2004 203
-23.9437 0000 105.2423 189
-23.9115 0000 105.3240 164
-23.8755 0000 105.3760 152
-23.8295 0000 105.3483 158
-23.7863 0000 105.3431 167
-23.7394 0000 105.3080 176
-23.6965 0000 105.3053 175
-23.6537 0000 105.3025 168
-23.6157 0000 105.3395 160
-23.5756 0000 105.3591 141
-23.5404 0000 105.4186 132
-23.4987 0000 105.4258 125
-23.4552 0000 105.4180 115
-23.4080 0000 105.3804 121
-23.3651 0000 105.3777 134
-23.3216 0000 105.3699 150
-23.2787 0000 105.3672 160
-23.2395 0000 105.3942 159
-23.1978 0000 105.4014 159
-23.1561 0000 105.4086 157
-23.1138 0000 105.4108 157
-23.0675 0000 105.3807 148
-23.0168 0000 105.3132 124
-22.9697 0000 105.2757 122
-22.9274 0000 105.2779 115
-22.8857 0000 105.2850 102
-22.8461 0000 105.3096 95
-22.8038 0000 105.3118 95
-22.7648 0000 105.3414 116
-22.7236 0000 105.3535 148
-22.6810 0000 105.3532 142
-22.6372 0000 105.3430 111
-22.5937 0000 105.3352 85
-22.5523 0000 105.3449 99
-22.5100 0000 105.3471 133
-22.4647 0000 105.3244 127
-22.4224 0000 105.3266 111
-22.3885 0000 105.4010 94
-22.3570 0000 105.4953 100
-22.3099 0000 105.4577 100
-22.2617 0000 105.4101 132
-22.2162 0000 105.3849 146
-22.1739 0000 105.3871 164
-22.1312 0000 105.3868 167
-22.0877 0000 105.3791 156
-22.0459 0000 105.3863 137
-22.0119 0000 105.4607 133
-21.9775 0000 105.5327 142
-21.9357 0000 105.5399 155
-21.8942 0000 105.5495 174
-21.8549 0000 105.5792 182
-21.8136 0000 105.5914 184
-21.7746 0000 105.6235 179
-21.7328 0000 105.6308 149
-21.6937 0000 105.6629 124
-21.6547 0000 105.6951 142
-21.6122 0000 105.6973 160
-21.5729 0000 105.7270 158
-21.5307 0000 105.7318 160
-21.4888 0000 105.7390 165
-21.4497 0000 105.7712 163
-21.4036 0000 105.7409 175
-21.3611 0000 105.7431 187
-21.3190 0000 105.7479 207
-21.2762 0000 105.7476 217
-21.2329 0000 105.7423 208
-21.1890 0000 105.7320 206
-21.1449 0000 105.7193 235
-21.0986 0000 105.6865 307
-21.0531 0000 105.6613 336
-21.0131 0000 105.6860 337
-20.9709 0000 105.6907 342
-20.9309 0000 105.7154 375
-20.8892 0000 105.7251 374
-20.8478 0000 105.7374 338
-20.8062 0000 105.7471 278
-20.7658 0000 105.7693 234
-20.7258 0000 105.7941 192
-20.6838 0000 105.8013 177
-20.6405 0000 105.7960 160
-20.5931 0000 105.7532 160
-20.5458 0000 105.7105 147
-20.4985 0000 105.6677 151
-20.4491 0000 105.6050 127
-20.4018 0000 105.5623 99
-20.3586 0000 105.5571 81
-20.3145 0000 105.5443 84
-20.2676 0000 105.5042 107
-20.2457 0000 105.7011 109
-20.2063 0000 105.7333 120
-20.1651 0000 105.7481 119
-20.1252 0000 105.7753 118
-20.0793 0000 105.7450 126
-20.0389 0000 105.7673 150
-19.9961 0000 105.7670 162
-19.9530 0000 105.7642 159
-19.9107 0000 105.7690 146
-19.8703 0000 105.7912 127
-19.8203 0000 105.7209 129
-19.7715 0000 105.6632 133
-19.7234 0000 105.6105 132
-19.6745 0000 105.5503 167
-19.6297 0000 105.5301 213
-19.5864 0000 105.5249 214
-19.5440 0000 105.5271 210
-19.5027 0000 105.5418 211
-19.4663 0000 105.6039 163
-19.4301 0000 105.6686 157
-19.3964 0000 105.7583 162
-19.3586 0000 105.8081 186
-19.3148 0000 105.7978 200
-19.2675 0000 105.7526 205
-19.2234 0000 105.7398 175
-19.1809 0000 105.7420 144
-19.1421 0000 105.7818 123
-19.1064 0000 105.8541 131
-19.0678 0000 105.8964 143
-19.0225 0000 105.8711 169
-18.9799 0000 105.8734 196
-18.9408 0000 105.9107 198
-18.9016 0000 105.9480 204
-18.8590 0000 105.9503 198
-18.8134 0000 105.9225 193
-18.7701 0000 105.9172 180
-18.7275 0000 105.9194 183
-18.6873 0000 105.9468 167
-18.6321 0000 105.8188 156
-18.5726 0000 105.6460 164
-18.5265 0000 105.6108 148
-18.4796 0000 105.5681 122
-18.4354 0000 105.5528 107
-18.3886 0000 105.5102 104
-18.3463 0000 105.5149 116
-18.3070 0000 105.5521 117
-18.2685 0000 105.5968 106
-18.2283 0000 105.6240 105
-18.1879 0000 105.6487 109
-18.1432 0000 105.6285 115
-18.1001 0000 105.6257 136
-18.0545 0000 105.5955 137
-18.0085 0000 105.5603 141
-17.9629 0000 105.5301 123
-17.9252 0000 105.5848 122
-17.8852 0000 105.6145 139
-17.8465 0000 105.6592 180
-17.8019 0000 105.6390 232
-17.7563 0000 105.6087 215
-17.7110 0000 105.5810 209
-17.6679 0000 105.5783 222
-17.6262 0000 105.5905 191
-17.5832 0000 105.5878 154
-17.5395 0000 105.5775 122
-17.4940 0000 105.5473 103
-17.4487 0000 105.5196 100
-17.4007 0000 105.4620 117
-17.3541 0000 105.4193 158
-17.3111 0000 105.4166 150
-17.2699 0000 105.4338 114
-17.2373 0000 105.5483 104
-17.1983 0000 105.5905 135
-17.1519 0000 105.5503 148
-17.1058 0000 105.5126 177
-17.0652 0000 105.5373 177
-17.0237 0000 105.5520 166
-16.9861 0000 105.6117 146
-16.9402 0000 105.5765 153
-16.8996 0000 105.6012 163
-16.8544 0000 105.5735 180
-16.8087 0000 105.5408 191
-16.7696 0000 105.5830 202
-16.7274 0000 105.5902 205
-16.6837 0000 105.5800 213
-16.6402 0000 105.5722 187
-16.5961 0000 105.5570 170
-16.5560 0000 105.5892 154
-16.5168 0000 105.6314 200
-16.4767 0000 105.6637 214
-16.4372 0000 105.7034 235
-16.3989 0000 105.7582 286
-16.3565 0000 105.7630 330
-16.3138 0000 105.7652 335
-16.2665 0000 105.7124 294
-16.2211 0000 105.6822 234
-16.1711 0000 105.5969 197
-16.1275 0000 105.5867 167
-16.0894 0000 105.6439 150
-16.0481 0000 105.6636 149
-16.0081 0000 105.6984 143
-15.9681 0000 105.7331 139
-15.9291 0000 105.7804 126
-15.8895 0000 105.8203 132
-15.8472 0000 105.8275 117
-15.8087 0000 105.8824 100
-15.7643 0000 105.8646 96
-15.7149 0000 105.7842 116
-15.6678 0000 105.7313 140
-15.6220 0000 105.6960 150
-15.5747 0000 105.6408 134
-15.5237 0000 105.5380 166
-15.4786 0000 105.5103 197
-15.4349 0000 105.5000 152
-15.3942 0000 105.5272 119
-15.3547 0000 105.5694 109
-15.3124 0000 105.5767 103
-15.2688 0000 105.5664 113
-15.2229 0000 105.5287 136
-15.1814 0000 105.5459 121
-15.1395 0000 105.5581 103
-15.1034 0000 105.6453 101
-15.0659 0000 105.7151 146
-15.0265 0000 105.7599 220
-14.9849 0000 105.7772 202
-14.9410 0000 105.7644 151
-14.8973 0000 105.7541 122
-14.8603 0000 105.8315 114
-14.8209 0000 105.8789 118
-14.7801 0000 105.9062 126
-14.7340 0000 105.8658 137
-14.6863 0000 105.8029 145
-14.6404 0000 105.7625 155
-14.5944 0000 105.7222 145
-14.5509 0000 105.7144 147
-14.5080 0000 105.7141 173
-14.4659 0000 105.7264 201
-14.4256 0000 105.7611 228
-14.3862 0000 105.8085 225
-14.3463 0000 105.8508 253
-14.3059 0000 105.8857 239
-14.2637 0000 105.8954 220
-14.2245 0000 105.9478 212
-14.1821 0000 105.9551 216
-14.1391 0000 105.9548 225
-14.0955 0000 105.9470 233
-14.0523 0000 105.9442 206
-14.0097 0000 105.9490 150
-13.9663 0000 105.9437 108
-13.9122 0000 105.7879 90
-13.8626 0000 105.6949 84
-13.8180 0000 105.6721 91
-13.7770 0000 105.6993 102
-13.7364 0000 105.7316 95
-13.6955 0000 105.7614 84
-13.6641 0000 105.9266 77
-13.6271 0000 106.0117 73
-13.5834 0000 106.0014 74
-13.5407 0000 106.0061 92
-13.5029 0000 106.0812 116
-13.4614 0000 106.1036 131
-13.4200 0000 106.1285 142
-13.3766 0000 106.1231 137
-13.3354 0000 106.1505 130
-13.2937 0000 106.1704 133
-13.2556 0000 106.2431 148
-13.2134 0000 106.2554 172
-13.1714 0000 106.2727 199
-13.1273 0000 106.2573 187
-13.0882 0000 106.3175 194
-13.0458 0000 106.3273 203
-13.0043 0000 106.3522 198
-12.9592 0000 106.3217 189
-12.9184 0000 106.3567 193
-12.8756 0000 106.3614 213
-12.8346 0000 106.3939 232
-12.7924 0000 106.4087 205
-12.7547 0000 106.4917 179
-12.7156 0000 106.5546 183
-12.6721 0000 106.5492 185
-12.6284 0000 106.5413 172
-12.5817 0000 106.4855 158
-12.5386 0000 106.4877 167
-12.4979 0000 106.5253 190
-12.4569 0000 106.5603 180
-12.4145 0000 106.5727 194
-12.3751 0000 106.6330 219
-12.3344 0000 106.6732 216
-12.2960 0000 106.7488 207
-12.2532 0000 106.7561 187
-12.2079 0000 106.7229 157
-12.1620 0000 106.6795 125
-12.1158 0000 106.6311 102
-12.0668 0000 106.5373 88
-12.0219 0000 106.5091 82
-11.9778 0000 106.4937 90
-11.9311 0000 106.4353 116
-11.8866 0000 106.4148 165
-11.8424 0000 106.3968 177
-11.7997 0000 106.4040 168
-11.7595 0000 106.4542 153
-11.7211 0000 106.5347 146
-11.6798 0000 106.5672 173
-11.6367 0000 106.5694 176
-11.5968 0000 106.6247 149
-11.5593 0000 106.7231 155
-11.5215 0000 106.8165 145
-11.4823 0000 106.8871 128
-11.4410 0000 106.9223 138
-11.3983 0000 106.9321 167
-11.3555 0000 106.9419 204
-11.3147 0000 106.9848 220
-11.2713 0000 106.9844 225
-11.2280 0000 106.9841 254
-11.1849 0000 106.9888 291
-11.1419 0000 106.9936 276
-11.0972 0000 106.9704 207
-11.0533 0000 106.9599 174
-11.0096 0000 106.9520 147
-10.9643 0000 106.9161 116
-10.9187 0000 106.8752 96
-10.8720 0000 106.8115 91
-10.8278 0000 106.7959 95
-10.7845 0000 106.7956 92
-10.7437 0000 106.8409 86
-10.7066 0000 106.9572 103
-10.6676 0000 107.0382 139
-10.6268 0000 107.0861 195
-10.5854 0000 107.1239 214
-10.5450 0000 107.1795 222
-10.5017 0000 107.1817 217
-10.4587 0000 107.1890 216
-10.4174 0000 107.2294 213
-10.3763 0000 107.2724 232
-10.3345 0000 107.3052 233
-10.2922 0000 107.3252 254
-10.2472 0000 107.2943 269
-10.2053 0000 107.3246 252
-10.1625 0000 107.3370 247
-10.1196 0000 107.3468 228
-10.0782 0000 107.3873 208
-10.0348 0000 107.3895 212
-9.9914 0000 107.3892 228
-9.9482 0000 107.3940 244
-9.9065 0000 107.4293 253
-9.8617 0000 107.4035 223
-9.8168 0000 107.3725 200
-9.7748 0000 107.4028 176
-9.7332 0000 107.4408 199
-9.6900 0000 107.4455 227
-9.6464 0000 107.4427 234
-9.6027 0000 107.4372 247
-9.5589 0000 107.4318 260
-9.5151 0000 107.4238 244
-9.4715 0000 107.4209 212
-9.4282 0000 107.4231 174
-9.3847 0000 107.4228 144
-9.3376 0000 107.3434 145
-9.2920 0000 107.2971 186
-9.2482 0000 107.2892 222
-9.2049 0000 107.2914 221
-9.1617 0000 107.2961 167
-9.1182 0000 107.2958 114
-9.0751 0000 107.3031 94
-9.0337 0000 107.3487 100
-8.9916 0000 107.3789 97
-8.9478 0000 107.3709 94
-8.9028 0000 107.3349 98
-8.8592 0000 107.3320 97
-8.8149 0000 107.3113 88
-8.7715 0000 107.3135 90
-8.7281 0000 107.3132 89
-8.6846 0000 107.3128 95
-8.6412 0000 107.3125 121
-8.5974 0000 107.3045 140
-8.5535 0000 107.2939 148
-8.5080 0000 107.2452 167
-8.4643 0000 107.2372 173
-8.4223 0000 107.2725 143
-8.3799 0000 107.2977 111
-8.3387 0000 107.3534 92
-8.2975 0000 107.4092 111
-8.2559 0000 107.4548 141
-8.2120 0000 107.4443 153
-8.1660 0000 107.3801 160
-8.1220 0000 107.3670 175
-8.0789 0000 107.3769 217
-8.0362 0000 107.3944 285
-7.9930 0000 107.4017 267
-7.9494 0000 107.3988 188
-7.9060 0000 107.4010 147
-7.8646 0000 107.4543 133
-7.8218 0000 107.4718 135
-7.7787 0000 107.4817 145
-7.7355 0000 107.4915 167
-7.6937 0000 107.5372 204
-7.6528 0000 107.6058 228
-7.6109 0000 107.6515 281
-7.5689 0000 107.6921 297
-7.5258 0000 107.7046 325
-7.4826 0000 107.7145 348
-7.4403 0000 107.7474 350
-7.3969 0000 107.7522 312
-7.3534 0000 107.7544 285
-7.3108 0000 107.7822 283
-7.2686 0000 107.8203 248
-7.2254 0000 107.8302 225
-7.1820 0000 107.8375 212
-7.1405 0000 107.8961 233
-7.0971 0000 107.9034 278
-7.0536 0000 107.9056 310
-7.0109 0000 107.9309 279
-6.9684 0000 107.9639 254
-6.9251 0000 107.9738 212
-6.8818 0000 107.9837 191
-6.8384 0000 107.9911 200
-6.7957 0000 108.0190 208
-6.7518 0000 108.0083 216
-6.7071 0000 107.9746 232
-6.6654 0000 108.0358 230
-6.6227 0000 108.0637 207
-6.5803 0000 108.1045 188
-6.5349 0000 108.0476 159
-6.4908 0000 108.0318 127
-6.4461 0000 107.9954 108
-6.4037 0000 108.0387 100
-6.3622 0000 108.1078 115
-6.3194 0000 108.1357 129
-6.2757 0000 108.1353 147
-6.2328 0000 108.1581 154
-6.1894 0000 108.1680 143
-6.1457 0000 108.1650 140
-6.1002 0000 108.1029 144
-6.0562 0000 108.0897 156
-6.0125 0000 108.0868 165
-5.9701 0000 108.1327 152
-5.9289 0000 108.2198 175
-5.8866 0000 108.2683 245
-5.8436 0000 108.2937 271
-5.8000 0000 108.2959 277
-5.7563 0000 108.2981 269
-5.7128 0000 108.3029 267
-5.6691 0000 108.3051 258
-5.6255 0000 108.3073 246
-5.5818 0000 108.3043 238
-5.5379 0000 108.2988 229
-5.4942 0000 108.2984 223
-5.4506 0000 108.3006 221
-5.4085 0000 108.3647 228
-5.3657 0000 108.4004 245
-5.3210 0000 108.3614 301
-5.2773 0000 108.3584 377
-5.2336 0000 108.3580 450
-5.1892 0000 108.3319 506
-5.1454 0000 108.3263 449
-5.1018 0000 108.3311 342
-5.0589 0000 108.3643 266
-5.0152 0000 108.3639 265
-4.9702 0000 108.3094 268
-4.9262 0000 108.2935 284
-4.8824 0000 108.2880 307
-4.8388 0000 108.2928 301
-4.7959 0000 108.3285 255
-4.7520 0000 108.3178 231
-4.7063 0000 108.2247 215
-4.6602 0000 108.1085 194
-4.6158 0000 108.0747 170
-4.5724 0000 108.0846 154
-4.5291 0000 108.0997 168
-4.4858 0000 108.1173 186
-4.4430 0000 108.1607 188
-4.3994 0000 108.1629 180
-4.3557 0000 108.1625 170
-4.3115 0000 108.1338 144
-4.2669 0000 108.0846 140
-4.2225 0000 108.0405 124
-4.1781 0000 108.0016 129
-4.1341 0000 107.9807 151
-4.0904 0000 107.9726 170
-4.0470 0000 107.9876 150
-4.0042 0000 108.0309 133
-3.9611 0000 108.0665 114
-3.9178 0000 108.0842 105
-3.8762 0000 108.2047 98
-3.8342 0000 108.3022 117
-3.7909 0000 108.3302 147
-3.7464 0000 108.2783 154
-3.7021 0000 108.2393 173
-3.6585 0000 108.2415 150
-3.6149 0000 108.2488 127
-3.5713 0000 108.2562 134
-3.5276 0000 108.2558 157
-3.4839 0000 108.2528 187
-3.4398 0000 108.2216 188
-3.3961 0000 108.2161 173
-3.3518 0000 108.1771 148
-3.3066 0000 108.0636 140
-3.2629 0000 108.0606 140
-3.2198 0000 108.0962 138
-3.1762 0000 108.1036 149
-3.1326 0000 108.1058 160
-3.0889 0000 108.0977 148
-3.0448 0000 108.0562 127
-3.0009 0000 108.0379 118
-2.9572 0000 108.0349 130
-2.9137 0000 108.0423 144
-2.8713 0000 108.1447 139
-2.8290 0000 108.2705 152
-2.7859 0000 108.3165 160
-2.7426 0000 108.3599 148
-2.6994 0000 108.4008 149
-2.6556 0000 108.3927 163
-2.6111 0000 108.3176 187
-2.5674 0000 108.3095 197
-2.5229 0000 108.2319 185
-2.4787 0000 108.1671 157
-2.4327 0000 107.9124 161
-2.3891 0000 107.9095 164
-2.3453 0000 107.8784 157
-2.3017 0000 107.8754 148
-2.2578 0000 107.8392 132
-2.2143 0000 107.8439 127
-2.1710 0000 107.8872 125
-2.1274 0000 107.8817 112
-2.0836 0000 107.8429 94
-2.0406 0000 107.9271 99
-1.9972 0000 107.9550 138
-1.9537 0000 107.9675 162
-1.9102 0000 107.9748 186
-1.8669 0000 108.0335 184
-1.8239 0000 108.1359 159
-1.7806 0000 108.1870 169
-1.7367 0000 108.1532 165
-1.6929 0000 108.1169 179
-1.6492 0000 108.1036 192
-1.6055 0000 108.0673 221
-1.5617 0000 108.0310 221
-1.5180 0000 108.0152 228
-1.4744 0000 108.0148 237
-1.4309 0000 108.0222 233
-1.3873 0000 108.0295 198
-1.3438 0000 108.0625 159
-1.3001 0000 108.0314 113
-1.2565 0000 108.0310 100
-1.2131 0000 108.0974 106
-1.1695 0000 108.0996 113
-1.1259 0000 108.1070 132
-1.0824 0000 108.1246 162
-1.0388 0000 108.1860 192
-0.9952 0000 108.1907 219
-0.9516 0000 108.1955 228
-0.9080 0000 108.2260 233
-0.8644 0000 108.2334 208
-0.8208 0000 108.2356 179
-0.7771 0000 108.2301 150
-0.7335 0000 108.2323 131
-0.6899 0000 108.2371 124
-0.6463 0000 108.2444 120
-0.6026 0000 108.2672 120
-0.5590 0000 108.2643 137
-0.5154 0000 108.2588 150
-0.4717 0000 108.2610 150
-0.4281 0000 108.2683 141
-0.3844 0000 108.2937 145
-0.3408 0000 108.2702 144
-0.2971 0000 108.3007 176
-0.2534 0000 108.3390 179
-0.2095 0000 108.4520 186
-0.1656 0000 108.5239 212
-0.1218 0000 108.5596 207
-0.0783 0000 108.5257 223
-0.0347 0000 108.4995 232
0.0088 0000 108.4295 247
0.0524 0000 108.4111 269
0.0959 0000 108.3772 307
0.1394 0000 108.3485 307
0.1833 0000 108.4048 320
0.2270 0000 108.4148 322
0.2709 0000 108.4582 292
0.3149 0000 108.5378 277
0.3589 0000 108.5891 321
0.4028 0000 108.6274 426
0.4466 0000 108.6400 442
0.4905 0000 108.6758 375
0.5343 0000 108.6883 300
0.5787 0000 108.8069 236
0.6231 0000 108.9049 216
0.6672 0000 108.9486 198
0.7112 0000 108.9897 199
0.7555 0000 109.0594 204
0.7993 0000 109.0616 205
0.8429 0000 109.0353 202
0.8867 0000 109.0401 183
0.9308 0000 109.0760 169
0.9747 0000 109.0782 184
1.0182 0000 109.0493 219
1.0620 0000 109.0463 232
1.1057 0000 109.0433 245
1.1498 0000 109.0741 249
1.1938 0000 109.0893 261
1.2382 0000 109.1538 281
1.2823 0000 109.1872 321
1.3263 0000 109.1998 317
1.3705 0000 109.2384 283
1.4152 0000 109.3134 283
1.4599 0000 109.3989 294
1.5039 0000 109.4089 293
1.5477 0000 109.3981 262
1.5915 0000 109.3899 222
1.6351 0000 109.3687 204
1.6785 0000 109.3319 173
1.7218 0000 109.2821 152
1.7650 0000 109.2349 145
1.8084 0000 109.2007 139
1.8522 0000 109.1977 121
1.8960 0000 109.1947 110
1.9403 0000 109.2255 112
1.9841 0000 109.2251 134
2.0279 0000 109.2221 156
2.0719 0000 109.2295 168
2.1160 0000 109.2499 167
2.1608 0000 109.3146 155
2.2048 0000 109.3272 149
2.2497 0000 109.3945 158
2.2937 0000 109.4019 178
2.3375 0000 109.3989 198
2.3816 0000 109.4115 234
2.4256 0000 109.4163 234
2.4701 0000 109.4550 189
2.5167 0000 109.6163 169
2.5621 0000 109.7021 171
2.6078 0000 109.8089 166
2.6519 0000 109.8137 148
2.6953 0000 109.7820 132
2.7371 0000 109.6562 106
2.7797 0000 109.5827 112
2.8225 0000 109.5171 132
2.8665 0000 109.5219 146
2.9104 0000 109.5241 154
2.9543 0000 109.5237 152
2.9988 0000 109.5520 132
3.0435 0000 109.5908 129
3.0878 0000 109.6087 115
3.1346 0000 109.7546 109
3.1816 0000 109.9033 126
3.2270 0000 109.9737 146
3.2710 0000 109.9680 138
3.3149 0000 109.9624 110
3.3587 0000 109.9542 88
3.4012 0000 109.8831 79
3.4453 0000 109.8853 73
3.4906 0000 109.9426 73
3.5367 0000 110.0392 88
3.5821 0000 110.0991 117
3.6262 0000 110.0987 145
3.6701 0000 110.0931 177
3.7141 0000 110.0875 189
3.7581 0000 110.0871 149
3.8022 0000 110.0894 104
3.8462 0000 110.0864 93
3.8902 0000 110.0834 96
3.9345 0000 110.0935 98
3.9803 0000 110.1614 100
4.0251 0000 110.1899 102
4.0712 0000 110.2710 98
4.1173 0000 110.3495 86
4.1638 0000 110.4440 76
4.2102 0000 110.5279 72
4.2560 0000 110.5935 76
4.3006 0000 110.6090 93
4.3449 0000 110.6112 103
4.3887 0000 110.5977 101
4.4317 0000 110.5525 104
4.4748 0000 110.5125 100
4.5188 0000 110.5043 116
4.5630 0000 110.5065 142
4.6080 0000 110.5378 162
4.6522 0000 110.5374 169
4.6960 0000 110.5239 149
4.7402 0000 110.5235 132
4.7868 0000 110.6076 136
4.8334 0000 110.6891 160
4.8775 0000 110.6860 189
4.9217 0000 110.6857 218
4.9662 0000 110.6959 246
5.0107 0000 110.7034 240
5.0550 0000 110.7057 191
5.0986 0000 110.6869 171
5.1429 0000 110.6891 171
5.1874 0000 110.6967 175
5.2326 0000 110.7307 173
5.2774 0000 110.7488 154
5.3232 0000 110.7960 138
5.3687 0000 110.8380 106
5.4133 0000 110.8482 85
5.4578 0000 110.8558 73
5.5043 0000 110.9242 76
5.5510 0000 110.9980 86
5.5959 0000 111.0162 94
5.6404 0000 111.0238 100
5.6848 0000 111.0261 110
5.7290 0000 111.0231 110
5.7732 0000 111.0201 95
5.8174 0000 111.0170 77
5.8627 0000 111.0485 69
5.9076 0000 111.0640 65
5.9543 0000 111.1326 65
5.9975 0000 111.1004 69
6.0411 0000 111.0815 89
6.0839 0000 111.0387 107
6.1279 0000 111.0303 121
6.1715 0000 111.0114 139
6.2169 0000 111.0429 161
6.2618 0000 111.0584 155
6.3090 0000 111.1376 121
6.3560 0000 111.2115 106
6.4038 0000 111.3041 110
6.4507 0000 111.3729 111
6.4977 0000 111.4443 111
6.5428 0000 111.4626 116
6.5870 0000 111.4595 123
6.6299 0000 111.4192 147
6.6741 0000 111.4135 186
6.7188 0000 111.4238 236
6.7644 0000 111.4553 245
6.8095 0000 111.4736 249
6.8563 0000 111.5345 228
6.9013 0000 111.5500 190
6.9456 0000 111.5470 151
6.9880 0000 111.4960 129
7.0303 0000 111.4450 150
7.0738 0000 111.4233 171
7.1178 0000 111.4150 146
7.1607 0000 111.3773 147
7.2048 0000 111.3716 159
7.2503 0000 111.3978 145
7.2955 0000 111.4187 140
7.3418 0000 111.4662 131
7.3876 0000 111.5004 135
7.4304 0000 111.4628 106
7.4708 0000 111.3666 84
7.5109 0000 111.2678 88
7.5538 0000 111.2329 112
7.5985 0000 111.2431 126
7.6436 0000 111.2613 125
7.6905 0000 111.3194 126
7.7354 0000 111.3323 140
7.7804 0000 111.3478 148
7.8272 0000 111.4033 136
7.8718 0000 111.4082 118
7.9165 0000 111.4157 101
7.9613 0000 111.4260 93
8.0059 0000 111.4309 93
8.0518 0000 111.4651 104
8.0964 0000 111.4700 101
8.1406 0000 111.4669 82
8.1845 0000 111.4559 70
8.2284 0000 111.4475 84
8.2727 0000 111.4444 111
8.3160 0000 111.4227 122
8.3629 0000 111.4755 142
8.4078 0000 111.4884 145
8.4538 0000 111.5226 115
8.5008 0000 111.5782 105
8.5492 0000 111.6604 106
8.5937 0000 111.6626 117
8.6378 0000 111.6569 127
8.6807 0000 111.6245 128
8.7248 0000 111.6187 140
8.7706 0000 111.6476 161
8.8168 0000 111.6846 161
8.8621 0000 111.7028 164
8.9085 0000 111.7424 175
8.9531 0000 111.7447 166
8.9956 0000 111.7069 139
9.0382 0000 111.6718 132
9.0840 0000 111.6981 118
9.1324 0000 111.7777 119
9.1814 0000 111.8655 132
9.2284 0000 111.9159 142
9.2764 0000 111.9850 158
9.3213 0000 111.9926 176
9.3658 0000 111.9922 188
9.4099 0000 111.9864 190
9.4543 0000 111.9833 182
9.4969 0000 111.9481 170
9.5383 0000 111.8916 166
9.5792 0000 111.8243 192
9.6234 0000 111.8212 235
9.6677 0000 111.8181 255
9.7120 0000 111.8151 234
9.7551 0000 111.7906 188
9.8012 0000 111.8222 174
9.8478 0000 111.8619 189
9.8934 0000 111.8829 188
9.9414 0000 111.9466 180
9.9857 0000 111.9435 170
10.0280 0000 111.9057 174
10.0723 0000 111.9026 178
10.1170 0000 111.9075 182
10.1597 0000 111.8777 172
10.2034 0000 111.8639 175
10.2475 0000 111.8582 171
10.2940 0000 111.8952 146
10.3386 0000 111.8974 123
10.3812 0000 111.8649 113
10.4294 0000 111.9314 113
10.4715 0000 111.8908 116
10.5133 0000 111.8450 118
10.5451 0000 111.6310 109
10.5798 0000 111.4655 163
10.6217 0000 111.4252 242
10.6657 0000 111.4195 323
10.7103 0000 111.4244 319
10.7552 0000 111.4346 254
10.8014 0000 111.4661 199
10.8489 0000 111.5190 129
10.9005 0000 111.6384 123
10.9477 0000 111.6860 134
10.9942 0000 111.7203 145
11.0405 0000 111.7519 181
11.0848 0000 111.7515 214
11.1295 0000 111.7564 228
11.1742 0000 111.7614 225
11.2190 0000 111.7690 214
11.2637 0000 111.7739 194
11.3082 0000 111.7761 173
11.3544 0000 111.8051 159
11.3985 0000 111.7993 172
11.4399 0000 111.7536 191
11.4807 0000 111.6971 224
11.5184 0000 111.5927 264
11.5622 0000 111.5843 274
11.6065 0000 111.5839 267
11.6510 0000 111.5862 256
11.6972 0000 111.6151 224
11.7391 0000 111.5774 194
11.7808 0000 111.5370 168
11.8219 0000 111.4887 149
11.8695 0000 111.5389 140
11.9150 0000 111.5571 137
11.9646 0000 111.6366 141
12.0134 0000 111.7055 150
12.0577 0000 111.7050 152
12.1001 0000 111.6753 173
12.1424 0000 111.6456 182
12.1844 0000 111.6105 202
12.2308 0000 111.6421 221
12.2753 0000 111.6443 229
12.3196 0000 111.6439 225
12.3682 0000 111.7074 214
12.4129 0000 111.7123 195
12.4594 0000 111.7439 173
12.5028 0000 111.7301 154
12.5516 0000 111.7964 134
12.5989 0000 111.8387 138
12.6456 0000 111.8729 134
12.6897 0000 111.8698 135
12.7339 0000 111.8667 135
12.7782 0000 111.8663 140
12.8225 0000 111.8658 143
12.8629 0000 111.8093 139
12.9040 0000 111.7635 124
12.9441 0000 111.7044 138
12.9871 0000 111.6853 160
13.0321 0000 111.6956 188
13.0777 0000 111.7138 196
13.1225 0000 111.7213 159
13.1704 0000 111.7715 116
13.2160 0000 111.7898 99
13.2655 0000 111.8614 101
13.3133 0000 111.9090 122
13.3576 0000 111.9085 170
13.4000 0000 111.8813 224
13.4441 0000 111.8782 227
13.4876 0000 111.8671 188
13.5285 0000 111.8212 141
13.5712 0000 111.7994 150
13.6158 0000 111.8043 157
13.6567 0000 111.7585 125
13.6934 0000 111.6567 112
13.7335 0000 111.6003 145
13.7755 0000 111.5705 213
13.8209 0000 111.5860 234
13.8667 0000 111.6069 232
13.9141 0000 111.6490 211
13.9612 0000 111.6858 254
14.0066 0000 111.7013 273
14.0535 0000 111.7355 255
14.0985 0000 111.7457 237
14.1434 0000 111.7532 218
14.1880 0000 111.7581 215
14.2320 0000 111.7549 199
14.2748 0000 111.7358 163
14.3134 0000 111.6633 135
14.3533 0000 111.6069 135
14.3964 0000 111.5931 138
14.4381 0000 111.5606 131
14.4814 0000 111.5495 124
14.5233 0000 111.5197 118
14.5670 0000 111.5139 110
14.6110 0000 111.5108 112
14.6558 0000 111.5183 119
14.7031 0000 111.5577 133
14.7502 0000 111.5944 166
14.7938 0000 111.5860 207
14.8368 0000 111.5722 227
14.8780 0000 111.5344 234
14.9226 0000 111.5392 226
14.9672 0000 111.5440 211
15.0115 0000 111.5462 197
15.0552 0000 111.5404 190
15.0963 0000 111.5026 188
15.1372 0000 111.4622 206
15.1782 0000 111.4245 222
15.2195 0000 111.3894 204
15.2636 0000 111.3889 196
15.3079 0000 111.3911 192
15.3518 0000 111.3879 194
15.3961 0000 111.3901 204
15.4431 0000 111.4241 237
15.4932 0000 111.4954 234
15.5416 0000 111.5455 256
15.5891 0000 111.5849 245
15.6337 0000 111.5897 246
15.6787 0000 111.5999 248
15.7258 0000 111.6340 270
15.7702 0000 111.6362 275
15.8148 0000 111.6410 268
15.8617 0000 111.6724 241
15.9063 0000 111.6773 224
15.9504 0000 111.6768 215
15.9944 0000 111.6736 204
16.0383 0000 111.6704 215
16.0850 0000 111.6992 194
16.1328 0000 111.7414 181
16.1854 0000 111.8370 187
16.2385 0000 111.9380 192
16.2926 0000 112.0498 203
16.3370 0000 112.0520 200
16.3838 0000 112.0809 196
16.4288 0000 112.0884 185
16.4737 0000 112.0959 171
16.5216 0000 112.1356 142
16.5699 0000 112.1806 136
16.6180 0000 112.2230 144
16.6550 0000 112.1421 163
16.6932 0000 112.0747 187
16.7299 0000 111.9913 189
16.7712 0000 111.9587 182
16.8154 0000 111.9582 174
16.8596 0000 111.9577 174
16.9041 0000 111.9598 170
16.9482 0000 111.9593 164
16.9929 0000 111.9642 160
17.0378 0000 111.9717 155
17.0823 0000 111.9739 143
17.1297 0000 112.0081 136
17.1808 0000 112.0825 127
17.2290 0000 112.1249 130
17.2772 0000 112.1672 115
17.3285 0000 112.2417 108
17.3777 0000 112.2949 106
17.4235 0000 112.3105 119
17.4743 0000 112.3797 131
17.5227 0000 112.4222 145
17.5705 0000 112.4593 136
17.6194 0000 112.5071 134
17.6647 0000 112.5174 150
17.7088 0000 112.5142 168
17.7551 0000 112.5352 187
17.7994 0000 112.5347 188
17.8447 0000 112.5449 182
17.8929 0000 112.5847 182
17.9414 0000 112.6273 163
17.9901 0000 112.6725 178
18.0355 0000 112.6828 169
18.0829 0000 112.7146 148
18.1275 0000 112.7167 154
18.1721 0000 112.7189 161
18.2167 0000 112.7211 165
18.2616 0000 112.7259 172
18.3085 0000 112.7524 161
18.3528 0000 112.7518 150
18.4001 0000 112.7810 146
18.4447 0000 112.7831 130
18.4978 0000 112.8716 105
18.5527 0000 112.9763 87
18.6019 0000 113.0244 85
18.6495 0000 113.0563 87
18.6974 0000 113.0909 79
18.7420 0000 113.0930 82
18.7867 0000 113.0952 94
18.8319 0000 113.1028 104
18.8773 0000 113.1131 107
18.9288 0000 113.1828 106
18.9743 0000 113.1931 101
19.0220 0000 113.2251 97
19.0697 0000 113.2570 89
19.1221 0000 113.3350 88
19.1721 0000 113.3887 82
19.2204 0000 113.4261 85
19.2626 0000 113.4038 94
19.3103 0000 113.4358 87
19.3556 0000 113.4434 91
19.4039 0000 113.4809 100
19.4486 0000 113.4830 115
19.4933 0000 113.4852 128
19.5383 0000 113.4901 132
19.5867 0000 113.5275 143
19.6322 0000 113.5378 147
19.6770 0000 113.5400 145
19.7208 0000 113.5340 138
19.7646 0000 113.5281 135
19.8125 0000 113.5601 132
19.8575 0000 113.5650 142
19.9019 0000 113.5644 149
19.9437 0000 113.5394 163
19.9913 0000 113.5688 162
20.0400 0000 113.6089 175
20.0960 0000 113.7171 170
20.1419 0000 113.7301 165
20.1857 0000 113.7242 155
20.2223 0000 113.6502 147
20.2679 0000 113.6605 151
20.3205 0000 113.7361 150
20.3699 0000 113.7818 136
20.4199 0000 113.8329 108
20.4693 0000 113.8787 109
20.5173 0000 113.9108 111
20.5612 0000 113.9048 118
20.6048 0000 113.8961 130
20.6483 0000 113.8874 144
20.6895 0000 113.8569 161
20.7339 0000 113.8563 165
20.7787 0000 113.8585 171
20.8270 0000 113.8934 174
20.8720 0000 113.8983 178
20.9201 0000 113.9304 165
20.9651 0000 113.9353 161
21.0090 0000 113.9293 161
21.0492 0000 113.8906 168
21.0939 0000 113.8928 164
21.1396 0000 113.9031 145
21.1874 0000 113.9326 128
21.2321 0000 113.9347 101
21.2772 0000 113.9396 86
21.3302 0000 114.0154 86
21.3670 0000 113.9467 87
21.4102 0000 113.9353 84
21.4546 0000 113.9347 84
21.5077 0000 114.0105 90
21.5553 0000 114.0372 104
21.6081 0000 114.1103 127
21.6541 0000 114.1234 145
21.7021 0000 114.1529 140
21.7465 0000 114.1523 134
21.7901 0000 114.1436 123
21.8352 0000 114.1485 121
21.8813 0000 114.1616 119
21.9295 0000 114.1938 110
21.9706 0000 114.1633 95
22.0151 0000 114.1627 97
22.0637 0000 114.1977 115
22.1129 0000 114.2381 129
22.1590 0000 114.2512 137
22.2029 0000 114.2452 124
22.2458 0000 114.2310 108
22.2862 0000 114.1950 104
22.3262 0000 114.1562 98
22.3668 0000 114.1229 92
22.4120 0000 114.1278 99
22.4597 0000 114.1546 100
22.5051 0000 114.1622 112
22.5542 0000 114.1999 139
22.6029 0000 114.2349 150
22.6565 0000 114.3108 164
22.7066 0000 114.3568 174
22.7521 0000 114.3645 189
22.8009 0000 114.3995 217
22.8465 0000 114.4071 232
22.8953 0000 114.4422 218
22.9445 0000 114.4800 230
22.9897 0000 114.4849 238
23.0346 0000 114.4871 230
23.0798 0000 114.4920 217
23.1284 0000 114.5244 196
23.1773 0000 114.5594 187
23.2232 0000 114.5699 164
23.2682 0000 114.5721 157
23.3127 0000 114.5715 159
23.3573 0000 114.5710 161
23.4019 0000 114.5705 164
23.4479 0000 114.5809 165
23.5002 0000 114.6434 166
23.5465 0000 114.6566 172
23.5924 0000 114.6670 173
23.6380 0000 114.6747 163
23.6823 0000 114.6714 156
23.7262 0000 114.6654 153
23.7698 0000 114.6566 141
23.8127 0000 114.6424 131
23.8566 0000 114.6363 124
23.9015 0000 114.6385 121
23.9485 0000 114.6572 127
23.9989 0000 114.7033 142
24.0493 0000 114.7494 141
24.1001 0000 114.7983 169
24.1492 0000 114.8334 169
24.1983 0000 114.8686 172
24.2471 0000 114.9010 160
24.2924 0000 114.9060 160
24.3373 0000 114.9082 148
24.3865 0000 114.9433 142
24.4321 0000 114.9510 149
24.4813 0000 114.9862 160
24.5283 0000 115.0049 187
24.5789 0000 115.0512 239
24.6299 0000 115.1002 258
24.6833 0000 115.1685 271
24.7293 0000 115.1790 266
24.7743 0000 115.1811 253
24.8228 0000 115.2109 237
24.8689 0000 115.2214 241
24.9181 0000 115.2566 261
24.9634 0000 115.2616 264
25.0088 0000 115.2665 249
25.0534 0000 115.2659 222
25.0962 0000 115.2515 188
25.1365 0000 115.2178 179
25.1811 0000 115.2172 175
25.2264 0000 115.2222 178
25.2720 0000 115.2298 187
25.3169 0000 115.2320 195
25.3662 0000 115.2672 190
25.4126 0000 115.2804 195
25.4564 0000 115.2743 187
25.4991 0000 115.2599 174
25.5477 0000 115.2896 179
25.5937 0000 115.3000 180
25.6393 0000 115.3077 177
25.6872 0000 115.3319 166
25.7368 0000 115.3699 176
25.7836 0000 115.3858 175
25.8288 0000 115.3907 167
25.8774 0000 115.4204 153
25.9227 0000 115.4253 156
25.9683 0000 115.4329 168
26.0121 0000 115.4268 183
26.0566 0000 115.4261 195
26.1059 0000 115.4613 195
26.1519 0000 115.4717 194
26.2016 0000 115.5097 196
26.2469 0000 115.5146 199
26.2955 0000 115.5443 188
26.3412 0000 115.5519 176
26.3898 0000 115.5816 174
26.4350 0000 115.5865 168
26.4807 0000 115.5941 163
26.5248 0000 115.5906 156
26.5643 0000 115.5540 144
26.6077 0000 115.5450 144
26.6552 0000 115.5664 154
26.6996 0000 115.5656 158
26.7456 0000 115.5760 169
26.7924 0000 115.5919 188
26.8422 0000 115.6299 193
26.8909 0000 115.6596 203
26.9354 0000 115.6588 194
26.9802 0000 115.6609 183
27.0258 0000 115.6684 178
27.0722 0000 115.6815 173
27.1213 0000 115.7140 167
27.1666 0000 115.7188 150
27.2165 0000 115.7568 137
27.2617 0000 115.7616 137
27.3113 0000 115.7968 135
27.3558 0000 115.7960 136
27.3998 0000 115.7925 138
27.4396 0000 115.7585 146
27.4840 0000 115.7578 139
27.5281 0000 115.7542 124
27.5717 0000 115.7479 111
27.6173 0000 115.7555 103
27.6745 0000 115.8433 106
27.7297 0000 115.9173 120
27.7750 0000 115.9221 136
27.8294 0000 115.9906 154
27.8755 0000 116.0009 163
27.9269 0000 116.0473 154
27.9722 0000 116.0520 155
28.0114 0000 116.0152 161
28.0612 0000 116.0504 181
28.1109 0000 116.0857 199
28.1562 0000 116.0905 214
28.2011 0000 116.0924 236
28.2456 0000 116.0916 248
28.2893 0000 116.0853 243
28.3322 0000 116.0734 235
28.3763 0000 116.0698 229
28.4212 0000 116.0717 217
28.4665 0000 116.0765 199
28.5118 0000 116.0812 189
28.5567 0000 116.0832 176
28.6008 0000 116.0796 170
28.6457 0000 116.0816 183
28.6910 0000 116.0863 192
28.7401 0000 116.1160 177
28.7838 0000 116.1097 162
