wt=153503838, DLLFiFo=0
-23.3857 0000 77.2160 138
-23.3484 0000 77.2066 134
-23.3077 0000 77.1741 140
-23.2680 0000 77.1487 145
-23.2326 0000 77.1517 154
-23.2008 0000 77.1795 176
-23.1682 0000 77.2020 193
-23.1325 0000 77.2033 215
-23.0960 0000 77.1992 205
-23.0595 0000 77.1951 182
-23.0206 0000 77.1750 170
-22.9846 0000 77.1744 154
-22.9481 0000 77.1703 165
-22.9116 0000 77.1662 182
-22.8762 0000 77.1692 188
-22.8402 0000 77.1687 201
-22.8027 0000 77.1575 232
-22.7633 0000 77.1339 250
-22.7217 0000 77.0943 280
-22.6845 0000 77.0849 304
-22.6480 0000 77.0808 326
-22.6118 0000 77.0785 344
-22.5760 0000 77.0797 351
-22.5406 0000 77.0827 343
-22.5054 0000 77.0875 310
-22.4699 0000 77.0905 273
-22.4342 0000 77.0917 266
-22.4033 0000 77.1266 279
-22.3688 0000 77.1367 301
-22.3338 0000 77.1433 313
-22.3031 0000 77.1800 297
-22.2687 0000 77.1901 253
-22.2412 0000 77.2500 219
-22.2135 0000 77.3081 229
-22.1785 0000 77.3147 261
-22.1430 0000 77.3177 279
-22.1065 0000 77.3136 293
-22.0702 0000 77.3112 304
-22.0339 0000 77.3089 270
-22.0009 0000 77.3297 220
-21.9696 0000 77.3630 233
-21.9378 0000 77.3927 243
-21.9055 0000 77.4189 260
-21.8727 0000 77.4415 240
-21.8398 0000 77.4641 238
-21.8080 0000 77.4939 191
-21.7774 0000 77.5326 165
-21.7502 0000 77.5963 160
-21.7245 0000 77.6708 169
-21.6926 0000 77.7007 159
-21.6607 0000 77.7305 167
-21.6327 0000 77.7891 180
-21.6072 0000 77.8656 215
-21.5758 0000 77.8991 255
-21.5428 0000 77.9219 278
-21.5071 0000 77.9249 238
-21.4744 0000 77.9495 184
-21.4461 0000 78.0064 160
-21.4261 0000 78.1245 166
-21.3958 0000 78.1671 216
-21.3654 0000 78.2098 270
-21.3297 0000 78.2128 293
-21.2937 0000 78.2140 243
-21.2569 0000 78.2099 164
-21.2168 0000 78.1805 116
-21.2134 0000 78.4234 114
-21.1864 0000 78.4915 155
-21.1484 0000 78.4783 175
-21.1143 0000 78.4940 188
-21.0784 0000 78.4970 207
-21.0426 0000 78.5001 190
-21.0065 0000 78.5013 148
-20.9760 0000 78.5442 118
-20.9445 0000 78.5798 111
-20.9156 0000 78.6353 108
-20.8865 0000 78.6891 110
-20.8544 0000 78.7212 115
-20.8247 0000 78.7714 121
-20.7984 0000 78.8471 119
-20.7673 0000 78.8865 126
-20.7342 0000 78.9114 143
-20.6978 0000 78.9108 151
-20.6606 0000 78.9048 155
-20.6208 0000 78.8788 170
-20.5841 0000 78.8764 182
-20.5477 0000 78.8758 185
-20.5117 0000 78.8788 166
-20.4771 0000 78.8928 135
-20.4490 0000 78.9559 119
-20.4167 0000 78.9881 129
-20.3810 0000 78.9930 141
-20.3445 0000 78.9924 144
-20.3073 0000 78.9863 118
-20.2699 0000 78.9785 101
-20.2331 0000 78.9761 106
-20.1962 0000 78.9719 96
-20.1601 0000 78.9749 79
-20.1302 0000 79.0253 78
-20.0941 0000 79.0284 82
-20.0571 0000 79.0242 78
-20.0202 0000 79.0200 74
-19.9832 0000 79.0158 74
-19.9427 0000 78.9842 76
-19.9007 0000 78.9400 76
-19.8670 0000 78.9612 70
-19.8316 0000 78.9698 73
-19.7946 0000 78.9655 80
-19.7535 0000 78.9286 88
-19.7131 0000 78.8971 109
-19.6737 0000 78.8728 112
-19.6335 0000 78.8432 109
-19.5961 0000 78.8353 109
-19.5596 0000 78.8348 109
-19.5218 0000 78.8233 126
-19.4783 0000 78.7664 161
-19.4378 0000 78.7331 217
-19.4004 0000 78.7253 246
-19.3626 0000 78.7138 232
-19.3263 0000 78.7151 214
-19.2883 0000 78.7018 194
-19.2520 0000 78.7031 172
-19.2158 0000 78.7043 170
-19.1837 0000 78.7401 171
-19.1479 0000 78.7449 180
-19.1118 0000 78.7480 186
-19.0749 0000 78.7438 160
-19.0360 0000 78.7233 139
-18.9992 0000 78.7209 125
-18.9625 0000 78.7185 112
-18.9260 0000 78.7180 103
-18.8926 0000 78.7428 106
-18.8528 0000 78.7150 120
-18.8150 0000 78.7036 144
-18.7754 0000 78.6776 162
-18.7391 0000 78.6789 181
-18.7037 0000 78.6874 192
-18.6709 0000 78.7177 198
-18.6371 0000 78.7408 178
-18.6006 0000 78.7402 155
-18.5679 0000 78.7724 132
-18.5389 0000 78.8355 113
-18.5087 0000 78.8895 122
-18.4719 0000 78.8872 129
-18.4379 0000 78.9085 118
-18.4039 0000 78.9298 117
-18.3654 0000 78.9129 111
-18.3286 0000 78.9105 115
-18.2891 0000 78.8845 116
-18.2529 0000 78.8876 126
-18.2165 0000 78.8889 145
-18.1789 0000 78.8792 176
-18.1411 0000 78.8678 203
-18.1043 0000 78.8654 196
-18.0679 0000 78.8667 168
-18.0261 0000 78.8207 164
-17.9916 0000 78.8384 149
-17.9555 0000 78.8415 143
-17.9164 0000 78.8191 132
-17.8792 0000 78.8132 140
-17.8391 0000 78.7817 178
-17.8020 0000 78.7758 213
-17.7652 0000 78.7734 218
-17.7270 0000 78.7583 200
-17.6927 0000 78.7778 192
-17.6565 0000 78.7810 161
-17.6203 0000 78.7841 134
-17.5890 0000 78.8309 122
-17.5564 0000 78.8667 118
-17.5255 0000 78.9172 127
-17.4917 0000 78.9422 138
-17.4558 0000 78.9490 137
-17.4214 0000 78.9686 128
-17.3822 0000 78.9444 135
-17.3422 0000 78.9129 137
-17.3024 0000 78.8832 166
-17.2636 0000 78.8627 161
-17.2248 0000 78.8421 156
-17.1876 0000 78.8362 122
-17.1506 0000 78.8320 87
-17.1104 0000 78.7988 71
-17.0766 0000 78.8238 70
-17.0443 0000 78.8633 79
-17.0108 0000 78.8919 93
-16.9701 0000 78.8532 138
-16.9276 0000 78.7981 211
-16.8877 0000 78.7667 273
-16.8484 0000 78.7407 265
-16.8109 0000 78.7311 271
-16.7724 0000 78.7125 284
-16.7337 0000 78.6920 247
-16.6961 0000 78.6824 244
-16.6584 0000 78.6710 246
-16.6176 0000 78.6306 231
-16.5801 0000 78.6210 230
-16.5430 0000 78.6151 244
-16.5066 0000 78.6164 256
-16.4704 0000 78.6195 258
-16.4361 0000 78.6408 246
-16.3999 0000 78.6440 239
-16.3635 0000 78.6453 218
-16.3312 0000 78.6866 201
-16.3040 0000 78.7770 220
-16.2700 0000 78.8020 245
-16.2378 0000 78.8452 222
-16.2052 0000 78.8848 212
-16.1716 0000 78.9135 226
-16.1351 0000 78.9148 266
-16.0981 0000 78.9107 290
-16.0607 0000 78.9029 302
-16.0220 0000 78.8824 311
-15.9856 0000 78.8837 339
-15.9489 0000 78.8833 346
-15.9117 0000 78.8773 342
-15.8749 0000 78.8750 334
-15.8383 0000 78.8745 326
-15.7997 0000 78.8540 347
-15.7630 0000 78.8536 363
-15.7271 0000 78.8604 358
-15.6949 0000 78.9054 326
-15.6613 0000 78.9359 308
-15.6291 0000 78.9811 291
-15.5958 0000 79.0153 269
-15.5647 0000 79.0714 262
-15.5335 0000 79.1276 254
-15.5041 0000 79.2021 251
-15.4679 0000 79.2071 261
-15.4313 0000 79.2084 260
-15.3925 0000 79.1860 259
-15.3554 0000 79.1819 244
-15.3168 0000 79.1613 249
-15.2800 0000 79.1608 238
-15.2433 0000 79.1603 200
-15.2061 0000 79.1544 160
-15.1689 0000 79.1484 138
-15.1318 0000 79.1443 123
-15.0947 0000 79.1402 122
-15.0580 0000 79.1397 127
-15.0200 0000 79.1246 121
-14.9839 0000 79.1314 115
-14.9517 0000 79.1785 110
-14.9151 0000 79.1799 125
-14.8784 0000 79.1794 148
-14.8418 0000 79.1808 152
-14.8056 0000 79.1858 141
-14.7740 0000 79.2402 141
-14.7423 0000 79.2947 163
-14.7064 0000 79.3034 172
-14.6736 0000 79.3469 150
-14.6384 0000 79.3629 129
-14.6040 0000 79.3881 123
-14.5675 0000 79.3913 109
-14.5346 0000 79.4330 98
-14.4986 0000 79.4417 96
-14.4640 0000 79.4651 99
-14.4274 0000 79.4665 111
-14.3912 0000 79.4734 121
-14.3587 0000 79.5207 120
-14.3270 0000 79.5772 118
-14.2917 0000 79.5933 115
-14.2571 0000 79.6185 114
-14.2202 0000 79.6162 108
-14.1827 0000 79.6084 114
-14.1452 0000 79.6005 122
-14.1084 0000 79.6001 116
-14.0706 0000 79.5886 108
-14.0361 0000 79.6138 91
-14.0050 0000 79.6796 118
-13.9730 0000 79.7344 191
-13.9385 0000 79.7616 259
-13.9033 0000 79.7795 343
-13.8680 0000 79.7975 347
-13.8292 0000 79.7749 385
-13.7908 0000 79.7560 348
-13.7554 0000 79.7721 317
-13.7237 0000 79.8325 227
-13.6901 0000 79.8708 195
-13.6554 0000 79.8961 181
-13.6187 0000 79.8975 156
-13.5981 0000 80.0893 130
-13.5806 0000 80.3206 153
-13.5544 0000 80.4484 145
-13.5272 0000 80.5652 138
-13.5070 0000 80.7662 232
-13.4700 0000 80.7675 365
-13.4331 0000 80.7689 414
-13.3971 0000 80.7815 317
-13.3596 0000 80.7754 222
-13.3245 0000 80.7993 167
-13.2917 0000 80.8511 124
-13.2575 0000 80.8862 112
-13.2397 0000 81.1236 113
-13.2108 0000 81.2246 143
-13.1754 0000 81.2466 182
-13.1394 0000 81.2612 212
-13.1031 0000 81.2720 203
-13.0720 0000 81.3468 170
-13.0423 0000 81.4404 143
-13.0160 0000 81.5776 132
-12.9839 0000 81.6433 189
-12.9480 0000 81.6598 216
-12.9105 0000 81.6574 212
-12.8729 0000 81.6532 185
-12.8356 0000 81.6527 161
-12.8007 0000 81.6825 148
-12.7648 0000 81.7009 126
-12.7353 0000 81.8007 100
-12.7069 0000 81.9158 84
-12.6821 0000 82.0786 78
-12.6581 0000 82.2531 94
-12.6260 0000 82.3231 135
-12.5928 0000 82.3780 176
-12.5560 0000 82.3871 186
-12.5204 0000 82.4114 186
-12.4840 0000 82.4262 193
-12.4492 0000 82.4620 212
-12.4140 0000 82.4921 207
-12.3805 0000 82.5452 222
-12.3438 0000 82.5562 231
-12.3062 0000 82.5557 236
-12.2680 0000 82.5457 243
-12.2300 0000 82.5395 252
-12.1922 0000 82.5353 245
-12.1520 0000 82.4985 208
-12.1142 0000 82.4942 164
-12.0771 0000 82.4995 138
-12.0409 0000 82.5182 148
-12.0038 0000 82.5234 158
-11.9674 0000 82.5383 152
-11.9331 0000 82.5837 152
-11.8965 0000 82.5967 161
-11.8611 0000 82.6268 135
-11.8301 0000 82.7183 88
-11.8022 0000 82.8560 89
-11.7723 0000 82.9650 97
-11.7362 0000 82.9857 98
-11.7001 0000 83.0083 78
-11.6631 0000 83.0175 67
-11.6275 0000 83.0459 58
-11.5918 0000 83.0744 48
-11.5561 0000 83.1028 37
0.0000 0000 0.0000 0
0.0000 0000 0.0000 0
0.0000 0000 0.0000 0
0.0000 0000 0.0000 0
0.0000 0000 0.0000 0
0.0000 0000 0.0000 0
0.0000 0000 0.0000 0
-11.1114 0000 80.9714 36
-11.0739 0000 80.9654 44
-11.0351 0000 80.9406 46
-10.9980 0000 80.9420 42
-10.9607 0000 80.9397 38
-10.9235 0000 80.9392 32
0.0000 0000 0.0000 0
0.0000 0000 0.0000 0
-10.7276 0000 79.6593 34
-10.6906 0000 79.6570 46
-10.6522 0000 79.6344 54
-10.6149 0000 79.6266 56
-10.5778 0000 79.6225 50
-10.5393 0000 79.5981 43
-10.5025 0000 79.5976 37
0.0000 0000 0.0000 0
0.0000 0000 0.0000 0
0.0000 0000 0.0000 0
-10.3270 0000 79.1569 37
-10.2846 0000 79.0667 45
-10.2425 0000 78.9822 51
-10.2000 0000 78.8904 55
-10.1562 0000 78.7769 57
-10.1156 0000 78.7127 58
-10.0711 0000 78.5867 61
-10.0274 0000 78.4718 83
-9.9890 0000 78.4423 95
-9.9496 0000 78.3965 107
-9.9119 0000 78.3779 116
-9.8724 0000 78.3304 114
-9.8323 0000 78.2720 105
-9.7918 0000 78.2064 92
-9.7520 0000 78.1517 74
-9.7112 0000 78.0790 59
-9.6674 0000 77.9576 53
-9.6269 0000 77.8887 65
-9.5852 0000 77.8001 89
-9.5454 0000 77.7421 118
-9.5087 0000 77.7380 129
-9.4721 0000 77.7340 124
-9.4327 0000 77.6832 117
-9.3918 0000 77.6056 118
-9.3535 0000 77.5728 127
-9.3169 0000 77.5688 125
-9.2804 0000 77.5665 127
-9.2428 0000 77.5446 123
-9.2051 0000 77.5208 133
-9.1684 0000 77.5150 132
-9.1320 0000 77.5146 115
-9.0960 0000 77.5195 95
-9.0597 0000 77.5209 83
-9.0217 0000 77.4917 77
-8.9835 0000 77.4591 79
-8.9454 0000 77.4264 72
-8.9074 0000 77.3955 63
-8.8632 0000 77.2520 55
-8.8208 0000 77.1392 64
-8.7818 0000 77.0888 64
-8.7449 0000 77.0777 86
-8.7077 0000 77.0594 110
-8.6711 0000 77.0536 132
-8.6336 0000 77.0300 131
-8.5969 0000 77.0225 136
-8.5606 0000 77.0220 141
-8.5247 0000 77.0270 147
-8.4885 0000 77.0283 149
-8.4506 0000 76.9976 146
-8.4117 0000 76.9456 155
-8.3738 0000 76.9131 171
-8.3360 0000 76.8825 165
-8.2995 0000 76.8785 170
-8.2635 0000 76.8816 171
-8.2272 0000 76.8812 153
-8.1899 0000 76.8594 135
-8.1544 0000 76.8732 125
-8.1178 0000 76.8657 117
-8.0805 0000 76.8439 125
-8.0429 0000 76.8169 117
-8.0049 0000 76.7791 118
-7.9686 0000 76.7787 112
-7.9333 0000 76.7961 100
-7.8970 0000 76.7939 83
-7.8607 0000 76.7934 77
-7.8235 0000 76.7717 75
-7.7872 0000 76.7695 89
-7.7507 0000 76.7638 105
-7.7121 0000 76.7137 113
-7.6749 0000 76.6920 128
-7.6370 0000 76.6561 149
-7.6008 0000 76.6539 152
-7.5644 0000 76.6499 145
-7.5281 0000 76.6477 133
-7.4916 0000 76.6402 113
-7.4533 0000 76.5938 95
-7.4163 0000 76.5756 87
-7.3780 0000 76.5274 95
-7.3419 0000 76.5288 115
-7.3057 0000 76.5284 140
-7.2685 0000 76.5050 144
-7.2317 0000 76.4904 148
-7.1933 0000 76.4387 146
-7.1548 0000 76.3835 134
-7.1163 0000 76.3301 119
-7.0789 0000 76.2997 119
-7.0418 0000 76.2764 113
-7.0045 0000 76.2478 118
-6.9658 0000 76.1874 123
-6.9280 0000 76.1465 162
-6.8900 0000 76.0986 199
-6.8534 0000 76.0859 221
-6.8156 0000 76.0450 234
-6.7791 0000 76.0341 246
-6.7413 0000 75.9897 261
-6.7049 0000 75.9806 269
-6.6687 0000 75.9767 258
-6.6329 0000 75.9815 224
-6.5969 0000 75.9829 211
-6.5618 0000 76.0071 207
-6.5182 0000 75.8136 227
-6.4802 0000 75.7624 260
-6.4441 0000 75.7603 308
-6.4073 0000 75.7389 326
-6.3720 0000 75.7578 325
-6.3363 0000 75.7626 331
-6.3005 0000 75.7693 337
-6.2663 0000 75.8162 333
-6.2303 0000 75.8176 322
-6.1943 0000 75.8155 314
-6.1588 0000 75.8309 309
-6.1228 0000 75.8305 326
-6.0870 0000 75.8354 336
-6.0521 0000 75.8666 328
-6.0170 0000 75.8926 334
-5.9811 0000 75.8939 333
-5.9458 0000 75.9164 338
-5.9100 0000 75.9230 313
-5.8742 0000 75.9297 275
-5.8391 0000 75.9557 249
-5.8040 0000 75.9817 201
-5.7687 0000 76.0059 161
-5.7335 0000 76.0302 128
-5.6975 0000 76.0316 114
-5.6622 0000 76.0541 105
-5.6247 0000 76.0115 96
-5.5878 0000 75.9848 89
-5.5505 0000 75.9458 88
-5.5125 0000 75.8858 92
-5.4755 0000 75.8556 102
-5.4394 0000 75.8517 104
-5.4029 0000 75.8373 107
-5.3668 0000 75.8352 110
-5.3305 0000 75.8261 113
-5.2931 0000 75.7802 112
-5.2577 0000 75.7991 113
-5.2210 0000 75.7760 144
-5.1843 0000 75.7529 172
-5.1482 0000 75.7490 207
-5.1122 0000 75.7469 238
-5.0762 0000 75.7466 253
-5.0408 0000 75.7673 248
-5.0049 0000 75.7704 248
-4.9689 0000 75.7719 228
-4.9328 0000 75.7680 204
-4.8962 0000 75.7467 188
-4.8601 0000 75.7428 160
-4.8242 0000 75.7425 135
-4.7882 0000 75.7421 115
-4.7515 0000 75.7190 109
-4.7154 0000 75.7135 106
-4.6788 0000 75.6886 92
-4.6421 0000 75.6620 95
-4.6062 0000 75.6635 118
-4.5703 0000 75.6666 152
-4.5347 0000 75.6820 159
-4.4989 0000 75.6869 159
-4.4635 0000 75.7111 181
-4.4282 0000 75.7370 196
-4.3924 0000 75.7437 214
-4.3565 0000 75.7486 216
-4.3214 0000 75.7833 208
-4.2855 0000 75.7900 192
-4.2491 0000 75.7722 189
-4.2130 0000 75.7648 178
-4.1764 0000 75.7400 164
-4.1402 0000 75.7309 167
-4.1037 0000 75.7078 159
-4.0676 0000 75.7040 146
-4.0312 0000 75.6827 129
-3.9957 0000 75.7051 103
-3.9603 0000 75.7292 96
-3.9243 0000 75.7289 94
-3.8878 0000 75.7041 91
-3.8518 0000 75.7003 88
-3.8157 0000 75.6982 94
-3.7798 0000 75.6978 103
-3.7438 0000 75.6958 108
-3.7071 0000 75.6587 111
-3.6708 0000 75.6444 119
-3.6343 0000 75.6143 121
-3.5973 0000 75.5633 134
-3.5608 0000 75.5298 158
-3.5243 0000 75.5033 156
-3.4879 0000 75.4733 174
-3.4515 0000 75.4486 169
-3.4151 0000 75.4238 194
-3.3787 0000 75.3956 193
-3.3420 0000 75.3500 201
-3.3059 0000 75.3323 193
-3.2692 0000 75.2867 179
-3.2328 0000 75.2550 150
-3.1963 0000 75.2182 138
-3.1595 0000 75.1622 128
-3.1231 0000 75.1289 125
-3.0870 0000 75.1112 110
-3.0517 0000 75.1439 116
-3.0166 0000 75.1905 135
-2.9807 0000 75.1849 177
-2.9442 0000 75.1446 224
-2.9083 0000 75.1391 233
-2.8724 0000 75.1370 204
-2.8365 0000 75.1298 181
-2.8006 0000 75.1225 196
-2.7647 0000 75.1222 217
-2.7288 0000 75.1114 191
-2.6929 0000 75.1059 176
-2.6567 0000 75.0812 168
-2.6208 0000 75.0740 136
-2.5849 0000 75.0719 110
-2.5488 0000 75.0490 105
-2.5126 0000 75.0175 136
-2.4767 0000 75.0067 151
-2.4407 0000 74.9891 143
-2.4046 0000 74.9680 158
-2.3686 0000 74.9451 164
-2.3327 0000 74.9413 188
-2.2969 0000 74.9375 203
-2.2610 0000 74.9320 206
-2.2249 0000 74.8953 197
-2.1889 0000 74.8811 170
-2.1526 0000 74.8306 152
-2.1165 0000 74.7922 175
-2.0805 0000 74.7694 186
-2.0447 0000 74.7622 201
-2.0089 0000 74.7550 209
-1.9731 0000 74.7512 211
-1.9374 0000 74.7526 196
-1.9016 0000 74.7557 172
-1.8658 0000 74.7433 169
-1.8300 0000 74.7430 154
-1.7941 0000 74.7202 137
-1.7583 0000 74.7147 161
-1.7225 0000 74.7075 196
-1.6868 0000 74.7019 222
-1.6508 0000 74.6654 247
-1.6150 0000 74.6564 261
-1.5792 0000 74.6509 248
-1.5435 0000 74.6454 224
-1.5077 0000 74.6399 209
-1.4718 0000 74.6085 202
-1.4361 0000 74.6082 199
-1.4004 0000 74.6131 191
-1.3649 0000 74.6455 174
-1.3291 0000 74.6469 162
-1.2935 0000 74.6570 164
-1.2579 0000 74.6826 176
-1.2221 0000 74.6684 153
-1.1863 0000 74.6664 138
-1.1506 0000 74.6644 124
-1.1149 0000 74.6606 113
-1.0791 0000 74.6603 110
-1.0436 0000 74.7066 117
-1.0079 0000 74.7115 129
-0.9721 0000 74.7077 140
-0.9364 0000 74.7005 148
-0.9006 0000 74.6812 161
-0.8649 0000 74.6843 163
-0.8291 0000 74.6857 175
-0.7934 0000 74.6854 184
-0.7577 0000 74.6955 175
-0.7220 0000 74.6969 188
-0.6862 0000 74.6966 192
-0.6505 0000 74.6963 168
-0.6148 0000 74.7011 137
-0.5790 0000 74.7077 118
-0.5433 0000 74.7264 111
-0.5076 0000 74.7244 101
-0.4718 0000 74.6982 94
-0.4361 0000 74.6737 98
-0.4004 0000 74.6440 89
-0.3648 0000 74.6092 90
-0.3291 0000 74.5606 91
-0.2935 0000 74.5310 103
-0.2578 0000 74.5065 96
-0.2222 0000 74.5028 89
-0.1865 0000 74.4818 85
-0.1509 0000 74.4729 76
-0.1153 0000 74.4296 71
-0.0797 0000 74.4207 73
-0.0441 0000 74.3963 71
-0.0086 0000 74.3719 73
0.0271 0000 74.3699 70
0.0627 0000 74.3644 69
0.0981 0000 74.3177 68
0.1338 0000 74.3105 67
0.1692 0000 74.2827 67
0.2047 0000 74.2549 62
0.2402 0000 74.2289 65
0.2757 0000 74.2046 60
0.3111 0000 74.1785 63
0.3467 0000 74.1783 64
0.3825 0000 74.2020 64
0.4181 0000 74.2051 68
0.4539 0000 74.2237 71
0.4893 0000 74.1994 65
0.5249 0000 74.1974 68
0.5605 0000 74.1920 75
0.5960 0000 74.1865 83
0.6313 0000 74.1417 100
0.6667 0000 74.1191 114
0.7022 0000 74.1085 122
0.7374 0000 74.0706 121
0.7729 0000 74.0634 120
0.8084 0000 74.0563 112
0.8436 0000 74.0132 97
0.8790 0000 74.0044 82
0.9141 0000 73.9528 72
0.9493 0000 73.9235 68
0.9848 0000 73.9198 65
1.0201 0000 73.8939 65
1.0556 0000 73.8953 59
1.0918 0000 73.9480 54
1.1276 0000 73.9734 51
1.1632 0000 73.9749 49
1.1991 0000 74.0020 51
1.2349 0000 74.0257 57
1.2705 0000 74.0254 63
1.3060 0000 74.0200 72
1.3413 0000 73.9975 80
1.3765 0000 73.9750 80
1.4117 0000 73.9474 85
1.4471 0000 73.9351 94
1.4823 0000 73.9109 100
1.5177 0000 73.9056 91
1.5533 0000 73.9053 79
1.5890 0000 73.9153 71
1.6253 0000 73.9681 73
1.6612 0000 73.9918 77
1.6968 0000 73.9932 89
1.7324 0000 73.9930 114
1.7680 0000 73.9944 146
1.8035 0000 73.9942 178
1.8391 0000 73.9973 207
1.8747 0000 73.9988 239
1.9105 0000 74.0123 247
1.9462 0000 74.0189 248
1.9819 0000 74.0238 228
2.0175 0000 74.0252 205
2.0530 0000 74.0233 187
2.0886 0000 74.0230 174
2.1241 0000 74.0228 163
2.1596 0000 74.0191 154
2.1952 0000 74.0172 147
2.2307 0000 74.0169 141
2.2663 0000 74.0167 139
2.3018 0000 74.0148 138
2.3374 0000 74.0145 139
2.3730 0000 74.0194 143
2.4087 0000 74.0226 151
2.4442 0000 74.0224 157
2.4799 0000 74.0256 156
2.5163 0000 74.0630 152
2.5510 0000 74.0234 143
2.5864 0000 74.0181 135
2.6218 0000 74.0127 131
2.6569 0000 73.9885 142
2.6923 0000 73.9849 152
2.7280 0000 73.9898 160
2.7637 0000 73.9947 171
2.7993 0000 73.9979 177
2.8353 0000 74.0148 167
2.8709 0000 74.0163 162
2.9064 0000 74.0144 155
2.9414 0000 73.9919 164
2.9764 0000 73.9712 168
3.0118 0000 73.9624 181
3.0470 0000 73.9502 188
3.0816 0000 73.9141 193
3.1169 0000 73.9071 187
3.1525 0000 73.9069 166
3.1881 0000 73.9084 143
3.2230 0000 73.8877 131
3.2578 0000 73.8584 125
3.2930 0000 73.8497 122
3.3279 0000 73.8256 127
3.3633 0000 73.8220 126
3.4047 0000 74.0320 106
3.4404 0000 74.0335 108
3.4720 0000 73.8982 129
3.5077 0000 73.9015 146
3.5434 0000 73.9081 171
3.5791 0000 73.9130 194
3.6146 0000 73.9145 205
3.6502 0000 73.9144 191
3.6856 0000 73.9125 167
3.7225 0000 73.9567 153
3.7581 0000 73.9582 155
3.7935 0000 73.9546 156
3.8289 0000 73.9493 150
3.8643 0000 73.9457 139
3.8998 0000 73.9438 126
3.9348 0000 73.9265 119
3.9703 0000 73.9263 111
4.0052 0000 73.9056 104
4.0407 0000 73.9055 103
4.0762 0000 73.9036 101
4.1109 0000 73.8778 108
4.1460 0000 73.8673 104
4.1802 0000 73.8262 96
4.2156 0000 73.8226 87
4.2509 0000 73.8190 79
4.2862 0000 73.8120 75
4.3200 0000 73.7623 70
4.3536 0000 73.7059 71
4.3878 0000 73.6699 82
4.4216 0000 73.6237 86
4.4569 0000 73.6167 85
4.4924 0000 73.6200 89
4.5281 0000 73.6249 94
4.5636 0000 73.6281 100
4.5990 0000 73.6263 112
4.6344 0000 73.6227 119
4.6691 0000 73.6021 110
4.7043 0000 73.5951 107
4.7395 0000 73.5881 104
4.7742 0000 73.5692 102
4.8089 0000 73.5486 85
4.8451 0000 73.5689 77
4.8795 0000 73.5415 86
4.9128 0000 73.4852 97
4.9469 0000 73.4511 121
4.9807 0000 73.4067 131
5.0150 0000 73.3794 135
5.0501 0000 73.3707 128
5.0838 0000 73.3264 117
5.1188 0000 73.3178 112
5.1524 0000 73.2735 115
5.1876 0000 73.2683 124
5.2220 0000 73.2427 126
5.2562 0000 73.2137 144
5.2904 0000 73.1848 141
5.3248 0000 73.1609 149
5.3598 0000 73.1523 152
5.3950 0000 73.1487 151
5.4296 0000 73.1299 135
5.4639 0000 73.1061 137
5.4981 0000 73.0772 136
5.5313 0000 73.0280 138
5.5654 0000 72.9974 150
5.5996 0000 72.9719 148
5.6347 0000 72.9667 148
5.6690 0000 72.9429 154
5.7033 0000 72.9191 152
5.7384 0000 72.9156 150
5.7715 0000 72.8648 153
5.8051 0000 72.8259 171
5.8390 0000 72.7954 188
5.8732 0000 72.7700 233
5.9077 0000 72.7530 253
5.9429 0000 72.7528 266
5.9782 0000 72.7527 265
6.0134 0000 72.7525 257
6.0486 0000 72.7490 249
6.0825 0000 72.7202 235
6.1164 0000 72.6915 247
6.1496 0000 72.6476 258
6.1845 0000 72.6390 260
6.2184 0000 72.6103 264
6.2524 0000 72.5850 253
6.2866 0000 72.5630 269
6.3206 0000 72.5393 255
6.3555 0000 72.5325 261
6.3907 0000 72.5323 270
6.4249 0000 72.5121 267
6.4601 0000 72.5102 262
6.4962 0000 72.5302 253
6.5314 0000 72.5301 231
6.5655 0000 72.5082 217
6.6019 0000 72.5315 194
6.6373 0000 72.5364 186
6.6737 0000 72.5598 194
6.7088 0000 72.5580 209
6.7416 0000 72.5109 232
6.7741 0000 72.4571 254
6.8076 0000 72.4251 272
6.8403 0000 72.3764 287
6.8752 0000 72.3712 277
6.9104 0000 72.3728 256
6.9469 0000 72.3978 230
6.9820 0000 72.3977 215
7.0183 0000 72.4193 218
7.0522 0000 72.3957 234
7.0874 0000 72.3973 238
7.1238 0000 72.4190 222
7.1603 0000 72.4440 224
7.1956 0000 72.4472 225
7.2305 0000 72.4421 225
7.2632 0000 72.3967 223
7.2982 0000 72.3949 211
7.3323 0000 72.3764 207
7.3675 0000 72.3763 209
7.4025 0000 72.3745 215
7.4361 0000 72.3476 207
7.4696 0000 72.3191 204
7.5018 0000 72.2672 212
7.5365 0000 72.2604 216
7.5715 0000 72.2586 211
7.6066 0000 72.2585 208
7.6419 0000 72.2618 207
7.6771 0000 72.2633 215
7.7122 0000 72.2633 226
7.7472 0000 72.2615 235
7.7826 0000 72.2681 239
7.8193 0000 72.2947 235
7.8545 0000 72.2963 240
7.8893 0000 72.2929 239
7.9243 0000 72.2911 222
7.9594 0000 72.2910 196
7.9946 0000 72.2926 180
8.0313 0000 72.3193 148
8.0695 0000 72.3711 136
8.1058 0000 72.3911 126
8.1394 0000 72.3659 138
8.1727 0000 72.3374 155
8.2072 0000 72.3273 185
8.2398 0000 72.2871 205
8.2745 0000 72.2820 213
8.3095 0000 72.2802 219
8.3432 0000 72.2584 214
8.3766 0000 72.2333 223
8.4103 0000 72.2116 210
8.4449 0000 72.2048 225
8.4795 0000 72.1981 242
8.5132 0000 72.1763 269
8.5480 0000 72.1729 303
8.5818 0000 72.1545 317
8.6164 0000 72.1478 336
8.6499 0000 72.1244 381
8.6845 0000 72.1177 399
8.7184 0000 72.1010 402
8.7530 0000 72.0959 446
8.7878 0000 72.0925 472
8.8215 0000 72.0725 434
8.8549 0000 72.0491 409
8.8894 0000 72.0424 341
8.9241 0000 72.0374 284
8.9562 0000 71.9941 257
8.9903 0000 71.9824 250
9.0225 0000 71.9408 249
9.0571 0000 71.9357 243
9.0917 0000 71.9307 224
9.1252 0000 71.9107 203
9.1619 0000 71.9356 167
9.1985 0000 71.9605 153
9.2337 0000 71.9638 151
9.2686 0000 71.9637 157
9.3036 0000 71.9637 171
9.3385 0000 71.9636 192
9.3749 0000 71.9852 212
9.4101 0000 71.9885 242
9.4452 0000 71.9901 264
9.4799 0000 71.9868 276
9.5143 0000 71.9801 295
9.5465 0000 71.9418 299
9.5809 0000 71.9335 276
9.6126 0000 71.8886 251
9.6467 0000 71.8769 237
9.6784 0000 71.8338 238
9.7129 0000 71.8271 258
9.7462 0000 71.8055 261
9.7790 0000 71.7773 273
9.8120 0000 71.7507 265
9.8448 0000 71.7225 274
9.8777 0000 71.6960 283
9.9107 0000 71.6711 277
9.9438 0000 71.6479 308
9.9784 0000 71.6446 317
10.0129 0000 71.6396 305
10.0460 0000 71.6164 276
10.0806 0000 71.6131 272
10.1141 0000 71.5949 286
10.1486 0000 71.5915 287
10.1832 0000 71.5882 293
10.2165 0000 71.5683 284
10.2513 0000 71.5683 271
10.2862 0000 71.5683 251
10.3211 0000 71.5699 247
10.3560 0000 71.5715 261
10.3910 0000 71.5732 288
10.4259 0000 71.5748 312
10.4607 0000 71.5748 309
10.4970 0000 71.5929 304
10.5318 0000 71.5929 280
10.5670 0000 71.5978 251
10.6035 0000 71.6193 221
10.6384 0000 71.6209 210
10.6732 0000 71.6209 202
10.7066 0000 71.6027 215
10.7412 0000 71.5993 222
10.7739 0000 71.5728 218
10.8080 0000 71.5645 218
10.8395 0000 71.5232 216
10.8742 0000 71.5215 218
10.9085 0000 71.5149 215
10.9394 0000 71.4670 211
10.9741 0000 71.4653 202
11.0108 0000 71.4901 189
11.0478 0000 71.5164 171
11.0844 0000 71.5395 170
11.1191 0000 71.5378 168
11.1501 0000 71.4916 174
11.1843 0000 71.4849 180
11.2190 0000 71.4833 177
11.2519 0000 71.4601 170
11.2846 0000 71.4354 172
11.3195 0000 71.4370 166
11.3543 0000 71.4369 159
11.3890 0000 71.4369 150
11.4278 0000 71.4847 143
11.4628 0000 71.4880 139
11.4976 0000 71.4879 137
11.5320 0000 71.4830 140
11.5665 0000 71.4796 146
11.5976 0000 71.4367 153
11.6318 0000 71.4301 155
11.6643 0000 71.4037 145
11.6971 0000 71.3806 141
11.7320 0000 71.3822 133
11.7707 0000 71.4283 129
11.8099 0000 71.4794 121
11.8469 0000 71.5057 116
11.8821 0000 71.5107 121
11.9191 0000 71.5354 129
11.9540 0000 71.5370 126
11.9889 0000 71.5386 116
12.0257 0000 71.5617 103
12.0627 0000 71.5864 98
12.0975 0000 71.5864 97
12.1281 0000 71.5384 101
12.1628 0000 71.5384 103
12.1973 0000 71.5351 107
12.2279 0000 71.4872 117
12.2625 0000 71.4855 123
12.2976 0000 71.4887 116
12.3323 0000 71.4887 112
12.3668 0000 71.4853 120
12.4014 0000 71.4836 125
12.4359 0000 71.4803 126
12.4702 0000 71.4753 129
12.5015 0000 71.4373 134
12.5357 0000 71.4307 136
12.5697 0000 71.4224 130
12.6026 0000 71.4026 114
12.6354 0000 71.3811 110
12.6697 0000 71.3761 110
12.7023 0000 71.3530 113
12.7371 0000 71.3530 125
12.7723 0000 71.3579 142
12.8091 0000 71.3809 149
12.8440 0000 71.3825 154
12.8771 0000 71.3643 163
12.9112 0000 71.3577 159
12.9435 0000 71.3313 163
12.9757 0000 71.3049 158
13.0083 0000 71.2818 167
13.0427 0000 71.2785 162
13.0772 0000 71.2768 158
13.1135 0000 71.2932 147
13.1503 0000 71.3145 147
13.1861 0000 71.3260 131
13.2252 0000 71.3721 115
13.2603 0000 71.3753 103
13.2930 0000 71.3539 92
13.3274 0000 71.3505 81
13.3621 0000 71.3505 77
13.3965 0000 71.3471 74
13.4289 0000 71.3224 72
13.4633 0000 71.3190 83
13.4959 0000 71.2976 89
13.5304 0000 71.2959 93
13.5630 0000 71.2745 102
13.5953 0000 71.2498 97
13.6273 0000 71.2218 101
13.6588 0000 71.1905 104
13.6906 0000 71.1609 114
13.7233 0000 71.1411 114
13.7578 0000 71.1395 116
13.7921 0000 71.1361 118
13.8267 0000 71.1344 120
13.8612 0000 71.1328 121
13.8958 0000 71.1327 118
13.9283 0000 71.1113 118
13.9607 0000 71.0883 113
13.9951 0000 71.0866 115
14.0298 0000 71.0866 120
14.0619 0000 71.0620 130
14.0939 0000 71.0357 133
14.1260 0000 71.0111 152
14.1584 0000 70.9897 158
14.1885 0000 70.9455 158
14.2197 0000 70.9127 147
14.2531 0000 70.9012 149
14.2829 0000 70.8554 153
14.3177 0000 70.8570 149
14.3550 0000 70.8831 149
14.3901 0000 70.8880 133
14.4290 0000 70.9289 119
14.4660 0000 70.9518 118
14.5010 0000 70.9550 111
14.5383 0000 70.9812 100
14.5761 0000 71.0107 98
14.6135 0000 71.0369 88
14.6502 0000 71.0565 87
14.6845 0000 71.0532 85
14.7168 0000 71.0319 88
14.7490 0000 71.0089 82
14.7808 0000 70.9827 83
14.8122 0000 70.9532 77
14.8415 0000 70.9041 79
14.8731 0000 70.8763 83
14.9046 0000 70.8485 78
14.9363 0000 70.8223 84
14.9661 0000 70.7782 84
14.9997 0000 70.7700 80
15.0293 0000 70.7243 81
15.0631 0000 70.7178 81
15.0926 0000 70.6721 76
15.1239 0000 70.6428 70
15.1549 0000 70.6118 73
15.1842 0000 70.5646 75
15.2180 0000 70.5581 75
15.2477 0000 70.5158 75
15.2815 0000 70.5093 76
15.3132 0000 70.4849 82
15.3452 0000 70.4622 81
15.3814 0000 70.4785 87
15.4113 0000 70.4378 97
15.4456 0000 70.4362 108
15.4806 0000 70.4411 116
15.5149 0000 70.4395 124
15.5486 0000 70.4330 135
15.5804 0000 70.4103 131
15.6119 0000 70.3843 140
15.6428 0000 70.3535 147
15.6717 0000 70.3049 162
15.6979 0000 70.2336 175
15.7288 0000 70.2028 214
15.7602 0000 70.1769 245
15.7922 0000 70.1559 292
15.8263 0000 70.1543 320
15.8607 0000 70.1543 344
15.8949 0000 70.1528 353
15.9268 0000 70.1317 334
15.9589 0000 70.1124 336
15.9929 0000 70.1092 317
16.0267 0000 70.1043 304
16.0603 0000 70.0979 289
16.0916 0000 70.0721 287
16.1231 0000 70.0479 259
16.1574 0000 70.0479 249
16.1918 0000 70.0479 255
16.2234 0000 70.0254 268
16.2545 0000 69.9979 256
16.2835 0000 69.9527 260
16.3141 0000 69.9221 255
16.3442 0000 69.8867 261
16.3727 0000 69.8383 263
16.4070 0000 69.8384 260
16.4361 0000 69.7949 259
16.4698 0000 69.7901 263
16.5009 0000 69.7644 271
16.5325 0000 69.7419 255
16.5640 0000 69.7194 268
16.5978 0000 69.7162 288
16.6317 0000 69.7131 304
16.6655 0000 69.7099 304
16.6974 0000 69.6906 283
16.7316 0000 69.6907 272
16.7661 0000 69.6923 264
16.8034 0000 69.7182 260
16.8432 0000 69.7633 248
16.8776 0000 69.7650 234
16.9117 0000 69.7634 228
16.9459 0000 69.7635 233
16.9831 0000 69.7877 254
17.0178 0000 69.7910 270
17.0548 0000 69.8136 273
17.0894 0000 69.8169 318
17.1231 0000 69.8122 395
17.1563 0000 69.8042 459
17.1867 0000 69.7736 457
17.2203 0000 69.7689 407
17.2540 0000 69.7641 377
17.2884 0000 69.7658 331
17.3226 0000 69.7659 247
17.3562 0000 69.7611 183
17.3876 0000 69.7386 163
17.4220 0000 69.7403 160
17.4592 0000 69.7646 156
17.4963 0000 69.7872 148
17.5277 0000 69.7647 135
17.5619 0000 69.7648 119
17.5862 0000 69.6876 108
0.0000 0000 0.0000 0
17.7373 0000 70.3327 105
17.7781 0000 70.3831 112
17.8160 0000 70.4108 129
17.8535 0000 70.4353 141
17.8906 0000 70.4565 154
17.9227 0000 70.4387 161
17.9572 0000 70.4404 172
17.9945 0000 70.4633 188
18.0299 0000 70.4715 187
18.0681 0000 70.5008 173
18.1076 0000 70.5400 157
18.1417 0000 70.5385 155
18.1752 0000 70.5320 150
18.2091 0000 70.5289 141
18.2439 0000 70.5322 123
18.2791 0000 70.5388 101
18.3197 0000 70.5861 88
18.3586 0000 70.6205 85
18.4005 0000 70.6776 91
18.4414 0000 70.7267 106
18.4788 0000 70.7496 114
18.5134 0000 70.7513 126
18.5509 0000 70.7743 137
18.5850 0000 70.7728 152
18.6164 0000 70.7500 165
18.6542 0000 70.7762 173
18.6919 0000 70.8008 183
18.7263 0000 70.8009 179
18.7607 0000 70.8010 167
18.7951 0000 70.8011 152
18.8354 0000 70.8454 132
18.8745 0000 70.8798 110
18.9206 0000 70.9667 100
18.9659 0000 71.0470 103
19.0062 0000 71.0898 116
19.0408 0000 71.0915 123
19.0757 0000 71.0949 129
19.1102 0000 71.0950 140
19.1473 0000 71.1148 146
19.1849 0000 71.1379 152
19.2207 0000 71.1479 134
19.2612 0000 71.1923 122
19.2997 0000 71.2220 112
19.3389 0000 71.2566 111
19.3773 0000 71.2847 103
19.4149 0000 71.3078 107
19.4494 0000 71.3079 112
19.4832 0000 71.3031 113
19.5117 0000 71.2605 113
19.5452 0000 71.2540 113
19.5790 0000 71.2492 106
19.6079 0000 71.2099 97
19.6412 0000 71.2018 90
19.6691 0000 71.1560 87
19.6968 0000 71.1085 85
19.7296 0000 71.0972 83
19.7566 0000 71.0448 81
19.7796 0000 70.9647 83
19.8063 0000 70.9109 91
19.8367 0000 70.8832 98
19.8640 0000 70.8343 99
19.8907 0000 70.7806 104
19.9210 0000 70.7530 115
19.9516 0000 70.7270 114
19.9795 0000 70.6831 122
20.0124 0000 70.6735 128
20.0434 0000 70.6509 149
20.0746 0000 70.6298 165
20.1077 0000 70.6218 189
20.1410 0000 70.6155 206
20.1710 0000 70.5863 207
20.2048 0000 70.5832 192
20.2383 0000 70.5785 166
20.2687 0000 70.5526 134
20.3015 0000 70.5430 122
20.3327 0000 70.5221 119
20.3673 0000 70.5255 110
20.4073 0000 70.5647 102
20.4425 0000 70.5713 98
20.4772 0000 70.5748 101
20.5116 0000 70.5766 112
20.5461 0000 70.5783 128
20.5769 0000 70.5557 142
20.6078 0000 70.5332 173
20.6403 0000 70.5219 195
20.6687 0000 70.4831 216
20.7016 0000 70.4752 227
20.7349 0000 70.4689 222
20.7635 0000 70.4317 207
20.7957 0000 70.4189 188
20.8264 0000 70.3964 174
20.8572 0000 70.3738 143
20.8904 0000 70.3675 128
20.9177 0000 70.3223 118
20.9442 0000 70.2723 120
20.9739 0000 70.2434 129
21.0044 0000 70.2193 147
21.0348 0000 70.1952 149
21.0652 0000 70.1711 165
21.0947 0000 70.1406 164
21.1219 0000 70.0956 167
21.1537 0000 70.0812 169
21.1804 0000 70.0330 163
21.2103 0000 70.0057 158
21.2433 0000 69.9995 141
21.2722 0000 69.9658 122
21.3047 0000 69.9563 104
21.3346 0000 69.9291 95
21.3617 0000 69.8842 81
21.3885 0000 69.8377 70
21.4213 0000 69.8298 69
21.4473 0000 69.7786 71
21.4731 0000 69.7257 76
21.4996 0000 69.6777 83
21.5269 0000 69.6345 90
21.5561 0000 69.6042 94
21.5823 0000 69.5547 103
21.6118 0000 69.5261 122
21.6412 0000 69.4974 138
21.6694 0000 69.4608 158
