wt=150040709, DLLFiFo=0
-25.4903 0000 91.3878 53
-25.4559 0000 91.4211 54
-25.4176 0000 91.4268 55
-25.3789 0000 91.4304 55
-25.3488 0000 91.4934 74
-25.3138 0000 91.5224 99
-25.2742 0000 91.5196 112
-25.2313 0000 91.4936 118
-25.1877 0000 91.4632 105
-25.1463 0000 91.4478 101
-25.1022 0000 91.4132 100
-25.0559 0000 91.3638 90
-25.0140 0000 91.3442 83
-24.9708 0000 91.3160 88
-24.9333 0000 91.3281 127
-24.9013 0000 91.3782 178
-24.8671 0000 91.4136 214
-24.8302 0000 91.4299 251
-24.7928 0000 91.4420 296
-24.7499 0000 91.4160 292
-24.7091 0000 91.4047 302
-24.6689 0000 91.3977 269
-24.6267 0000 91.3759 222
-24.5862 0000 91.3668 150
-24.5410 0000 91.3238 94
-24.5014 0000 91.3211 69
-24.4637 0000 91.3311 71
-24.4244 0000 91.3304 64
-24.3904 0000 91.3679 68
-24.3514 0000 91.3694 81
-24.3095 0000 91.3497 84
-24.2696 0000 91.3449 110
-24.2304 0000 91.3443 130
-24.1887 0000 91.3267 126
-24.1442 0000 91.2880 125
-24.1014 0000 91.2620 164
-24.0613 0000 91.2550 147
-24.0238 0000 91.2671 169
-23.9860 0000 91.2771 168
-23.9522 0000 91.3167 152
-23.9248 0000 91.4030 150
-23.8967 0000 91.4852 159
-23.8609 0000 91.5100 179
-23.8216 0000 91.5095 159
-23.7808 0000 91.4983 124
-23.7366 0000 91.4616 108
-23.6918 0000 91.4207 97
-23.6476 0000 91.3841 115
-23.6074 0000 91.3771 98
-23.5684 0000 91.3787 79
-23.5303 0000 91.3866 78
-23.4952 0000 91.4178 93
-23.4564 0000 91.4215 145
-23.4168 0000 91.4188 208
-23.3775 0000 91.4183 243
-23.3390 0000 91.4241 221
-23.3005 0000 91.4299 160
-23.2626 0000 91.4400 116
-23.2241 0000 91.4458 85
-23.1859 0000 91.4537 80
-23.1451 0000 91.4426 91
-23.0985 0000 91.3869 120
-23.0536 0000 91.3439 177
-23.0120 0000 91.3264 281
-22.9744 0000 91.3386 314
-22.9373 0000 91.3551 298
-22.8971 0000 91.3482 336
-22.8578 0000 91.3477 376
-22.8195 0000 91.3557 381
-22.7807 0000 91.3594 348
-22.7414 0000 91.3589 292
-22.7023 0000 91.3605 232
-22.6671 0000 91.3919 175
-22.6332 0000 91.4338 106
-22.6061 0000 91.5290 76
-22.5769 0000 91.6072 82
-22.5374 0000 91.6067 78
-22.4934 0000 91.5701 70
-22.4450 0000 91.4994 67
-22.4012 0000 91.4650 79
-22.3589 0000 91.4412 93
-22.3160 0000 91.4131 91
-22.2752 0000 91.4020 114
-22.2364 0000 91.4058 133
-22.1970 0000 91.4053 137
-22.1573 0000 91.4028 132
-22.1217 0000 91.4321 113
-22.0866 0000 91.4656 96
-22.0515 0000 91.4992 87
-22.0168 0000 91.5370 71
-21.9867 0000 91.6111 68
-21.9555 0000 91.6767 60
-21.9211 0000 91.7168 58
-21.8880 0000 91.7676 64
-21.8470 0000 91.7544 75
-21.7993 0000 91.6878 84
-21.7524 0000 91.6278 82
-21.7098 0000 91.6018 73
-21.6709 0000 91.6056 74
-21.6317 0000 91.6073 86
-21.5946 0000 91.6261 79
-21.5593 0000 91.6598 64
-21.5274 0000 91.7212 78
-21.4923 0000 91.7571 103
-21.4560 0000 91.7823 128
-21.4188 0000 91.8011 123
-21.3790 0000 91.7986 138
-21.3398 0000 91.8003 153
-21.3013 0000 91.8085 170
-21.2618 0000 91.8081 175
-21.2217 0000 91.8034 152
-21.1845 0000 91.8223 129
-21.1448 0000 91.8197 136
-21.1019 0000 91.7916 166
-21.0631 0000 91.7976 185
-21.0254 0000 91.8122 186
-20.9859 0000 91.8118 178
-20.9451 0000 91.8007 169
-20.9056 0000 91.8003 161
-20.8668 0000 91.8064 169
-20.8275 0000 91.8081 202
-20.7877 0000 91.8056 234
-20.7490 0000 91.8116 243
-20.7102 0000 91.8176 227
-20.6759 0000 91.8621 198
-20.6376 0000 91.8724 179
-20.5988 0000 91.8785 181
-20.5618 0000 91.8995 197
-20.5252 0000 91.9247 164
-20.4869 0000 91.9351 144
-20.4513 0000 91.9689 192
-20.4125 0000 91.9749 271
-20.3729 0000 91.9746 261
-20.3328 0000 91.9699 266
-20.2898 0000 91.9395 273
-20.2453 0000 91.8964 239
-20.1996 0000 91.8425 244
-20.1544 0000 91.7930 218
-20.1124 0000 91.7712 194
-20.0719 0000 91.7623 163
-20.0312 0000 91.7512 167
-19.9890 0000 91.7273 186
-19.9490 0000 91.7226 234
-19.9094 0000 91.7223 306
-19.8706 0000 91.7283 373
-19.8335 0000 91.7492 364
-19.7952 0000 91.7595 359
-19.7569 0000 91.7698 337
-19.7226 0000 91.8164 294
-19.6840 0000 91.8245 236
-19.6440 0000 91.8198 177
-19.6013 0000 91.7916 179
-19.5603 0000 91.7784 234
-19.5203 0000 91.7737 279
-19.4808 0000 91.7733 258
-19.4393 0000 91.7558 200
-19.3960 0000 91.7213 191
-19.3513 0000 91.6739 156
-19.3059 0000 91.6202 133
-19.2613 0000 91.5729 145
-19.2145 0000 91.5064 170
-19.1718 0000 91.4762 155
-19.1295 0000 91.4502 132
-19.0919 0000 91.4668 114
-19.0538 0000 91.4792 128
-19.0155 0000 91.4894 141
-18.9771 0000 91.4997 124
-18.9422 0000 91.5419 105
-18.9039 0000 91.5521 100
-18.8701 0000 91.6050 105
-18.8347 0000 91.6429 114
-18.7949 0000 91.6404 123
-18.7540 0000 91.6272 129
-18.7088 0000 91.5735 150
-18.6672 0000 91.5539 209
-18.6259 0000 91.5364 224
-18.5869 0000 91.5402 186
-18.5532 0000 91.5952 148
-18.5148 0000 91.6055 140
-18.4748 0000 91.6008 149
-18.4339 0000 91.5876 164
-18.3897 0000 91.5424 163
-18.3491 0000 91.5313 134
-18.3154 0000 91.5863 110
-18.2829 0000 91.6542 115
-18.2431 0000 91.6516 134
-18.2025 0000 91.6405 148
-18.1585 0000 91.5974 172
-18.1170 0000 91.5778 187
-18.0751 0000 91.5540 167
-18.0355 0000 91.5536 165
-17.9930 0000 91.5233 177
-17.9487 0000 91.4761 206
-17.9067 0000 91.4522 232
-17.8683 0000 91.4624 238
-17.8292 0000 91.4663 222
-17.7897 0000 91.4659 187
-17.7498 0000 91.4612 155
-17.7094 0000 91.4523 137
-17.6639 0000 91.3923 127
-17.6182 0000 91.3302 121
-17.5751 0000 91.2936 120
-17.5309 0000 91.2465 116
-17.4912 0000 91.2440 118
-17.4513 0000 91.2393 127
-17.4104 0000 91.2240 150
-17.3694 0000 91.2087 168
-17.3293 0000 91.2019 170
-17.2903 0000 91.2058 175
-17.2489 0000 91.1862 177
-17.2086 0000 91.1773 187
-17.1675 0000 91.1599 218
-17.1280 0000 91.1595 220
-17.0881 0000 91.1549 177
-17.0479 0000 91.1459 141
-17.0078 0000 91.1392 137
-16.9640 0000 91.0942 133
-16.9235 0000 91.0832 134
-16.8838 0000 91.0806 162
-16.8442 0000 91.0781 177
-16.8009 0000 91.0374 152
-16.7557 0000 90.9777 151
-16.7139 0000 90.9519 169
-16.6736 0000 90.9430 152
-16.6326 0000 90.9256 166
-16.5930 0000 90.9231 180
-16.5533 0000 90.9205 174
-16.5119 0000 90.8989 129
-16.4715 0000 90.8879 86
-16.4180 0000 90.7374 59
-16.3588 0000 90.5261 72
-16.3165 0000 90.4941 81
-16.2766 0000 90.4873 83
-16.2357 0000 90.4701 100
-16.1965 0000 90.4717 110
-16.1583 0000 90.4839 96
-16.1180 0000 90.4729 101
-16.0792 0000 90.4788 114
-16.0397 0000 90.4763 106
-15.9984 0000 90.4548 101
-15.9579 0000 90.4417 85
-15.9182 0000 90.4371 63
-15.8786 0000 90.4345 58
-15.8393 0000 90.4341 59
-15.7998 0000 90.4315 69
-15.7600 0000 90.4269 74
-15.7228 0000 90.4496 61
-15.6844 0000 90.4597 67
-15.6433 0000 90.4403 63
-15.6056 0000 90.4588 55
-15.5663 0000 90.4584 49
-15.5269 0000 90.4580 52
-15.4857 0000 90.4365 63
-15.4459 0000 90.4318 73
-15.4064 0000 90.4293 71
-15.3653 0000 90.4099 65
-15.3295 0000 90.4494 105
-15.2925 0000 90.4764 172
-15.2533 0000 90.4781 209
-15.2128 0000 90.4650 173
-15.1709 0000 90.4351 129
-15.1303 0000 90.4199 77
-15.0909 0000 90.4194 58
-15.0769 0000 90.7143 73
-15.0422 0000 90.7688 171
-15.0002 0000 90.7388 207
-14.9580 0000 90.7067 183
-14.9141 0000 90.6534 127
-14.8718 0000 90.6192 90
-14.8247 0000 90.5281 71
-14.7787 0000 90.4497 97
-14.7363 0000 90.4134 142
-14.6946 0000 90.3856 131
-14.6545 0000 90.3768 136
-14.6157 0000 90.3826 144
-14.5780 0000 90.4033 137
-14.5399 0000 90.4176 124
-14.4998 0000 90.4087 107
-14.4600 0000 90.4041 112
-14.4196 0000 90.3910 112
-14.3800 0000 90.3885 82
-14.3436 0000 90.4239 86
-14.3038 0000 90.4192 138
-14.2622 0000 90.3914 191
-14.2206 0000 90.3636 199
-14.1798 0000 90.3463 176
-14.1394 0000 90.3333 168
-14.0992 0000 90.3223 154
-14.0593 0000 90.3156 154
-14.0203 0000 90.3194 157
-13.9807 0000 90.3168 148
-13.9405 0000 90.3059 126
-13.8994 0000 90.2844 107
-13.8619 0000 90.3071 76
-13.8280 0000 90.3762 78
-13.7902 0000 90.3968 96
-13.7501 0000 90.3880 93
-13.7089 0000 90.3644 96
-13.6725 0000 90.4019 92
-13.6404 0000 90.4963 122
-13.6035 0000 90.5296 166
-13.5654 0000 90.5461 225
-13.5264 0000 90.5520 258
-13.4862 0000 90.5411 222
-13.4445 0000 90.5111 169
-13.4026 0000 90.4790 142
-13.3643 0000 90.4934 170
-13.3271 0000 90.5225 171
-13.2886 0000 90.5348 200
-13.2496 0000 90.5407 221
-13.2106 0000 90.5466 221
-13.1713 0000 90.5483 205
-13.1320 0000 90.5500 179
-13.0925 0000 90.5496 168
-13.0545 0000 90.5682 158
-13.0170 0000 90.5952 179
-12.9811 0000 90.6434 200
-12.9404 0000 90.6261 194
-12.8987 0000 90.5961 137
-12.8549 0000 90.5366 114
-12.8106 0000 90.4687 102
-12.7667 0000 90.4071 102
-12.7269 0000 90.4004 104
-12.6874 0000 90.4000 103
-12.6537 0000 90.4797 103
-12.6156 0000 90.4983 124
-12.5776 0000 90.5190 123
-12.5380 0000 90.5165 119
-12.4979 0000 90.5076 111
-12.4545 0000 90.4503 111
-12.4114 0000 90.3972 110
-12.3716 0000 90.3925 155
-12.3326 0000 90.3985 208
-12.2939 0000 90.4086 213
-12.2559 0000 90.4293 177
-12.2172 0000 90.4394 164
-12.1780 0000 90.4433 149
-12.1379 0000 90.4323 154
-12.0973 0000 90.4151 185
-12.0562 0000 90.3915 211
-12.0165 0000 90.3869 154
-11.9772 0000 90.3886 94
-11.9383 0000 90.3966 68
-11.8999 0000 90.4110 74
-11.8622 0000 90.4380 106
-11.8239 0000 90.4545 101
-11.7865 0000 90.4857 93
-11.7500 0000 90.5297 122
-11.7163 0000 90.6180 145
-11.6811 0000 90.6831 174
-11.6419 0000 90.6870 166
-11.6017 0000 90.6760 131
-11.5617 0000 90.6693 121
-11.5215 0000 90.6583 149
-11.4800 0000 90.6262 208
-11.4408 0000 90.6301 305
-11.4015 0000 90.6339 394
-11.3622 0000 90.6356 423
-11.3227 0000 90.6353 386
-11.2827 0000 90.6285 296
-11.2438 0000 90.6366 195
-11.2081 0000 90.6975 141
-11.1715 0000 90.7437 148
-11.1326 0000 90.7539 194
-11.0953 0000 90.7895 229
-11.0575 0000 90.8167 224
-11.0212 0000 90.8692 187
-10.9845 0000 90.9155 174
-10.9473 0000 90.9554 158
-10.9094 0000 90.9826 175
-10.8716 0000 91.0119 141
-10.8321 0000 91.0116 104
-10.7895 0000 90.9624 92
-10.7503 0000 90.9683 109
-10.7111 0000 90.9743 128
-10.6715 0000 90.9739 133
-10.6316 0000 90.9672 130
-10.5911 0000 90.9520 128
-10.5508 0000 90.9389 118
-10.5100 0000 90.9173 120
-10.4704 0000 90.9169 114
-10.4309 0000 90.9186 101
-10.3892 0000 90.8801 101
-10.3473 0000 90.8395 141
-10.3069 0000 90.8242 153
-10.2667 0000 90.8133 119
-10.2286 0000 90.8383 99
-10.1966 0000 90.9715 78
-10.1602 0000 91.0263 77
-10.1221 0000 91.0535 75
-10.0820 0000 91.0446 77
-10.0409 0000 91.0167 95
-10.0014 0000 91.0184 144
-9.9623 0000 91.0265 168
-9.9228 0000 91.0283 129
-9.8826 0000 91.0173 77
-9.8438 0000 91.0317 55
-9.8042 0000 91.0313 60
-9.7627 0000 90.9949 96
-9.7229 0000 90.9903 132
-9.6828 0000 90.9814 136
-9.6427 0000 90.9704 137
-9.6032 0000 90.9721 189
-9.5638 0000 90.9760 254
-9.5244 0000 90.9777 314
-9.4850 0000 90.9816 345
-9.4465 0000 91.0024 239
-9.4090 0000 91.0424 130
-9.3768 0000 91.1844 103
-9.3417 0000 91.2712 113
-9.3026 0000 91.2815 103
-9.2625 0000 91.2726 118
-9.2232 0000 91.2786 121
-9.1878 0000 91.3634 101
-9.1527 0000 91.4526 92
-9.1144 0000 91.4800 88
-9.0704 0000 91.3942 88
-9.0255 0000 91.2894 105
-8.9843 0000 91.2571 134
-8.9446 0000 91.2567 133
-8.9051 0000 91.2585 130
-8.8641 0000 91.2304 135
-8.8246 0000 91.2343 157
-8.7862 0000 91.2594 209
-8.7480 0000 91.2889 189
-8.7100 0000 91.3226 174
-8.6704 0000 91.3243 119
-8.6288 0000 91.2834 71
-8.5901 0000 91.3044 55
-8.5538 0000 91.3743 55
-8.5141 0000 91.3739 73
-8.4739 0000 91.3629 101
-8.4330 0000 91.3348 124
-8.3923 0000 91.3131 153
-8.3533 0000 91.3276 130
-8.3205 0000 91.4765 106
-8.2828 0000 91.5210 92
-8.2418 0000 91.4928 73
-8.2007 0000 91.4604 61
-8.1603 0000 91.4451 69
-8.1201 0000 91.4341 93
-8.0785 0000 91.3910 116
-8.0368 0000 91.3437 134
-7.9965 0000 91.3284 120
-7.9556 0000 91.3004 101
-7.9155 0000 91.2915 94
-7.8761 0000 91.2953 101
-7.8365 0000 91.2971 117
-7.7963 0000 91.2839 131
-7.7572 0000 91.2985 149
-7.7177 0000 91.3023 130
-7.6788 0000 91.3190 110
-7.6387 0000 91.3080 121
-7.5991 0000 91.3097 125
-7.5593 0000 91.3072 133
-7.5195 0000 91.3026 137
-7.4797 0000 91.3001 135
-7.4414 0000 91.3338 129
-7.4029 0000 91.3633 151
-7.3642 0000 91.3864 171
-7.3243 0000 91.3817 129
-7.2842 0000 91.3707 92
-7.2445 0000 91.3703 82
-7.2049 0000 91.3721 74
-7.1651 0000 91.3696 66
-7.1252 0000 91.3650 67
-7.0853 0000 91.3582 70
-7.0457 0000 91.3600 61
-6.9997 0000 91.1934 49
-6.9504 0000 90.9360 90
-6.9098 0000 90.9080 144
-6.8699 0000 90.8992 182
-6.8298 0000 90.8861 214
-6.7902 0000 90.8857 200
-6.7509 0000 90.8917 161
-6.7124 0000 90.9232 118
-6.6744 0000 90.9652 108
-6.6370 0000 91.0286 98
-6.5984 0000 91.0558 111
-6.5876 0000 91.8797 90
-6.5453 0000 91.8064 115
-6.5036 0000 91.7525 147
-6.4543 0000 91.4741 93
-6.4027 0000 91.1263 105
-6.3615 0000 91.0813 146
-6.3220 0000 91.0831 185
-6.2874 0000 91.2338 127
-6.2534 0000 91.4040 118
-6.2155 0000 91.4591 154
-6.1760 0000 91.4652 173
-6.1368 0000 91.4819 162
-6.0973 0000 91.4901 138
-6.0596 0000 91.5517 139
-6.0211 0000 91.5920 138
-5.9817 0000 91.6045 137
-5.9436 0000 91.6577 142
-5.9049 0000 91.6916 153
-5.8667 0000 91.7448 188
-5.8280 0000 91.7787 238
-5.7887 0000 91.7955 232
-5.7489 0000 91.7952 217
-5.7081 0000 91.7627 217
-5.6680 0000 91.7516 225
-5.6283 0000 91.7556 260
-5.5888 0000 91.7660 339
-5.5494 0000 91.7785 407
-5.5094 0000 91.7739 344
-5.4697 0000 91.7757 242
-5.4295 0000 91.7625 152
-5.3890 0000 91.7386 111
-5.3497 0000 91.7554 73
-5.3137 0000 91.8966 58
-5.2766 0000 91.9951 56
-5.2375 0000 92.0248 44
0.0000 0000 0.0000 0
0.0000 0000 0.0000 0
-5.0972 0000 91.2341 51
-5.0568 0000 91.2061 73
-5.0172 0000 91.2079 81
-4.9776 0000 91.2118 72
-4.9386 0000 91.2392 67
-4.9012 0000 91.3283 64
-4.8640 0000 91.4304 84
-4.8251 0000 91.4621 108
-4.7855 0000 91.4682 126
-4.7460 0000 91.4785 137
-4.7074 0000 91.5295 156
-4.6672 0000 91.5099 212
-4.6273 0000 91.5032 275
-4.5875 0000 91.5007 290
-4.5479 0000 91.5046 237
-4.5082 0000 91.5086 173
-4.4684 0000 91.5061 126
-4.4286 0000 91.5015 95
-4.3872 0000 91.4285 86
-4.3458 0000 91.3492 119
-4.3057 0000 91.3318 225
-4.2659 0000 91.3293 324
-4.2259 0000 91.3162 322
-4.1862 0000 91.3137 295
-4.1466 0000 91.3177 234
-4.1068 0000 91.3152 163
-4.0674 0000 91.3319 100
-4.0294 0000 91.4148 87
-3.9916 0000 91.5149 113
-3.9521 0000 91.5295 135
-3.9121 0000 91.5164 154
-3.8720 0000 91.4989 186
-3.8321 0000 91.4922 199
-3.7920 0000 91.4726 164
-3.7521 0000 91.4616 129
-3.7118 0000 91.4292 98
-3.6708 0000 91.3606 76
-3.6300 0000 91.2984 68
-3.5890 0000 91.2192 74
-3.5483 0000 91.1634 147
-3.5083 0000 91.1418 276
-3.4680 0000 91.1053 374
-3.4283 0000 91.0986 405
-3.3885 0000 91.0919 359
-3.3488 0000 91.0894 256
-3.3092 0000 91.0891 156
-3.2694 0000 91.0823 95
-3.2318 0000 91.2204 64
-3.1954 0000 91.4419 91
-3.1560 0000 91.4629 97
-3.1159 0000 91.4391 92
-3.0760 0000 91.4302 99
-3.0362 0000 91.4277 147
-2.9960 0000 91.3932 236
-2.9558 0000 91.3545 319
-2.9154 0000 91.3029 321
-2.8753 0000 91.2749 288
-2.8360 0000 91.3065 177
-2.7970 0000 91.3617 122
-2.7582 0000 91.4403 119
-2.7186 0000 91.4464 114
-2.6793 0000 91.4867 116
-2.6387 0000 91.4137 124
-2.5972 0000 91.2555 150
-2.5571 0000 91.2253 172
-2.5177 0000 91.2506 193
-2.4786 0000 91.3057 213
-2.4399 0000 91.4056 204
-2.4016 0000 91.5421 207
-2.3617 0000 91.5332 195
-2.3219 0000 91.5265 181
-2.2818 0000 91.4919 168
-2.2417 0000 91.4574 180
-2.2019 0000 91.4506 172
-2.1621 0000 91.4460 155
-2.1224 0000 91.4457 154
-2.0826 0000 91.4390 169
-2.0427 0000 91.4173 209
-2.0029 0000 91.4148 230
-1.9632 0000 91.4123 231
-1.9234 0000 91.4120 228
-1.8835 0000 91.3903 221
-1.8436 0000 91.3687 254
-1.8039 0000 91.3598 257
-1.7641 0000 91.3595 248
-1.7244 0000 91.3591 221
-1.6846 0000 91.3503 186
-1.6448 0000 91.3393 169
-1.6050 0000 91.3112 196
-1.5651 0000 91.2853 207
-1.5254 0000 91.2828 219
-1.4858 0000 91.3081 185
-1.4463 0000 91.3590 168
-1.4066 0000 91.3651 159
-1.3669 0000 91.3605 149
-1.3270 0000 91.3260 140
-1.2871 0000 91.2852 152
-1.2472 0000 91.2358 175
-1.2075 0000 91.2078 139
-1.1677 0000 91.1925 118
-1.1280 0000 91.1666 113
-1.0883 0000 91.1685 104
-1.0486 0000 91.1724 105
-1.0089 0000 91.1785 103
-0.9693 0000 91.2016 88
-0.9296 0000 91.2098 80
-0.8899 0000 91.2372 71
-0.8503 0000 91.2667 60
-0.8106 0000 91.3027 63
-0.7709 0000 91.3151 65
-0.7312 0000 91.3234 75
-0.6914 0000 91.3230 96
-0.6517 0000 91.3377 105
-0.6120 0000 91.3395 118
-0.5723 0000 91.3434 134
-0.5325 0000 91.3453 145
-0.4928 0000 91.3663 136
-0.4530 0000 91.3959 136
-0.4132 0000 91.4212 152
-0.3735 0000 91.4230 168
-0.3337 0000 91.4163 193
-0.2941 0000 91.3839 241
-0.2544 0000 91.3623 234
-0.2147 0000 91.3641 240
-0.1750 0000 91.3531 151
-0.1353 0000 91.3421 102
-0.0957 0000 91.2778 73
-0.0562 0000 91.2391 66
-0.0165 0000 91.2409 66
0.0233 0000 91.2683 75
0.0631 0000 91.2744 77
0.1030 0000 91.3295 70
0.1429 0000 91.3612 60
0.1828 0000 91.3951 60
0.2227 0000 91.4268 68
0.2628 0000 91.4928 77
0.3028 0000 91.5395 101
0.3428 0000 91.5756 135
0.3828 0000 91.6010 183
0.4227 0000 91.6285 187
0.4625 0000 91.6346 184
0.5023 0000 91.6321 166
0.5420 0000 91.6104 171
0.5817 0000 91.6101 179
0.6215 0000 91.6055 177
0.6612 0000 91.6009 161
0.7008 0000 91.5770 127
0.7404 0000 91.5489 108
0.7800 0000 91.5336 95
0.8197 0000 91.5226 105
0.8594 0000 91.5201 131
0.8992 0000 91.5241 144
0.9390 0000 91.5259 157
0.9788 0000 91.5234 174
1.0185 0000 91.5231 163
1.0583 0000 91.5270 144
1.0982 0000 91.5353 133
1.1384 0000 91.5778 130
1.1783 0000 91.5881 130
1.2181 0000 91.5964 128
1.2582 0000 91.6239 115
1.2983 0000 91.6514 104
1.3383 0000 91.6639 88
1.3785 0000 91.6979 91
1.4186 0000 91.7255 92
1.4587 0000 91.7509 112
1.4989 0000 91.7849 118
1.5393 0000 91.8296 119
1.5795 0000 91.8593 130
1.6193 0000 91.8568 124
1.6591 0000 91.8479 111
1.6986 0000 91.8240 107
1.7383 0000 91.8172 96
1.7781 0000 91.8190 89
1.8209 0000 92.0228 88
1.8609 0000 92.0289 105
1.9006 0000 92.0222 124
1.9388 0000 91.9122 158
1.9775 0000 91.8367 222
2.0173 0000 91.8320 231
2.0569 0000 91.8210 170
2.0968 0000 91.8249 121
2.1371 0000 91.8504 94
2.1772 0000 91.8672 85
2.2180 0000 91.9292 95
2.2580 0000 91.9353 118
2.2978 0000 91.9371 141
2.3381 0000 91.9626 136
2.3784 0000 91.9859 145
2.4182 0000 91.9834 149
2.4581 0000 91.9873 156
2.4983 0000 92.0021 177
2.5386 0000 92.0275 181
2.5784 0000 92.0272 169
2.6178 0000 91.9989 153
2.6576 0000 91.9986 130
2.6982 0000 92.0348 122
2.7384 0000 92.0517 131
2.7782 0000 92.0492 131
2.8179 0000 92.0402 129
2.8575 0000 92.0270 133
2.8973 0000 92.0267 141
2.9386 0000 92.0952 150
2.9799 0000 92.1616 164
3.0204 0000 92.1936 161
3.0608 0000 92.2148 158
3.1007 0000 92.2145 156
3.1399 0000 92.1818 170
3.1791 0000 92.1513 172
3.2185 0000 92.1295 190
3.2579 0000 92.1076 178
3.2977 0000 92.1051 181
3.3375 0000 92.1026 200
3.3774 0000 92.1023 225
3.4182 0000 92.1450 222
3.4590 0000 92.1835 203
3.4995 0000 92.2090 207
3.5408 0000 92.2669 210
3.5812 0000 92.2860 214
3.6210 0000 92.2835 197
3.6605 0000 92.2637 200
3.7007 0000 92.2764 190
3.7408 0000 92.2868 197
3.7810 0000 92.2973 203
3.8211 0000 92.3034 192
3.8609 0000 92.3009 158
3.8999 0000 92.2661 117
3.9386 0000 92.2183 89
3.9747 0000 92.0779 78
4.0147 0000 92.0841 91
4.0560 0000 92.1354 186
4.0963 0000 92.1523 358
4.1362 0000 92.1520 498
4.1760 0000 92.1495 556
4.2163 0000 92.1643 519
4.2566 0000 92.1812 516
4.2969 0000 92.1938 401
4.3370 0000 92.2043 329
4.3768 0000 92.1996 292
4.4169 0000 92.2079 258
4.4567 0000 92.2055 271
4.4967 0000 92.2094 281
4.5366 0000 92.2091 261
4.5755 0000 92.1765 214
4.6142 0000 92.1395 208
4.6541 0000 92.1392 199
4.6952 0000 92.1798 182
4.7395 0000 92.3219 178
4.7491 0000 91.3643 302
4.7891 0000 91.3725 321
4.8283 0000 91.3594 223
4.9000 0000 92.3465 185
4.9404 0000 92.3613 187
4.9803 0000 92.3632 210
5.0200 0000 92.3564 229
5.0596 0000 92.3474 235
5.0993 0000 92.3406 231
5.1385 0000 92.3187 253
5.1784 0000 92.3184 296
5.2177 0000 92.3008 352
5.2579 0000 92.3113 465
5.2971 0000 92.2894 478
5.3369 0000 92.2870 496
5.3772 0000 92.2974 483
5.4178 0000 92.3187 506
5.4577 0000 92.3184 502
5.4970 0000 92.3008 446
5.5365 0000 92.2919 381
5.5763 0000 92.2873 297
5.6147 0000 92.2482 219
5.6506 0000 92.1401 196
5.6873 0000 92.0558 182
5.7241 0000 91.9738 180
5.7627 0000 91.9434 146
5.8016 0000 91.9195 142
5.8410 0000 91.9084 137
5.8786 0000 91.8523 124
5.9153 0000 91.7727 110
5.9533 0000 91.7252 99
5.9918 0000 91.6949 122
6.0312 0000 91.6860 147
6.0706 0000 91.6772 145
6.1104 0000 91.6790 120
6.1516 0000 91.7152 108
6.1931 0000 91.7577 101
6.2331 0000 91.7639 134
6.2726 0000 91.7572 171
6.3124 0000 91.7590 172
6.3532 0000 91.7823 173
6.3947 0000 91.8249 181
6.4348 0000 91.8332 162
6.4747 0000 91.8351 164
6.5154 0000 91.8563 196
6.5562 0000 91.8796 266
6.5963 0000 91.8879 288
6.6363 0000 91.8919 287
6.6752 0000 91.8723 260
6.7143 0000 91.8570 243
6.7519 0000 91.8052 210
6.7910 0000 91.7899 175
6.8261 0000 91.6846 141
6.8608 0000 91.5709 159
6.8994 0000 91.5471 209
6.9394 0000 91.5532 195
6.9794 0000 91.5594 177
7.0200 0000 91.5783 180
7.0587 0000 91.5567 215
7.0974 0000 91.5350 215
7.1378 0000 91.5497 241
7.1776 0000 91.5516 228
7.2183 0000 91.5727 187
7.2583 0000 91.5788 180
7.2977 0000 91.5721 182
7.3365 0000 91.5526 176
7.3762 0000 91.5523 145
7.4160 0000 91.5542 121
7.4543 0000 91.5240 90
7.4901 0000 91.4425 70
7.5242 0000 91.3270 74
7.5623 0000 91.2947 98
7.6010 0000 91.2752 109
7.6410 0000 91.2835 120
7.6820 0000 91.3109 112
7.7220 0000 91.3171 111
7.7583 0000 91.2507 110
7.7918 0000 91.1269 106
7.8264 0000 91.0267 119
7.8647 0000 91.0009 131
7.9029 0000 90.9751 146
7.9419 0000 90.9642 135
7.9815 0000 90.9640 90
8.0224 0000 90.9892 53
8.0606 0000 90.9634 37
8.0948 0000 90.8591 34
8.1342 0000 90.8568 39
8.1754 0000 90.8883 41
8.2152 0000 90.8944 43
8.2549 0000 90.8963 49
8.2943 0000 90.8939 49
8.3335 0000 90.8873 55
8.3704 0000 90.8382 66
8.4094 0000 90.8273 89
8.4472 0000 90.7952 112
8.4850 0000 90.7632 171
8.5243 0000 90.7608 218
8.5640 0000 90.7627 248
8.6028 0000 90.7497 229
8.6421 0000 90.7473 208
8.6814 0000 90.7428 187
8.7216 0000 90.7552 165
8.7624 0000 90.7783 158
8.8032 0000 90.8014 124
8.8446 0000 90.8350 116
8.8862 0000 90.8708 99
8.9270 0000 90.8939 98
8.9668 0000 90.8979 90
9.0091 0000 90.9465 82
9.0509 0000 90.9845 77
9.0927 0000 91.0246 90
9.1324 0000 91.0265 119
9.1716 0000 91.0199 157
9.2105 0000 91.0090 193
9.2489 0000 90.9896 211
9.2885 0000 90.9893 184
9.3280 0000 90.9891 179
9.3673 0000 90.9846 200
9.4035 0000 90.9291 230
9.4415 0000 90.9033 256
9.4806 0000 90.8967 263
9.5182 0000 90.8646 262
9.5572 0000 90.8559 229
9.5964 0000 90.8514 176
9.6354 0000 90.8427 168
9.6721 0000 90.7979 198
9.7108 0000 90.7849 232
9.7497 0000 90.7741 237
9.7878 0000 90.7526 213
9.8270 0000 90.7481 215
9.8650 0000 90.7246 223
9.9037 0000 90.7116 234
9.9423 0000 90.6987 251
9.9802 0000 90.6730 223
10.0184 0000 90.6537 221
10.0581 0000 90.6577 189
10.1001 0000 90.6977 159
10.1404 0000 90.7102 145
10.1818 0000 90.7396 138
10.2220 0000 90.7521 153
10.2629 0000 90.7730 224
10.3022 0000 90.7706 355
10.3418 0000 90.7725 486
10.3814 0000 90.7744 554
10.4207 0000 90.7720 563
10.4602 0000 90.7718 498
10.4998 0000 90.7737 378
10.5381 0000 90.7565 254
10.5754 0000 90.7245 211
10.6119 0000 90.6798 161
10.6489 0000 90.6436 159
10.6877 0000 90.6349 150
10.7274 0000 90.6389 138
10.7679 0000 90.6535 128
10.8083 0000 90.6680 122
10.8514 0000 90.7207 113
10.8932 0000 90.7544 106
10.9323 0000 90.7499 114
10.9685 0000 90.7031 113
11.0028 0000 90.6288 104
11.0382 0000 90.5715 95
11.0740 0000 90.5206 104
11.1135 0000 90.5225 118
11.1534 0000 90.5286 149
11.1952 0000 90.5622 162
11.2355 0000 90.5746 169
11.2749 0000 90.5744 153
11.3131 0000 90.5573 130
11.3532 0000 90.5676 90
11.3906 0000 90.5399 59
11.4375 0000 90.6433 61
11.4794 0000 90.6769 84
11.5193 0000 90.6830 126
11.5610 0000 90.7145 190
11.6037 0000 90.7588 274
11.6441 0000 90.7713 315
11.6856 0000 90.7986 301
11.7260 0000 90.8111 296
11.7689 0000 90.8575 265
11.8096 0000 90.8742 225
11.8532 0000 90.9292 205
11.8954 0000 90.9651 172
11.9373 0000 90.9967 146
11.9775 0000 91.0050 111
12.0168 0000 91.0026 80
12.0537 0000 90.9684 55
12.0856 0000 90.8685 42
12.1005 0000 90.5487 48
12.1388 0000 90.5337 59
12.1791 0000 90.5462 81
12.2200 0000 90.5650 103
12.2597 0000 90.5690 115
12.3007 0000 90.5899 111
12.3408 0000 90.5981 82
12.3810 0000 90.6085 65
12.4232 0000 90.6442 62
12.4653 0000 90.6779 72
12.5070 0000 90.7073 68
12.5515 0000 90.7706 66
12.5949 0000 90.8212 65
12.6404 0000 90.8973 82
12.6819 0000 90.9226 100
12.7199 0000 90.9033 130
12.7566 0000 90.8691 155
12.7942 0000 90.8456 217
12.8329 0000 90.8369 267
12.8724 0000 90.8367 307
12.9130 0000 90.8513 299
12.9554 0000 90.8872 243
12.9962 0000 90.9039 199
13.0386 0000 90.9398 180
13.0793 0000 90.9545 110
13.1247 0000 91.0265 55
13.1853 0000 91.2816 51
13.2257 0000 91.2920 73
13.2649 0000 91.2875 90
13.3044 0000 91.2873 87
13.3459 0000 91.3106 79
13.4085 0000 91.5858 68
13.4589 0000 91.7140 94
13.5007 0000 91.7394 117
13.5412 0000 91.7499 135
13.5856 0000 91.8055 155
13.6267 0000 91.8224 182
13.6685 0000 91.8479 209
13.7087 0000 91.8541 204
13.7495 0000 91.8668 186
13.7871 0000 91.8430 188
13.8264 0000 91.8385 162
13.8640 0000 91.8147 123
13.9003 0000 91.7759 105
13.9386 0000 91.7607 85
13.9736 0000 91.7069 71
14.0107 0000 91.6789 76
14.0496 0000 91.6701 77
14.0856 0000 91.6292 66
14.1245 0000 91.6204 54
14.1629 0000 91.6074 50
14.2021 0000 91.6029 51
14.2477 0000 91.6711 50
14.3039 0000 91.8573 59
14.3527 0000 91.9601 75
14.3958 0000 91.9986 106
14.4400 0000 92.0499 134
14.4824 0000 92.0798 148
14.5258 0000 92.1204 178
14.5691 0000 92.1611 183
14.6117 0000 92.1931 213
14.6539 0000 92.2209 189
14.6950 0000 92.2358 167
14.7347 0000 92.2355 145
14.7717 0000 92.2051 137
14.8100 0000 92.1898 127
14.8471 0000 92.1616 114
14.8838 0000 92.1291 125
14.9227 0000 92.1203 147
14.9619 0000 92.1157 172
15.0042 0000 92.1435 162
15.0500 0000 92.2100 152
15.0937 0000 92.2528 155
15.1362 0000 92.2827 135
15.1761 0000 92.2846 127
15.2156 0000 92.2822 126
15.2555 0000 92.2842 136
15.2958 0000 92.2904 153
15.3371 0000 92.3074 174
15.3772 0000 92.3115 163
15.4179 0000 92.3220 145
15.4578 0000 92.3239 127
15.4964 0000 92.3129 105
15.5353 0000 92.3040 89
15.5725 0000 92.2779 82
15.6118 0000 92.2733 68
15.6496 0000 92.2537 61
15.6901 0000 92.2621 61
15.7322 0000 92.2877 71
15.7723 0000 92.2918 102
15.8140 0000 92.3131 138
15.8541 0000 92.3171 183
15.8940 0000 92.3190 217
15.9337 0000 92.3188 226
15.9733 0000 92.3185 205
16.0126 0000 92.3140 171
16.0514 0000 92.3051 140
16.0902 0000 92.2962 140
16.1303 0000 92.3003 158
16.1716 0000 92.3173 174
16.2149 0000 92.3537 190
16.2580 0000 92.3879 236
16.3017 0000 92.4286 250
16.3453 0000 92.4672 320
16.3878 0000 92.4950 345
16.4285 0000 92.5056 387
16.4711 0000 92.5334 461
16.5114 0000 92.5396 445
16.5482 0000 92.5113 341
16.5831 0000 92.4635 267
16.6175 0000 92.4115 261
16.6537 0000 92.3767 270
16.6911 0000 92.3549 232
16.7303 0000 92.3503 220
16.7702 0000 92.3522 221
16.8118 0000 92.3714 239
16.8501 0000 92.3582 212
16.8898 0000 92.3579 200
16.9298 0000 92.3620 188
16.9659 0000 92.3272 172
17.0011 0000 92.2839 179
17.0387 0000 92.2642 181
17.0774 0000 92.2554 176
17.1165 0000 92.2508 171
17.1532 0000 92.2226 180
17.1907 0000 92.2029 137
17.2299 0000 92.1984 96
17.2667 0000 92.1723 84
17.3058 0000 92.1677 92
17.3454 0000 92.1675 106
17.3857 0000 92.1737 102
17.4252 0000 92.1734 87
17.4634 0000 92.1603 81
17.4984 0000 92.1170 82
17.5425 0000 92.1597 82
17.5832 0000 92.1702 84
17.6228 0000 92.1700 88
17.6642 0000 92.1869 91
17.7019 0000 92.1695 82
17.7410 0000 92.1649 82
17.7742 0000 92.1066 83
17.8068 0000 92.0419 97
17.8447 0000 92.0267 120
17.8837 0000 92.0221 135
17.9232 0000 92.0219 141
17.9648 0000 92.0409 167
18.0079 0000 92.0729 163
18.0526 0000 92.1199 144
18.1001 0000 92.1927 145
18.1406 0000 92.2010 172
18.1802 0000 92.2008 205
18.2192 0000 92.1962 237
18.2588 0000 92.1959 261
18.2959 0000 92.1742 255
18.3345 0000 92.1653 262
18.3704 0000 92.1328 287
18.4087 0000 92.1218 286
18.4475 0000 92.1151 273
18.4877 0000 92.1213 272
18.5279 0000 92.1275 282
18.5672 0000 92.1251 281
18.6062 0000 92.1205 262
18.6449 0000 92.1138 244
18.6793 0000 92.0685 234
18.7180 0000 92.0618 228
18.7573 0000 92.0594 218
18.7972 0000 92.0634 197
18.8392 0000 92.0846 181
18.8789 0000 92.0865 146
18.8789 0000 91.7435 107
18.8872 0000 91.4743 192
18.9263 0000 91.4719 204
18.9643 0000 91.4610 165
19.0037 0000 91.4608 164
19.0432 0000 91.4627 151
19.0825 0000 91.4624 136
19.1221 0000 91.4643 129
19.1619 0000 91.4683 122
19.2014 0000 91.4702 129
19.2407 0000 91.4700 142
19.2677 0000 91.3654 130
19.2964 0000 91.2758 141
19.3324 0000 91.2480 144
19.3590 0000 91.1415 191
19.3972 0000 91.1328 255
19.4367 0000 91.1347 293
19.4751 0000 91.1281 310
19.5108 0000 91.0981 316
19.5479 0000 91.0809 397
19.5887 0000 91.0934 418
19.6309 0000 91.1186 435
19.6711 0000 91.1269 428
19.7121 0000 91.1415 354
19.7549 0000 91.1709 289
19.7972 0000 91.1961 187
19.8367 0000 91.1980 153
19.8733 0000 91.1765 137
19.9088 0000 91.1466 163
19.9459 0000 91.1294 192
19.9810 0000 91.0952 205
20.0175 0000 91.0737 225
20.0559 0000 91.0671 182
20.0943 0000 91.0605 138
20.1324 0000 91.0518 126
20.1692 0000 91.0325 151
20.2099 0000 91.0449 148
20.2503 0000 91.0553 143
20.2911 0000 91.0677 143
20.3302 0000 91.0675 147
20.3688 0000 91.0630 140
20.4080 0000 91.0628 126
20.4535 0000 91.1134 101
20.5031 0000 91.1959 82
20.5655 0000 91.3805 92
20.6128 0000 91.4441 117
20.6574 0000 91.4865 130
20.7083 0000 91.5779 157
20.7497 0000 91.5947 200
20.7870 0000 91.5795 199
20.8257 0000 91.5750 199
20.8642 0000 91.5684 182
20.9004 0000 91.5447 162
20.9347 0000 91.5061 123
20.9649 0000 91.4355 105
21.0003 0000 91.4055 99
21.0318 0000 91.3457 95
21.0691 0000 91.3306 95
21.1066 0000 91.3176 99
21.1455 0000 91.3152 107
21.1847 0000 91.3150 110
21.2235 0000 91.3126 115
21.2599 0000 91.2912 123
21.2991 0000 91.2909 135
21.3371 0000 91.2822 139
21.3682 0000 91.2204 153
21.4037 0000 91.1926 150
21.4423 0000 91.1881 156
21.4935 0000 91.2792 150
21.5410 0000 91.3428 151
21.5796 0000 91.3383 138
21.6227 0000 91.3679 114
21.6613 0000 91.3635 90
21.7011 0000 91.3675 73
21.7374 0000 91.3460 62
21.7431 0000 91.0953 81
21.7814 0000 91.0887 88
21.8162 0000 91.0568 87
21.8525 0000 91.0354 95
21.8913 0000 91.0331 101
21.9318 0000 91.0435 111
21.9717 0000 91.0497 147
22.0119 0000 91.0580 181
22.0516 0000 91.0620 174
22.0907 0000 91.0619 145
22.1289 0000 91.0553 141
22.1668 0000 91.0467 132
22.2036 0000 91.0296 108
22.2418 0000 91.0231 87
22.2800 0000 91.0166 89
22.3167 0000 90.9995 93
22.3558 0000 90.9994 100
22.3980 0000 91.0225 109
22.4371 0000 91.0224 117
22.4726 0000 90.9968 105
22.5096 0000 90.9819 90
22.5455 0000 90.9585 78
22.5825 0000 90.9435 66
22.6145 0000 90.8926 77
22.6558 0000 90.9094 92
22.6955 0000 90.9136 115
22.7348 0000 90.9156 122
22.7765 0000 90.9345 116
22.8164 0000 90.9408 107
22.8560 0000 90.9449 104
22.8921 0000 90.9236 88
22.9296 0000 90.9130 88
22.9686 0000 90.9129 91
23.0092 0000 90.9234 101
23.0518 0000 90.9487 117
23.0941 0000 90.9719 128
23.1346 0000 90.9824 104
23.1743 0000 90.9866 99
23.2121 0000 90.9780 99
23.2436 0000 90.9251 102
23.2723 0000 90.8531 105
23.3050 0000 90.8086 126
23.3443 0000 90.8106 115
23.3830 0000 90.8085 135
23.4216 0000 90.8063 154
23.4676 0000 90.8549 167
23.5158 0000 90.9183 159
23.5628 0000 90.9733 130
23.6086 0000 91.0199 140
23.6522 0000 91.0516 171
23.6934 0000 91.0664 171
23.7288 0000 91.0410 161
23.7619 0000 91.0007 166
23.7938 0000 90.9519 174
23.8322 0000 90.9476 167
23.8688 0000 90.9307 131
23.8938 0000 90.8354 117
23.9337 0000 90.8417 117
23.9736 0000 90.8480 91
24.0536 0000 91.1256 63
24.1209 0000 91.3167 65
24.1644 0000 91.3465 67
24.1934 0000 91.2784 78
24.2221 0000 91.2083 90
24.2517 0000 91.1446 95
24.2857 0000 91.1106 102
24.3238 0000 91.1043 111
24.3635 0000 91.1085 123
24.4032 0000 91.1127 129
24.4397 0000 91.0957 131
24.4733 0000 91.0597 101
24.5054 0000 91.0130 92
24.5386 0000 90.9748 79
24.5677 0000 90.9092 78
24.5997 0000 90.8626 86
24.6383 0000 90.8604 85
24.6735 0000 90.8350 72
24.6970 0000 90.7335 69
24.7272 0000 90.6764 82
24.7649 0000 90.6679 98
24.8044 0000 90.6721 93
24.8482 0000 90.7038 79
24.8972 0000 90.7694 62
24.9525 0000 90.8752 59
25.0016 0000 90.9409 65
