wt=151492110, DLLFiFo=0
-26.0033 0000 94.8839 150
-25.9594 0000 94.8569 145
-25.9183 0000 94.8498 155
-25.8785 0000 94.8516 163
-25.8346 0000 94.8246 185
-25.7954 0000 94.8308 183
-25.7624 0000 94.8788 148
-25.7277 0000 94.9158 161
-25.6873 0000 94.9132 186
-25.6462 0000 94.9060 196
-25.6064 0000 94.9078 189
-25.5682 0000 94.9205 180
-25.5331 0000 94.9554 163
-25.4971 0000 94.9837 175
-25.4573 0000 94.9854 177
-25.4169 0000 94.9827 167
-25.3745 0000 94.9668 161
-25.3369 0000 94.9840 133
-25.2993 0000 95.0012 129
-25.2676 0000 95.0604 127
-25.2378 0000 95.1330 125
-25.2117 0000 95.2323 116
-25.1862 0000 95.3361 130
-25.1557 0000 95.4045 146
-25.1160 0000 95.4085 159
-25.0755 0000 95.4058 170
-25.0387 0000 95.4298 172
-25.0028 0000 95.4605 171
-24.9672 0000 95.4934 184
-24.9278 0000 95.4996 220
-24.8869 0000 95.4947 320
-24.8479 0000 95.5032 408
-24.8080 0000 95.5050 481
-24.7671 0000 95.5001 474
-24.7256 0000 95.4907 356
-24.6878 0000 95.5081 241
-24.6561 0000 95.5700 225
-24.6204 0000 95.6029 200
-24.5801 0000 95.6025 175
-24.5444 0000 95.6355 169
-24.5068 0000 95.6551 156
-24.4750 0000 95.7171 154
-24.4386 0000 95.7457 192
-24.3977 0000 95.7408 216
-24.3531 0000 95.7092 191
-24.3071 0000 95.6663 166
-24.2580 0000 95.6012 136
-24.2141 0000 95.5741 140
-24.1741 0000 95.5758 138
-24.1347 0000 95.5821 145
-24.0950 0000 95.5861 154
-24.0517 0000 95.5634 126
-24.0040 0000 95.5073 104
-23.9556 0000 95.4467 119
-23.9085 0000 95.3951 130
-23.8718 0000 95.4214 131
-23.8398 0000 95.4833 152
-23.8013 0000 95.4962 149
-23.7599 0000 95.4869 115
-23.7128 0000 95.4352 109
-23.6693 0000 95.4103 157
-23.6290 0000 95.4099 207
-23.5893 0000 95.4139 239
-23.5482 0000 95.4068 237
-23.5073 0000 95.4019 258
-23.4661 0000 95.3948 251
-23.4253 0000 95.3900 240
-23.3856 0000 95.3940 214
-23.3499 0000 95.4292 164
-23.3175 0000 95.4889 119
-23.2948 0000 95.6244 127
-23.2591 0000 95.6597 174
-23.2176 0000 95.6504 180
-23.1741 0000 95.6254 165
-23.1326 0000 95.6160 167
-23.0957 0000 95.6424 170
-23.0571 0000 95.6554 200
-23.0176 0000 95.6617 207
-22.9787 0000 95.6724 170
-22.9420 0000 95.7010 119
-22.9019 0000 95.7028 114
-22.8610 0000 95.6980 129
-22.8186 0000 95.6819 145
-22.7814 0000 95.7061 162
-22.7424 0000 95.7168 167
-22.7026 0000 95.7209 168
-22.6642 0000 95.7361 160
-22.6244 0000 95.7402 161
-22.5843 0000 95.7420 141
-22.5467 0000 95.7640 125
-22.5080 0000 95.7770 98
-22.4718 0000 95.8101 96
-22.4353 0000 95.8410 85
-22.4066 0000 95.9346 73
-22.3689 0000 95.9566 62
-22.3318 0000 95.9831 53
-22.2858 0000 95.9379 57
-22.2412 0000 95.9039 73
-22.1978 0000 95.8789 95
-22.1568 0000 95.8740 90
-22.1164 0000 95.8736 94
-22.0757 0000 95.8710 103
-22.0366 0000 95.8817 96
-21.9997 0000 95.9104 96
-21.9628 0000 95.9392 97
-21.9279 0000 95.9836 104
-21.8877 0000 95.9854 106
-21.8464 0000 95.9783 104
-21.8187 0000 96.0833 98
-21.7893 0000 96.1749 117
-21.7561 0000 96.2352 142
-21.7151 0000 96.2303 158
-21.6600 0000 96.1086 177
-21.6184 0000 96.0993 188
-21.5750 0000 96.0742 206
-21.5339 0000 96.0693 189
-21.4932 0000 96.0667 160
-21.4551 0000 96.0865 155
-21.4189 0000 96.1220 168
-21.3781 0000 96.1194 193
-21.3349 0000 96.0966 226
-21.2931 0000 96.0850 218
-21.2508 0000 96.0689 189
-21.2074 0000 96.0438 163
-21.1616 0000 95.9986 138
-21.1169 0000 95.9624 136
-21.0697 0000 95.9038 143
-21.0258 0000 95.8743 136
-20.9861 0000 95.8806 146
-20.9459 0000 95.8825 136
-20.9055 0000 95.8821 124
-20.8650 0000 95.8817 115
-20.8256 0000 95.8903 110
-20.7869 0000 95.9056 120
-20.7491 0000 95.9276 126
-20.7094 0000 95.9340 130
-20.6712 0000 95.9538 133
-20.6320 0000 95.9646 120
-20.5951 0000 95.9956 93
-20.5620 0000 96.0603 81
-20.5309 0000 96.1430 94
-20.4932 0000 96.1673 125
-20.4580 0000 96.2142 153
-20.4182 0000 96.2205 171
-20.3830 0000 96.2674 191
-20.3455 0000 96.2940 201
-20.3052 0000 96.2959 212
-20.2626 0000 96.2776 209
-20.2218 0000 96.2750 220
-20.1790 0000 96.2544 236
-20.1389 0000 96.2585 238
-20.1013 0000 96.2851 255
-20.0620 0000 96.2960 220
-20.0237 0000 96.3159 153
-19.9846 0000 96.3291 129
-19.9401 0000 96.2927 113
-19.8960 0000 96.2609 130
-19.8569 0000 96.2740 183
-19.8169 0000 96.2782 276
-19.7763 0000 96.2778 340
-19.7369 0000 96.2887 298
-19.6961 0000 96.2861 266
-19.6563 0000 96.2926 259
-19.6174 0000 96.3080 267
-19.5821 0000 96.3572 272
-19.5435 0000 96.3748 260
-19.5041 0000 96.3858 238
-19.4632 0000 96.3832 202
-19.4221 0000 96.3783 178
-19.3830 0000 96.3915 213
-19.3462 0000 96.4272 245
-19.3116 0000 96.4833 273
-19.2738 0000 96.5100 306
-19.2281 0000 96.4623 298
-19.1854 0000 96.4417 270
-19.1369 0000 96.3669 263
-19.0932 0000 96.3373 316
-19.0547 0000 96.3572 349
-19.0127 0000 96.3434 426
-18.9742 0000 96.3633 390
-18.9350 0000 96.3765 357
-18.8976 0000 96.4077 354
-18.8584 0000 96.4209 333
-18.8192 0000 96.4341 305
-18.7825 0000 96.4721 278
-18.7423 0000 96.4763 260
-18.7042 0000 96.5008 221
-18.6640 0000 96.5050 204
-18.6242 0000 96.5137 216
-18.5866 0000 96.5427 258
-18.5463 0000 96.5469 264
-18.5029 0000 96.5195 226
-18.4581 0000 96.4785 203
-18.4106 0000 96.4105 155
-18.3636 0000 96.3470 117
-18.3230 0000 96.3467 107
-18.2832 0000 96.3554 113
-18.2426 0000 96.3550 117
-18.1988 0000 96.3231 102
-18.1582 0000 96.3228 96
-18.1238 0000 96.3856 104
-18.0872 0000 96.4258 126
-18.0487 0000 96.4481 121
-18.0058 0000 96.4252 132
-17.9654 0000 96.4271 139
-17.9212 0000 96.3907 134
-17.8750 0000 96.3340 137
-17.8312 0000 96.3021 201
-17.7901 0000 96.2972 217
-17.7497 0000 96.2992 189
-17.7163 0000 96.3732 147
-17.6891 0000 96.5128 154
-17.6554 0000 96.5848 185
-17.6175 0000 96.6138 192
-17.5766 0000 96.6112 194
-17.5333 0000 96.5838 200
-17.4917 0000 96.5744 184
-17.4479 0000 96.5424 177
-17.4070 0000 96.5398 172
-17.3667 0000 96.5440 169
-17.3232 0000 96.5143 151
-17.2775 0000 96.4620 179
-17.2338 0000 96.4301 198
-17.1936 0000 96.4342 194
-17.1539 0000 96.4452 154
-17.1196 0000 96.5126 133
-17.0850 0000 96.5778 177
-17.0489 0000 96.6272 240
-17.0094 0000 96.6405 291
-16.9692 0000 96.6469 320
-16.9283 0000 96.6443 341
-16.8869 0000 96.6372 306
-16.8451 0000 96.6255 244
-16.8024 0000 96.6048 246
-16.7611 0000 96.5977 288
-16.7189 0000 96.5815 284
-16.6783 0000 96.5834 291
-16.6402 0000 96.6125 348
-16.6003 0000 96.6212 391
-16.5591 0000 96.6163 379
-16.5202 0000 96.6364 320
-16.4804 0000 96.6473 334
-16.4405 0000 96.6560 377
-16.4003 0000 96.6625 385
-16.3599 0000 96.6667 344
-16.3236 0000 96.7161 301
-16.2840 0000 96.7294 289
-16.2462 0000 96.7630 293
-16.2084 0000 96.7967 263
-16.1692 0000 96.8145 276
-16.1260 0000 96.7869 289
-16.0853 0000 96.7888 371
-16.0469 0000 96.8157 468
-16.0071 0000 96.8267 484
-15.9684 0000 96.8513 454
-15.9282 0000 96.8578 454
-15.8871 0000 96.8551 461
-15.8457 0000 96.8480 461
-15.8043 0000 96.8408 410
-15.7632 0000 96.8382 328
-15.7179 0000 96.7857 275
-15.6749 0000 96.7604 241
-15.6291 0000 96.7011 198
-15.5850 0000 96.6623 189
-15.5432 0000 96.6506 195
-15.5035 0000 96.6638 199
-15.4667 0000 96.7110 200
-15.4271 0000 96.7243 232
-15.3866 0000 96.7284 231
-15.3479 0000 96.7530 197
-15.3099 0000 96.7867 154
-15.2740 0000 96.8453 150
-15.2363 0000 96.8835 147
-15.1928 0000 96.8513 173
-15.1520 0000 96.8510 220
-15.1118 0000 96.8597 255
-15.0715 0000 96.8661 228
-15.0323 0000 96.8862 166
-14.9913 0000 96.8836 106
-14.9645 0000 97.0559 87
-14.9064 0000 96.8443 117
-14.8639 0000 96.8235 147
-14.8234 0000 96.8276 175
-14.7827 0000 96.8295 229
-14.7434 0000 96.8496 244
-14.7029 0000 96.8538 268
-14.6621 0000 96.8534 284
-14.6210 0000 96.8508 288
-14.5803 0000 96.8527 277
-14.5414 0000 96.8772 262
-14.5010 0000 96.8837 222
-14.4605 0000 96.8879 203
-14.4200 0000 96.8920 191
-14.3789 0000 96.8894 199
-14.3377 0000 96.8845 207
-14.2952 0000 96.8637 199
-14.2516 0000 96.8293 151
-14.2106 0000 96.8266 147
-14.1702 0000 96.8330 152
-14.1309 0000 96.8531 155
-14.0905 0000 96.8595 151
-14.0514 0000 96.8818 174
-14.0120 0000 96.9019 210
-13.9703 0000 96.8902 263
-13.9269 0000 96.8580 336
-13.8881 0000 96.8849 307
-13.8484 0000 96.9004 246
-13.8083 0000 96.9114 195
-13.7661 0000 96.8928 159
-13.7240 0000 96.8766 108
-13.6795 0000 96.8285 77
-13.6357 0000 96.7896 61
-13.5881 0000 96.6985 51
-13.5498 0000 96.7321 50
-13.5094 0000 96.7386 59
-13.4740 0000 96.8130 80
-13.4344 0000 96.8308 101
-13.3952 0000 96.8531 102
-13.3516 0000 96.8164 71
-13.3050 0000 96.7367 73
-13.2613 0000 96.6978 106
-13.2185 0000 96.6702 117
-13.1761 0000 96.6494 143
-13.1341 0000 96.6332 129
-13.0920 0000 96.6147 89
-13.0490 0000 96.5849 60
-13.0104 0000 96.6162 43
0.0000 0000 0.0000 0
-12.9467 0000 96.8717 50
-12.9067 0000 96.8849 76
-12.8674 0000 96.9072 95
-12.8302 0000 96.9614 112
-12.7921 0000 97.0019 125
-12.7499 0000 96.9834 151
-12.7068 0000 96.9512 135
-12.6633 0000 96.9144 133
-12.6203 0000 96.8845 123
-12.5811 0000 96.9091 138
-12.5426 0000 96.9451 136
-12.5082 0000 97.0403 148
-12.4715 0000 97.1036 179
-12.4291 0000 97.0827 193
-12.3877 0000 97.0755 184
-12.3465 0000 97.0729 189
-12.3081 0000 97.1112 196
-12.2703 0000 97.1587 220
-12.2297 0000 97.1652 229
-12.1883 0000 97.1580 240
-12.1470 0000 97.1530 238
-12.1058 0000 97.1504 216
-12.0644 0000 97.1432 184
-12.0213 0000 97.1109 153
-11.9795 0000 97.0992 151
-11.9363 0000 97.0646 163
-11.8942 0000 97.0461 155
-11.8506 0000 97.0047 144
-11.8115 0000 97.0339 140
-11.7729 0000 97.0723 163
-11.7344 0000 97.1106 158
-11.6938 0000 97.1171 164
-11.6527 0000 97.1144 200
-11.6107 0000 97.0981 300
-11.5694 0000 97.0932 352
-11.5281 0000 97.0883 307
-11.4862 0000 97.0742 200
-11.4426 0000 97.0306 115
-11.4030 0000 97.0530 86
-11.3647 0000 97.0982 76
-11.3251 0000 97.1206 71
-11.2924 0000 97.2571 76
-11.2446 0000 97.1449 76
-11.2003 0000 97.0899 97
-11.1573 0000 97.0576 122
-11.1170 0000 97.0687 141
-11.0764 0000 97.0751 155
-11.0351 0000 97.0702 154
-10.9944 0000 97.0744 151
-10.9568 0000 97.1333 169
-10.9163 0000 97.1420 191
-10.8750 0000 97.1371 200
-10.8324 0000 97.1094 190
-10.7907 0000 97.0976 185
-10.7498 0000 97.0995 182
-10.7095 0000 97.1106 194
-10.6689 0000 97.1193 218
-10.6278 0000 97.1167 236
-10.5865 0000 97.1117 239
-10.5452 0000 97.1068 225
-10.5039 0000 97.1019 202
-10.4626 0000 97.0970 182
-10.4200 0000 97.0692 170
-10.3785 0000 97.0598 152
-10.3346 0000 97.0070 144
-10.2934 0000 97.0044 137
-10.2542 0000 97.0359 146
-10.2149 0000 97.0674 145
-10.1740 0000 97.0693 150
-10.1328 0000 97.0667 139
-10.0925 0000 97.0800 134
-10.0532 0000 97.1115 155
-10.0108 0000 97.0861 141
-9.9688 0000 97.0675 138
-9.9258 0000 97.0307 153
-9.8844 0000 97.0235 179
-9.8433 0000 97.0208 186
-9.8022 0000 97.0204 177
-9.7599 0000 96.9950 159
-9.7190 0000 96.9969 147
-9.6804 0000 97.0444 137
-9.6435 0000 97.1238 141
-9.6023 0000 97.1211 146
-9.5601 0000 97.0980 155
-9.5178 0000 97.0748 128
-9.4764 0000 97.0676 113
-9.4349 0000 97.0581 102
-9.3929 0000 97.0372 111
-9.3528 0000 97.0574 115
-9.3108 0000 97.0365 121
-9.2694 0000 97.0293 110
-9.2280 0000 97.0221 111
-9.1869 0000 97.0217 127
-9.1477 0000 97.0578 148
-9.1085 0000 97.0962 175
-9.0676 0000 97.1004 214
-9.0264 0000 97.0977 272
-8.9853 0000 97.0950 351
-8.9442 0000 97.0947 384
-8.9032 0000 97.0966 341
-8.8625 0000 97.1031 298
-8.8233 0000 97.1437 309
-8.7814 0000 97.1251 354
-8.7401 0000 97.1202 345
-8.6980 0000 97.0970 271
-8.6558 0000 97.0738 221
-8.6142 0000 97.0598 165
-8.5726 0000 97.0480 147
-8.5316 0000 97.0499 148
-8.4909 0000 97.0587 146
-8.4496 0000 97.0515 134
-8.4076 0000 97.0306 114
-8.3636 0000 96.9642 103
-8.3211 0000 96.9297 116
-8.2799 0000 96.9247 125
-8.2403 0000 96.9585 127
-8.2007 0000 96.9923 146
-8.1598 0000 96.9942 168
-8.1186 0000 96.9916 170
-8.0762 0000 96.9593 171
-8.0339 0000 96.9294 154
-7.9920 0000 96.9085 164
-7.9512 0000 96.9127 180
-7.9113 0000 96.9397 199
-7.8705 0000 96.9461 232
-7.8295 0000 96.9480 243
-7.7882 0000 96.9408 214
-7.7463 0000 96.9177 189
-7.7048 0000 96.9083 166
-7.6637 0000 96.9056 174
-7.6228 0000 96.9075 203
-7.5818 0000 96.9094 230
-7.5419 0000 96.9364 265
-7.5012 0000 96.9451 307
-7.4600 0000 96.9402 271
-7.4186 0000 96.9330 222
-7.3776 0000 96.9327 212
-7.3362 0000 96.9232 229
-7.2947 0000 96.9115 263
-7.2530 0000 96.8929 309
-7.2118 0000 96.8880 295
-7.1695 0000 96.8536 244
-7.1275 0000 96.8259 248
-7.0866 0000 96.8278 254
-7.0456 0000 96.8298 250
-7.0045 0000 96.8249 240
-6.9630 0000 96.8131 225
-6.9207 0000 96.7764 192
-6.8784 0000 96.7397 200
-6.8375 0000 96.7394 235
-6.7969 0000 96.7504 312
-6.7560 0000 96.7546 355
-6.7149 0000 96.7497 317
-6.6736 0000 96.7425 248
-6.6315 0000 96.7081 177
-6.5891 0000 96.6647 136
-6.5460 0000 96.6008 105
-6.5050 0000 96.6005 99
-6.4641 0000 96.6024 105
-6.4232 0000 96.6021 129
-6.3821 0000 96.5994 159
-6.3417 0000 96.6150 153
-6.3008 0000 96.6169 141
-6.2591 0000 96.5939 155
-6.2180 0000 96.5890 176
-6.1770 0000 96.5841 175
-6.1358 0000 96.5770 146
-6.0934 0000 96.5291 119
-6.0511 0000 96.4857 107
-6.0084 0000 96.4242 100
-5.9670 0000 96.4103 98
-5.9252 0000 96.3783 86
-5.8836 0000 96.3554 86
-5.8442 0000 96.4048 79
-5.8041 0000 96.4339 77
-5.7632 0000 96.4335 94
-5.7223 0000 96.4332 111
-5.6821 0000 96.4577 149
-5.6413 0000 96.4619 203
-5.6012 0000 96.4910 226
-5.5604 0000 96.4952 250
-5.5183 0000 96.4496 279
-5.4771 0000 96.4402 290
-5.4354 0000 96.4105 259
-5.3943 0000 96.4011 238
-5.3533 0000 96.3962 227
-5.3133 0000 96.4298 223
-5.2733 0000 96.4657 239
-5.2325 0000 96.4699 238
-5.1913 0000 96.4605 230
-5.1493 0000 96.4149 250
-5.1068 0000 96.3513 295
-5.0648 0000 96.3057 320
-5.0230 0000 96.2670 274
-4.9804 0000 96.1944 249
-4.9391 0000 96.1760 251
-4.8978 0000 96.1554 258
-4.8569 0000 96.1550 275
-4.8161 0000 96.1547 283
-4.7755 0000 96.1634 285
-4.7356 0000 96.2060 306
-4.6962 0000 96.2711 307
-4.6555 0000 96.2776 281
-4.6151 0000 96.2976 239
-4.5748 0000 96.3243 240
-4.5339 0000 96.3240 249
-4.4930 0000 96.3214 271
-4.4527 0000 96.3482 310
-4.4120 0000 96.3569 318
-4.3713 0000 96.3634 312
-4.3304 0000 96.3631 302
-4.2894 0000 96.3582 259
-4.2478 0000 96.3217 251
-4.2067 0000 96.3078 234
-4.1653 0000 96.2804 228
-4.1250 0000 96.3094 257
-4.0847 0000 96.3385 259
-4.0438 0000 96.3381 256
-4.0018 0000 96.2768 261
-3.9597 0000 96.2110 268
-3.9183 0000 96.1790 257
-3.8774 0000 96.1764 260
-3.8370 0000 96.2032 267
-3.7967 0000 96.2345 253
-3.7560 0000 96.2432 223
-3.7152 0000 96.2428 195
-3.6743 0000 96.2380 173
-3.6325 0000 96.1812 164
-3.5911 0000 96.1516 171
-3.5489 0000 96.0656 195
-3.5080 0000 96.0607 185
-3.4673 0000 96.0626 159
-3.4265 0000 96.0668 160
-3.3858 0000 96.0710 173
-3.3449 0000 96.0662 169
-3.3034 0000 96.0208 154
-3.2616 0000 95.9484 187
-3.2205 0000 95.9278 206
-3.1798 0000 95.9320 227
-3.1391 0000 95.9384 222
-3.0989 0000 95.9853 213
-3.0585 0000 96.0143 198
-3.0178 0000 96.0230 185
-2.9779 0000 96.0880 180
-2.9374 0000 96.1102 192
-2.8970 0000 96.1459 221
-2.8566 0000 96.1840 219
-2.8153 0000 96.1408 188
-2.7742 0000 96.1224 151
-2.7332 0000 96.1085 118
-2.6911 0000 95.9910 115
-2.6503 0000 95.9907 118
-2.6102 0000 96.0534 124
-2.5706 0000 96.1726 114
-2.5304 0000 96.2287 129
-2.4899 0000 96.2645 186
-2.4488 0000 96.2438 248
-2.4080 0000 96.2457 318
-2.3672 0000 96.2454 347
-2.3261 0000 96.2248 372
-2.2852 0000 96.2154 360
-2.2443 0000 96.2083 330
-2.2032 0000 96.1854 275
-2.1624 0000 96.1805 245
-2.1214 0000 96.1689 218
-2.0802 0000 96.1235 221
-2.0391 0000 96.0893 220
-1.9982 0000 96.0732 263
-1.9574 0000 96.0729 266
-1.9168 0000 96.1018 238
-1.8762 0000 96.1376 201
-1.8355 0000 96.1553 189
-1.7949 0000 96.1978 178
-1.7544 0000 96.2449 155
-1.7137 0000 96.2739 156
-1.6728 0000 96.2690 134
-1.6319 0000 96.2642 109
-1.5910 0000 96.2503 104
-1.5502 0000 96.2612 124
-1.5095 0000 96.3015 169
-1.4688 0000 96.3328 177
-1.4283 0000 96.4116 194
-1.3875 0000 96.4543 213
-1.3467 0000 96.4766 251
-1.3057 0000 96.4536 218
-1.2648 0000 96.4487 176
-1.2239 0000 96.4461 133
-1.1831 0000 96.4729 112
-1.1423 0000 96.5134 116
-1.1015 0000 96.5493 154
-1.0606 0000 96.5580 185
-1.0197 0000 96.5894 195
-0.9788 0000 96.6298 229
-0.9380 0000 96.6976 259
-0.8971 0000 96.7335 263
-0.8562 0000 96.7695 287
-0.8152 0000 96.8010 282
-0.7742 0000 96.8097 295
-0.7333 0000 96.8594 301
-0.6923 0000 96.8340 295
-0.6513 0000 96.7996 327
-0.6103 0000 96.7902 343
-0.5693 0000 96.7853 332
-0.5283 0000 96.7895 317
-0.4873 0000 96.7960 310
-0.4463 0000 96.7979 294
-0.4054 0000 96.7953 275
-0.3644 0000 96.7949 267
-0.3234 0000 96.7878 267
-0.2824 0000 96.7783 276
-0.2415 0000 96.7553 309
-0.2005 0000 96.7595 323
-0.1596 0000 96.7569 353
-0.1186 0000 96.7497 385
-0.0776 0000 96.7494 384
-0.0366 0000 96.7536 379
0.0044 0000 96.7600 366
0.0454 0000 96.7642 327
0.0864 0000 96.7707 302
0.1274 0000 96.7863 259
0.1684 0000 96.7882 237
0.2095 0000 96.8038 226
0.2505 0000 96.8193 197
0.2916 0000 96.8281 180
0.3325 0000 96.8232 149
0.3735 0000 96.8160 118
0.4145 0000 96.8134 97
0.4553 0000 96.7881 91
0.4961 0000 96.7582 88
0.5369 0000 96.7351 110
0.5775 0000 96.6826 149
0.6184 0000 96.6777 177
0.6594 0000 96.6842 173
0.7008 0000 96.7315 139
0.7419 0000 96.7493 99
0.7831 0000 96.7853 75
0.8248 0000 96.8600 64
0.8664 0000 96.9279 69
0.9075 0000 96.9390 83
0.9486 0000 96.9500 99
0.9898 0000 96.9679 98
1.0308 0000 96.9653 90
1.0721 0000 96.9945 79
1.1135 0000 97.0352 62
1.1550 0000 97.0714 54
1.1956 0000 97.0368 55
1.2364 0000 97.0068 63
1.2774 0000 97.0065 89
1.3181 0000 96.9788 130
1.3591 0000 96.9739 181
1.4003 0000 96.9941 249
1.4417 0000 97.0211 246
1.4829 0000 97.0344 221
1.5243 0000 97.0614 157
1.5663 0000 97.1364 123
1.6085 0000 97.2274 126
1.6500 0000 97.2521 161
1.6905 0000 97.2153 160
1.7312 0000 97.1807 157
1.7722 0000 97.1780 146
1.8140 0000 97.2302 137
1.8559 0000 97.2870 131
1.8980 0000 97.3553 155
1.9396 0000 97.3870 209
1.9809 0000 97.3981 254
2.0224 0000 97.4229 276
2.0635 0000 97.4203 311
2.1042 0000 97.3948 356
2.1453 0000 97.3899 355
2.1860 0000 97.3666 306
2.2269 0000 97.3526 281
2.2680 0000 97.3499 259
2.3092 0000 97.3542 233
2.3506 0000 97.3744 214
2.3918 0000 97.3787 186
2.4331 0000 97.3852 185
2.4750 0000 97.4283 190
2.5169 0000 97.4738 232
2.5587 0000 97.5056 238
2.6002 0000 97.5258 262
2.6413 0000 97.5255 278
2.6826 0000 97.5320 301
2.7243 0000 97.5569 296
2.7654 0000 97.5566 292
2.8065 0000 97.5517 291
2.8467 0000 97.5055 314
2.8877 0000 97.4983 334
2.9288 0000 97.4956 328
2.9701 0000 97.5022 307
3.0119 0000 97.5316 308
3.0530 0000 97.5313 298
3.0940 0000 97.5218 294
3.1346 0000 97.4963 321
3.1757 0000 97.4959 339
3.2168 0000 97.4933 372
3.2576 0000 97.4792 361
3.2996 0000 97.5178 355
3.3412 0000 97.5359 363
3.3830 0000 97.5653 361
3.4244 0000 97.5719 361
3.4660 0000 97.5922 330
3.5071 0000 97.5896 315
3.5484 0000 97.5938 299
3.5896 0000 97.5981 286
3.6308 0000 97.5954 276
3.6713 0000 97.5699 277
3.7125 0000 97.5719 263
3.7545 0000 97.6036 274
3.7964 0000 97.6331 285
3.8377 0000 97.6374 319
3.8788 0000 97.6371 315
3.9199 0000 97.6322 278
3.9608 0000 97.6226 226
4.0010 0000 97.5879 180
4.0414 0000 97.5578 156
4.0827 0000 97.5620 154
4.1246 0000 97.5892 169
4.1657 0000 97.5889 205
4.2069 0000 97.5886 229
4.2482 0000 97.5951 238
4.2903 0000 97.6269 224
4.3317 0000 97.6358 229
4.3731 0000 97.6423 243
4.4143 0000 97.6443 249
4.4555 0000 97.6440 236
4.4966 0000 97.6437 220
4.5385 0000 97.6686 199
4.5805 0000 97.6935 199
4.6209 0000 97.6680 207
4.6620 0000 97.6676 211
4.7034 0000 97.6719 214
4.7445 0000 97.6716 220
4.7865 0000 97.6965 220
4.8281 0000 97.7100 231
4.8695 0000 97.7166 223
4.9112 0000 97.7323 204
4.9512 0000 97.6975 149
4.9887 0000 97.5825 145
5.0280 0000 97.5271 166
5.0686 0000 97.5085 199
5.1097 0000 97.5081 201
5.1507 0000 97.5055 213
5.1918 0000 97.5029 252
5.2329 0000 97.5026 272
5.2739 0000 97.4977 228
5.3149 0000 97.4928 170
5.3567 0000 97.5131 134
5.3982 0000 97.5243 147
5.4401 0000 97.5446 173
5.4814 0000 97.5511 145
5.5239 0000 97.5875 107
5.5675 0000 97.6561 123
5.6096 0000 97.6833 172
5.6510 0000 97.6899 213
5.6914 0000 97.6666 224
5.7306 0000 97.6135 224
5.7707 0000 97.5856 242
5.8118 0000 97.5830 204
5.8528 0000 97.5781 168
5.8939 0000 97.5778 158
5.9355 0000 97.5890 155
5.9771 0000 97.6024 132
6.0201 0000 97.6503 110
6.0632 0000 97.7005 106
6.1078 0000 97.7875 128
6.1519 0000 97.8631 169
6.1953 0000 97.9181 216
6.2369 0000 97.9293 257
6.2783 0000 97.9336 282
6.3197 0000 97.9379 299
6.3619 0000 97.9606 297
6.4041 0000 97.9856 327
6.4450 0000 97.9761 329
6.4842 0000 97.9251 332
6.5249 0000 97.9133 338
6.5658 0000 97.9061 335
6.6069 0000 97.9011 310
6.6463 0000 97.8594 259
6.6884 0000 97.8798 214
6.7315 0000 97.9232 228
6.7731 0000 97.9321 244
6.8143 0000 97.9318 253
6.8553 0000 97.9269 233
6.8962 0000 97.9197 192
6.9370 0000 97.9079 154
6.9768 0000 97.8753 132
7.0167 0000 97.8451 131
7.0580 0000 97.8471 147
7.0992 0000 97.8468 154
7.1391 0000 97.8189 130
7.1795 0000 97.8001 127
7.2200 0000 97.7837 151
7.2622 0000 97.8064 148
7.3037 0000 97.8130 148
7.3451 0000 97.8173 137
7.3877 0000 97.8469 117
7.4300 0000 97.8719 122
7.4702 0000 97.8486 131
7.5109 0000 97.8391 134
7.5519 0000 97.8342 149
7.5934 0000 97.8407 170
7.6357 0000 97.8634 174
7.6782 0000 97.8908 201
7.7215 0000 97.9342 173
7.7639 0000 97.9592 151
7.8065 0000 97.9866 135
7.8493 0000 98.0185 112
7.8912 0000 98.0320 113
7.9337 0000 98.0571 121
7.9734 0000 98.0268 108
8.0142 0000 98.0173 99
8.0538 0000 97.9847 116
8.0947 0000 97.9775 139
8.1357 0000 97.9726 143
8.1773 0000 97.9792 143
8.2190 0000 97.9881 139
8.2618 0000 98.0200 111
8.3054 0000 98.0658 109
8.3481 0000 98.0932 94
8.3859 0000 98.0260 83
8.4222 0000 97.9312 89
8.4599 0000 97.8642 113
8.5006 0000 97.8547 141
8.5419 0000 97.8566 162
8.5830 0000 97.8540 179
8.6230 0000 97.8307 202
8.6628 0000 97.8051 181
8.7035 0000 97.7956 215
8.7460 0000 97.8206 237
8.7905 0000 97.8824 195
8.8390 0000 98.0180 194
8.8848 0000 98.1007 262
8.9273 0000 98.1235 276
8.9696 0000 98.1439 307
9.0110 0000 98.1459 293
9.0524 0000 98.1479 281
9.0949 0000 98.1707 265
9.1348 0000 98.1473 263
9.1757 0000 98.1401 271
9.2155 0000 98.1144 277
9.2567 0000 98.1141 270
9.2981 0000 98.1161 282
9.3406 0000 98.1388 309
9.3834 0000 98.1662 285
9.4249 0000 98.1705 277
9.4664 0000 98.1748 287
9.5078 0000 98.1768 320
9.5477 0000 98.1534 345
9.5888 0000 98.1508 368
9.6299 0000 98.1482 371
9.6711 0000 98.1479 383
9.7112 0000 98.1291 439
9.7538 0000 98.1519 413
9.7965 0000 98.1770 399
9.8377 0000 98.1767 363
9.8776 0000 98.1533 316
9.9184 0000 98.1460 286
9.9577 0000 98.1134 273
9.9983 0000 98.1039 251
10.0389 0000 98.0944 240
10.0785 0000 98.0664 226
10.1192 0000 98.0592 239
10.1606 0000 98.0612 264
10.2019 0000 98.0632 277
10.2416 0000 98.0398 279
10.2822 0000 98.0303 255
10.3226 0000 98.0161 244
10.3616 0000 97.9813 278
10.4011 0000 97.9556 268
10.4420 0000 97.9507 237
10.4815 0000 97.9251 218
10.5224 0000 97.9202 217
10.5638 0000 97.9245 215
10.6051 0000 97.9265 193
10.6460 0000 97.9216 149
10.6871 0000 97.9213 107
10.7323 0000 97.9831 98
10.7757 0000 98.0174 111
10.8129 0000 97.9572 141
10.8509 0000 97.9086 167
10.8892 0000 97.8645 167
10.9285 0000 97.8366 203
10.9685 0000 97.8203 226
11.0091 0000 97.8131 186
11.0486 0000 97.7875 127
11.0874 0000 97.7527 117
11.1280 0000 97.7455 116
11.1691 0000 97.7452 132
11.2115 0000 97.7656 144
11.2537 0000 97.7814 159
11.2953 0000 97.7880 161
11.3375 0000 97.8037 175
11.3801 0000 97.8264 147
11.4236 0000 97.8606 136
11.4674 0000 97.8994 101
11.5091 0000 97.9083 91
11.5482 0000 97.8781 108
11.5870 0000 97.8456 120
11.6273 0000 97.8338 157
11.6668 0000 97.8105 184
11.7080 0000 97.8125 232
11.7478 0000 97.7938 185
11.7876 0000 97.7751 165
11.8282 0000 97.7679 156
11.8693 0000 97.7676 149
11.9118 0000 97.7880 130
11.9567 0000 97.8405 86
12.0060 0000 97.9552 78
12.0516 0000 98.0171 82
12.0934 0000 98.0260 90
12.1372 0000 98.0625 94
12.1808 0000 98.0968 121
12.2235 0000 98.1172 137
12.2643 0000 98.1123 166
12.3034 0000 98.0844 173
12.3442 0000 98.0794 172
12.3865 0000 98.0953 169
12.4305 0000 98.1341 186
12.4761 0000 98.1938 212
12.5190 0000 98.2166 273
12.5621 0000 98.2416 286
12.6046 0000 98.2598 323
12.6461 0000 98.2641 328
12.6894 0000 98.2915 306
12.7311 0000 98.2981 292
12.7726 0000 98.3024 252
12.8134 0000 98.2975 198
12.8521 0000 98.2649 158
12.8890 0000 98.2092 131
12.9300 0000 98.2065 126
12.9733 0000 98.2339 119
13.0167 0000 98.2636 131
13.0559 0000 98.2379 116
13.0904 0000 98.1522 106
13.1206 0000 98.0114 125
13.1584 0000 97.9696 165
13.1951 0000 97.9141 200
13.2358 0000 97.9092 233
13.2773 0000 97.9135 231
13.3187 0000 97.9178 202
13.3629 0000 97.9566 175
13.4056 0000 97.9770 177
13.4472 0000 97.9836 202
13.4883 0000 97.9833 205
13.5284 0000 97.9714 179
13.5680 0000 97.9527 148
13.6050 0000 97.9018 127
13.6410 0000 97.8394 116
13.6804 0000 97.8184 114
13.7210 0000 97.8135 130
13.7639 0000 97.8362 143
13.8108 0000 97.9071 151
13.8655 0000 98.0726 149
13.9142 0000 98.1645 176
13.9582 0000 98.1988 201
13.9995 0000 98.2007 221
14.0404 0000 98.1981 248
14.0813 0000 98.1955 264
14.1224 0000 98.1952 276
14.1635 0000 98.1949 285
14.2040 0000 98.1876 274
14.2428 0000 98.1597 236
14.2829 0000 98.1478 222
14.3187 0000 98.0853 215
14.3586 0000 98.0711 221
14.4003 0000 98.0777 240
14.4439 0000 98.1074 247
14.4852 0000 98.1093 249
14.5241 0000 98.0837 241
14.5642 0000 98.0718 209
14.6000 0000 98.0117 177
14.6385 0000 97.9814 167
14.6795 0000 97.9811 155
14.7182 0000 97.9532 137
14.7608 0000 97.9713 143
14.8012 0000 97.9640 148
14.8411 0000 97.9499 141
14.8772 0000 97.8944 127
14.9156 0000 97.8642 121
14.9556 0000 97.8524 97
14.9956 0000 97.8406 91
15.0357 0000 97.8311 110
15.0755 0000 97.8170 119
15.1167 0000 97.8190 121
15.1558 0000 97.7980 121
15.1933 0000 97.7586 105
15.2328 0000 97.7423 110
15.2731 0000 97.7351 123
15.3133 0000 97.7256 129
15.3530 0000 97.7115 136
15.3914 0000 97.6836 146
15.4286 0000 97.6420 122
15.4685 0000 97.6303 112
15.5090 0000 97.6254 108
15.5497 0000 97.6228 100
15.5885 0000 97.5995 102
15.6292 0000 97.5969 124
15.6701 0000 97.5966 140
15.7108 0000 97.5940 146
15.7507 0000 97.5822 146
15.7911 0000 97.5774 157
15.8303 0000 97.5587 173
15.8712 0000 97.5584 200
15.9141 0000 97.5787 229
15.9576 0000 97.6059 216
15.9998 0000 97.6193 208
16.0435 0000 97.6488 176
16.0870 0000 97.6760 151
16.1183 0000 97.5748 151
16.1588 0000 97.5700 163
16.2003 0000 97.5765 182
16.2454 0000 97.6197 213
16.2931 0000 97.6905 244
16.3360 0000 97.7108 275
16.3830 0000 97.7724 300
16.4268 0000 97.8020 342
16.4675 0000 97.7994 337
16.5057 0000 97.7715 267
16.5402 0000 97.7046 220
16.5766 0000 97.6585 211
16.6143 0000 97.6261 197
16.6527 0000 97.6006 212
16.6931 0000 97.5957 215
16.7342 0000 97.5977 228
16.7774 0000 97.6202 246
16.8183 0000 97.6199 299
16.8589 0000 97.6173 366
16.8975 0000 97.5941 394
16.9381 0000 97.5915 413
16.9783 0000 97.5843 424
17.0189 0000 97.5817 424
17.0600 0000 97.5837 408
17.1009 0000 97.5834 381
17.1417 0000 97.5831 352
17.1828 0000 97.5851 324
17.2262 0000 97.6100 301
17.2675 0000 97.6142 244
17.3089 0000 97.6185 195
17.3488 0000 97.6090 176
17.3856 0000 97.5698 183
17.4203 0000 97.5100 194
17.4605 0000 97.5028 215
17.5013 0000 97.5025 215
17.5416 0000 97.4976 197
17.5791 0000 97.4653 169
17.6130 0000 97.3987 161
17.6521 0000 97.3824 181
17.6922 0000 97.3753 214
17.7327 0000 97.3727 233
17.7735 0000 97.3724 228
17.8143 0000 97.3721 201
17.8550 0000 97.3718 156
17.8953 0000 97.3669 131
17.9361 0000 97.3666 135
17.9776 0000 97.3732 147
18.0188 0000 97.3774 169
18.0657 0000 97.4342 197
18.1084 0000 97.4522 207
18.1509 0000 97.4679 199
18.1925 0000 97.4745 180
18.2355 0000 97.4948 159
18.2755 0000 97.4876 125
18.3108 0000 97.4370 94
18.3479 0000 97.4024 76
18.3842 0000 97.3610 59
18.4277 0000 97.3859 59
18.4694 0000 97.3947 65
18.5137 0000 97.4264 71
18.5552 0000 97.4329 85
18.6007 0000 97.4761 102
18.6422 0000 97.4826 121
18.6825 0000 97.4778 138
18.7172 0000 97.4226 155
18.7564 0000 97.4086 170
18.7961 0000 97.3992 201
18.8371 0000 97.4011 213
18.8791 0000 97.4123 181
18.9206 0000 97.4188 153
18.9657 0000 97.4574 150
19.0103 0000 97.4914 141
19.0536 0000 97.5139 129
19.0961 0000 97.5297 127
19.1387 0000 97.5454 132
19.1787 0000 97.5382 123
19.2091 0000 97.4464 107
19.2376 0000 97.3388 113
19.2752 0000 97.3111 141
19.3125 0000 97.2811 138
19.3517 0000 97.2671 136
19.3929 0000 97.2714 132
19.4346 0000 97.2802 152
19.4789 0000 97.3118 167
19.5215 0000 97.3275 144
19.5703 0000 97.3980 112
19.6263 0000 97.5303 96
19.6763 0000 97.6101 103
19.7255 0000 97.6830 88
19.7775 0000 97.7790 73
19.8268 0000 97.8521 74
19.8793 0000 97.9529 87
19.9244 0000 97.9893 121
19.9690 0000 98.0212 144
20.0117 0000 98.0369 170
20.0536 0000 98.0458 194
20.0944 0000 98.0455 202
20.1347 0000 98.0406 181
20.1715 0000 98.0058 161
20.2063 0000 97.9549 129
20.2430 0000 97.9201 127
20.2844 0000 97.9244 124
20.3265 0000 97.9356 122
20.3706 0000 97.9628 127
20.4147 0000 97.9900 114
20.4593 0000 98.0219 116
20.5045 0000 98.0584 146
20.5492 0000 98.0902 167
20.5903 0000 98.0922 180
20.6308 0000 98.0896 174
20.6702 0000 98.0777 167
20.7102 0000 98.0705 153
20.7510 0000 98.0702 132
20.7890 0000 98.0468 124
20.8359 0000 98.0971 116
20.8823 0000 98.1428 103
20.9265 0000 98.1701 92
20.9763 0000 98.2434 86
21.0205 0000 98.2708 90
21.0619 0000 98.2750 92
21.0996 0000 98.2493 96
21.1433 0000 98.2720 109
21.1847 0000 98.2763 110
21.2295 0000 98.3082 105
21.2752 0000 98.3471 102
21.3220 0000 98.3952 110
21.3640 0000 98.4041 116
21.4080 0000 98.4291 113
21.4529 0000 98.4611 118
21.4943 0000 98.4654 117
21.5392 0000 98.4974 105
21.5804 0000 98.4994 100
21.6250 0000 98.5291 87
21.6653 0000 98.5241 84
21.6475 0000 98.0581 64
21.6564 0000 97.8052 97
21.7006 0000 97.8324 94
21.7416 0000 97.8343 100
21.7855 0000 97.8592 98
21.8282 0000 97.8749 110
21.8704 0000 97.8861 118
21.9140 0000 97.9087 117
21.9550 0000 97.9106 114
22.0022 0000 97.9608 91
22.0623 0000 98.1122 72
22.1214 0000 98.2546 80
22.1716 0000 98.3280 103
22.2157 0000 98.3530 107
22.2571 0000 98.3573 118
22.3023 0000 98.3916 131
22.3473 0000 98.4235 158
22.3920 0000 98.4532 153
22.4340 0000 98.4621 153
22.4820 0000 98.5172 153
22.5271 0000 98.5493 140
22.5679 0000 98.5489 126
22.6075 0000 98.5393 112
22.6429 0000 98.4974 106
22.6730 0000 98.4162 121
22.7105 0000 98.3905 147
22.7491 0000 98.3740 143
22.7899 0000 98.3737 140
22.8297 0000 98.3665 134
22.8696 0000 98.3592 150
22.9119 0000 98.3704 156
22.9542 0000 98.3816 162
22.9961 0000 98.3905 159
23.0406 0000 98.4179 141
23.0823 0000 98.4245 131
23.1240 0000 98.4311 128
23.1653 0000 98.4354 127
23.2098 0000 98.4628 130
23.2506 0000 98.4625 115
23.2873 0000 98.4322 97
23.3271 0000 98.4249 82
23.3625 0000 98.3854 78
23.4014 0000 98.3713 82
23.4418 0000 98.3686 90
23.4822 0000 98.3660 108
23.5217 0000 98.3565 132
23.5684 0000 98.4000 125
23.6113 0000 98.4159 110
23.6527 0000 98.4202 98
23.6896 0000 98.3922 97
23.7287 0000 98.3804 84
23.7678 0000 98.3686 74
23.8085 0000 98.3683 68
23.8508 0000 98.3795 65
23.8995 0000 98.4369 66
23.9463 0000 98.4805 62
23.9960 0000 98.5449 73
24.0377 0000 98.5515 93
24.0848 0000 98.5974 118
24.1259 0000 98.5995 132
24.1679 0000 98.6084 139
24.2093 0000 98.6127 165
24.2536 0000 98.6379 174
24.2963 0000 98.6515 160
24.3383 0000 98.6605 134
24.3826 0000 98.6856 115
24.4156 0000 98.6298 116
24.4560 0000 98.6272 118
24.4928 0000 98.5992 113
24.5335 0000 98.5989 93
24.5798 0000 98.6380 88
24.6301 0000 98.7047 90
24.6715 0000 98.7091 89
24.7119 0000 98.7065 81
24.7645 0000 98.7895 75
24.8102 0000 98.8240 80
24.8513 0000 98.8260 89
24.8931 0000 98.8327 97
24.9345 0000 98.8370 102
24.9776 0000 98.8530 117
25.0133 0000 98.8180 146
25.0537 0000 98.8154 155
25.0958 0000 98.8243 128
25.1393 0000 98.8426 89
25.1820 0000 98.8562 80
25.2231 0000 98.8582 92
25.2639 0000 98.8580 96
25.3030 0000 98.8461 87
25.3413 0000 98.8296 86
25.3831 0000 98.8363 96
25.4262 0000 98.8522 107
25.4707 0000 98.8774 119
25.5159 0000 98.9072 97
25.5600 0000 98.9301 91
25.6059 0000 98.9646 107
25.6463 0000 98.9620 105
25.6523 0000 98.7257 73
25.6721 0000 98.5845 71
25.6804 0000 98.3653 100
25.7217 0000 98.3696 119
25.7630 0000 98.3740 117
25.8067 0000 98.3944 96
25.8477 0000 98.3965 76
25.9929 0000 99.0965 59
26.0336 0000 99.0962 71
26.0703 0000 99.0681 79
26.1107 0000 99.0655 88
26.1518 0000 99.0676 96
26.1940 0000 99.0765 110
26.2352 0000 99.0786 117
