wt=153523980, DLLFiFo=0
-24.5630 0000 85.0999 92
-24.5249 0000 85.0972 105
-24.4863 0000 85.0906 107
-24.4444 0000 85.0623 81
-24.4023 0000 85.0321 71
-24.3633 0000 85.0236 69
-24.3259 0000 85.0248 73
-24.2890 0000 85.0300 83
-24.2507 0000 85.0254 103
-24.2144 0000 85.0345 129
-24.1760 0000 85.0298 165
-24.1383 0000 85.0291 180
-24.0979 0000 85.0107 154
-24.0599 0000 85.0081 127
-24.0363 0000 85.1037 115
-24.0160 0000 85.2230 115
-23.9897 0000 85.3012 119
-23.9550 0000 85.3221 104
-23.9175 0000 85.3234 98
-23.8799 0000 85.3247 97
-23.8423 0000 85.3259 102
-23.8056 0000 85.3331 111
-23.7721 0000 85.3620 119
-23.7444 0000 85.4324 113
-23.7119 0000 85.4692 121
-23.6791 0000 85.5041 107
-23.6452 0000 85.5310 108
-23.6078 0000 85.5343 117
-23.5708 0000 85.5395 125
-23.5391 0000 85.5823 133
-23.5011 0000 85.5817 152
-23.4587 0000 85.5493 166
-23.4202 0000 85.5447 148
-23.3823 0000 85.5440 107
-23.3472 0000 85.5631 79
-23.3123 0000 85.5841 74
-23.2808 0000 85.6290 91
-23.2428 0000 85.6283 93
-23.2051 0000 85.6296 93
-23.1683 0000 85.6369 103
-23.1301 0000 85.6342 105
-23.0905 0000 85.6217 105
-23.0489 0000 85.5953 92
-23.0069 0000 85.5649 78
-22.9676 0000 85.5544 58
-22.9217 0000 85.4964 49
-22.8835 0000 85.4937 48
-22.8499 0000 85.5247 64
-22.8117 0000 85.5221 93
-22.7654 0000 85.4602 123
-22.7248 0000 85.4398 146
-22.6820 0000 85.4036 155
-22.6376 0000 85.3556 153
-22.5989 0000 85.3491 191
-22.5589 0000 85.3327 288
-22.5210 0000 85.3320 365
-22.4817 0000 85.3216 406
-22.4412 0000 85.3012 379
-22.4030 0000 85.2986 347
-22.3643 0000 85.2921 293
-22.3256 0000 85.2856 246
-22.2877 0000 85.2850 217
-22.2508 0000 85.2923 206
-22.2140 0000 85.2996 205
-22.1760 0000 85.2990 199
-22.1368 0000 85.2886 180
-22.0955 0000 85.2624 168
-22.0544 0000 85.2381 142
-22.0157 0000 85.2317 133
-21.9773 0000 85.2272 151
-21.9386 0000 85.2207 193
-21.8976 0000 85.1965 261
-21.8576 0000 85.1802 311
-21.8212 0000 85.1914 393
-21.7830 0000 85.1889 372
-21.7451 0000 85.1884 300
-21.7187 0000 85.2765 211
-21.6948 0000 85.3845 195
-21.6643 0000 85.4413 185
-21.6263 0000 85.4408 171
-21.5919 0000 85.4679 163
-21.5544 0000 85.4714 151
-21.5151 0000 85.4610 136
-21.4722 0000 85.4229 125
-21.4279 0000 85.3730 111
-21.3866 0000 85.3469 115
-21.3461 0000 85.3266 116
-21.3076 0000 85.3222 139
-21.2689 0000 85.3158 164
-21.2304 0000 85.3113 181
-21.1921 0000 85.3089 168
-21.1536 0000 85.3044 123
-21.1131 0000 85.2842 88
-21.0751 0000 85.2837 64
-21.0362 0000 85.2754 60
-20.9910 0000 85.2177 51
-20.9488 0000 85.1837 41
0.0000 0000 0.0000 0
0.0000 0000 0.0000 0
0.0000 0000 0.0000 0
0.0000 0000 0.0000 0
0.0000 0000 0.0000 0
0.0000 0000 0.0000 0
0.0000 0000 0.0000 0
0.0000 0000 0.0000 0
0.0000 0000 0.0000 0
0.0000 0000 0.0000 0
0.0000 0000 0.0000 0
0.0000 0000 0.0000 0
0.0000 0000 0.0000 0
0.0000 0000 0.0000 0
0.0000 0000 0.0000 0
0.0000 0000 0.0000 0
0.0000 0000 0.0000 0
0.0000 0000 0.0000 0
0.0000 0000 0.0000 0
0.0000 0000 0.0000 0
0.0000 0000 0.0000 0
0.0000 0000 0.0000 0
0.0000 0000 0.0000 0
0.0000 0000 0.0000 0
0.0000 0000 0.0000 0
0.0000 0000 0.0000 0
0.0000 0000 0.0000 0
0.0000 0000 0.0000 0
0.0000 0000 0.0000 0
0.0000 0000 0.0000 0
0.0000 0000 0.0000 0
0.0000 0000 0.0000 0
0.0000 0000 0.0000 0
-19.2679 0000 81.8873 44
-19.2306 0000 81.8868 60
-19.1929 0000 81.8826 79
-19.1525 0000 81.8556 78
-19.1117 0000 81.8248 83
-19.0648 0000 81.7430 85
-19.0201 0000 81.6783 130
-18.9797 0000 81.6514 174
-18.9396 0000 81.6264 208
-18.9013 0000 81.6165 191
-18.8641 0000 81.6160 186
-18.8295 0000 81.6381 177
-18.7936 0000 81.6490 180
-18.7620 0000 81.6976 198
-18.7256 0000 81.7046 215
-18.6886 0000 81.7060 204
-18.6516 0000 81.7074 174
-18.6162 0000 81.7239 159
-18.5749 0000 81.6876 161
-18.5320 0000 81.6380 208
-18.4939 0000 81.6300 233
-18.4562 0000 81.6257 233
-18.4190 0000 81.6252 232
-18.3824 0000 81.6304 215
-18.3458 0000 81.6356 192
-18.3081 0000 81.6313 180
-18.2677 0000 81.6025 167
-18.2298 0000 81.5964 169
-18.1898 0000 81.5713 183
-18.1526 0000 81.5709 171
-18.1153 0000 81.5704 151
-18.0777 0000 81.5661 143
-18.0375 0000 81.5392 146
-18.0007 0000 81.5425 160
-17.9630 0000 81.5383 216
-17.9252 0000 81.5321 262
-17.8860 0000 81.5147 229
-17.8480 0000 81.5067 215
-17.8093 0000 81.4930 226
-17.7717 0000 81.4887 230
-17.7346 0000 81.4901 249
-17.6976 0000 81.4915 269
-17.6608 0000 81.4948 245
-17.6248 0000 81.5056 212
-17.5900 0000 81.5278 194
-17.5501 0000 81.5028 218
-17.5114 0000 81.4891 213
-17.4691 0000 81.4415 174
-17.4287 0000 81.4109 152
-17.3892 0000 81.3897 143
-17.3526 0000 81.3949 143
-17.3202 0000 81.4396 160
-17.2836 0000 81.4448 143
-17.2470 0000 81.4499 143
-17.2097 0000 81.4494 173
-17.1717 0000 81.4414 255
-17.1335 0000 81.4315 339
-17.0958 0000 81.4273 359
-17.0572 0000 81.4136 356
-17.0176 0000 81.3905 288
-16.9788 0000 81.3750 261
-16.9389 0000 81.3482 210
-16.8983 0000 81.3157 205
-16.8601 0000 81.3058 186
-16.8231 0000 81.3072 151
-16.7838 0000 81.2861 125
-16.7462 0000 81.2818 126
-16.7059 0000 81.2513 132
-16.6675 0000 81.2395 127
-16.6247 0000 81.1845 106
-16.5764 0000 81.0752 91
-16.5358 0000 81.0410 78
-16.4900 0000 80.9562 70
-16.4552 0000 80.9782 105
-16.4173 0000 80.9702 181
-16.3800 0000 80.9679 253
-16.3419 0000 80.9580 277
-16.3023 0000 80.9332 257
-16.2644 0000 80.9252 246
-16.2273 0000 80.9248 223
-16.1903 0000 80.9261 196
-16.1534 0000 80.9275 167
-16.1183 0000 80.9476 145
-16.0833 0000 80.9677 123
-16.0461 0000 80.9673 127
-16.0090 0000 80.9668 149
-15.9718 0000 80.9663 184
-15.9327 0000 80.9452 227
-15.8955 0000 80.9447 241
-15.8606 0000 80.9667 235
-15.8235 0000 80.9662 249
-15.7860 0000 80.9620 259
-15.7487 0000 80.9597 249
-15.7093 0000 80.9367 256
-15.6718 0000 80.9325 259
-15.6345 0000 80.9301 222
-15.5978 0000 80.9334 176
-15.5606 0000 80.9329 155
-15.5192 0000 80.8875 146
-15.4813 0000 80.8795 143
-15.4433 0000 80.8697 147
-15.4012 0000 80.8169 158
-15.3634 0000 80.8089 188
-15.3265 0000 80.8103 259
-15.2897 0000 80.8136 328
-15.2526 0000 80.8131 326
-15.2157 0000 80.8145 285
-15.1790 0000 80.8177 244
-15.1418 0000 80.8172 193
-15.1065 0000 80.8355 160
-15.0692 0000 80.8331 146
-15.0295 0000 80.8046 148
-14.9901 0000 80.7798 137
-14.9527 0000 80.7756 151
-14.9113 0000 80.7284 194
-14.8714 0000 80.6981 229
-14.8330 0000 80.6827 284
-14.7952 0000 80.6747 376
-14.7580 0000 80.6724 478
-14.7211 0000 80.6738 517
-14.6845 0000 80.6789 502
-14.6480 0000 80.6840 467
-14.6114 0000 80.6891 427
-14.5748 0000 80.6942 414
-14.5401 0000 80.7199 388
-14.5059 0000 80.7511 405
-14.4698 0000 80.7619 386
-14.4357 0000 80.7950 341
-14.3993 0000 80.8020 271
-14.3653 0000 80.8370 239
-14.3310 0000 80.8683 247
-14.2939 0000 80.8678 308
-14.2567 0000 80.8655 397
-14.2195 0000 80.8650 472
-14.1826 0000 80.8664 447
-14.1483 0000 80.8977 365
-14.1170 0000 80.9646 386
-14.0825 0000 80.9941 470
-14.0468 0000 81.0105 450
-14.0110 0000 81.0250 465
-13.9743 0000 81.0301 422
-13.9383 0000 81.0428 347
-13.9021 0000 81.0535 289
-13.8689 0000 81.0999 268
-13.8327 0000 81.1107 257
-13.7996 0000 81.1571 252
-13.7694 0000 81.2393 239
-13.7389 0000 81.3178 254
-13.7083 0000 81.3963 299
-13.6733 0000 81.4222 288
-13.6384 0000 81.4500 266
-13.6020 0000 81.4589 216
-13.5690 0000 81.5093 187
-13.5347 0000 81.5447 199
-13.5001 0000 81.5763 224
-13.4646 0000 81.5985 240
-13.4278 0000 81.6036 252
-13.3926 0000 81.6277 265
-13.3559 0000 81.6348 248
-13.3207 0000 81.6608 212
-13.2876 0000 81.7113 182
-13.2598 0000 81.8282 168
-13.2339 0000 81.9698 246
-13.1970 0000 81.9750 344
-13.1612 0000 81.9935 380
-13.1247 0000 82.0045 393
-13.0879 0000 82.0116 327
-13.0514 0000 82.0225 213
-13.0143 0000 82.0258 157
-12.9832 0000 82.1051 149
-12.9468 0000 82.1180 148
-12.9136 0000 82.1707 145
-12.8781 0000 82.1950 154
-12.8406 0000 82.1945 162
-12.8038 0000 82.2017 167
-12.7690 0000 82.2355 171
-12.7348 0000 82.2769 188
-12.6976 0000 82.2802 193
-12.6625 0000 82.3103 198
-12.6273 0000 82.3403 249
-12.5904 0000 82.3475 279
-12.5528 0000 82.3451 262
-12.5157 0000 82.3504 219
-12.4811 0000 82.3880 196
-12.4461 0000 82.4200 234
-12.4099 0000 82.4367 281
-12.3711 0000 82.4191 257
-12.3327 0000 82.4072 223
-12.2936 0000 82.3858 187
-12.2544 0000 82.3624 137
-12.2165 0000 82.3562 119
-12.1775 0000 82.3348 120
-12.1398 0000 82.3324 105
-12.1022 0000 82.3301 79
-12.0643 0000 82.3239 68
-12.0264 0000 82.3177 67
-11.9889 0000 82.3173 81
-11.9528 0000 82.3359 96
-11.9142 0000 82.3202 106
-11.8783 0000 82.3426 112
-11.8411 0000 82.3460 119
-11.8012 0000 82.3112 122
-11.7613 0000 82.2765 154
-11.7215 0000 82.2436 165
-11.6803 0000 82.1899 161
-11.6417 0000 82.1742 142
-11.5992 0000 82.1015 129
-11.5611 0000 82.0915 114
-11.5234 0000 82.0873 101
-11.4840 0000 82.0583 105
-11.4442 0000 82.0237 121
-11.4048 0000 81.9947 168
-11.3658 0000 81.9715 194
-11.3280 0000 81.9654 216
-11.2906 0000 81.9649 225
-11.2536 0000 81.9702 220
-11.2163 0000 81.9716 225
-11.1791 0000 81.9750 246
-11.1421 0000 81.9803 239
-11.1046 0000 81.9798 197
-11.0672 0000 81.9794 171
-11.0302 0000 81.9846 173
-10.9927 0000 81.9842 172
-10.9548 0000 81.9762 160
-10.9166 0000 81.9643 160
-10.8786 0000 81.9544 184
-10.8426 0000 81.9768 213
-10.8077 0000 82.0143 255
-10.7707 0000 82.0215 295
-10.7347 0000 82.0438 316
-10.6976 0000 82.0491 288
-10.6606 0000 82.0544 246
-10.6249 0000 82.0825 222
-10.5883 0000 82.0954 193
-10.5526 0000 82.1235 168
-10.5169 0000 82.1497 168
-10.4809 0000 82.1740 151
-10.4434 0000 82.1736 150
-10.4056 0000 82.1674 158
-10.3680 0000 82.1651 169
-10.3306 0000 82.1666 177
-10.2928 0000 82.1604 183
-10.2534 0000 82.1295 201
-10.2157 0000 82.1253 209
-10.1766 0000 82.0983 220
-10.1376 0000 82.0731 188
-10.0986 0000 82.0461 167
-10.0611 0000 82.0456 143
-10.0236 0000 82.0452 129
-9.9876 0000 82.0695 121
-9.9485 0000 82.0406 129
-9.9112 0000 82.0439 161
-9.8740 0000 82.0473 197
-9.8363 0000 82.0431 212
-9.7984 0000 82.0351 212
-9.7608 0000 82.0327 196
-9.7235 0000 82.0342 165
-9.6861 0000 82.0357 135
-9.6473 0000 82.0125 117
-9.6096 0000 82.0083 100
-9.5722 0000 82.0078 89
-9.5359 0000 82.0283 84
-9.4988 0000 82.0336 81
-9.4615 0000 82.0370 95
-9.4245 0000 82.0442 108
-9.3871 0000 82.0457 136
-9.3477 0000 82.0110 158
-9.3078 0000 81.9669 183
-9.2677 0000 81.9190 174
-9.2301 0000 81.9148 136
-9.1912 0000 81.8878 102
-9.1519 0000 81.8532 86
-9.1129 0000 81.8244 80
-9.0752 0000 81.8202 75
-9.0411 0000 81.8804 88
-9.0053 0000 81.9104 125
-8.9671 0000 81.8967 182
-8.9278 0000 81.8602 271
-8.8891 0000 81.8370 302
-8.8505 0000 81.8139 366
-8.8129 0000 81.8097 420
-8.7755 0000 81.8111 493
-8.7372 0000 81.7937 497
-8.6985 0000 81.7686 502
-8.6601 0000 81.7492 412
-8.6235 0000 81.7640 399
-8.5865 0000 81.7730 334
-8.5488 0000 81.7669 331
-8.5104 0000 81.7457 379
-8.4723 0000 81.7320 355
-8.4350 0000 81.7335 325
-8.3994 0000 81.7710 273
-8.3628 0000 81.7857 220
-8.3284 0000 81.8460 193
-8.2938 0000 81.9044 182
-8.2594 0000 81.9647 186
-8.2237 0000 82.0004 223
-8.1862 0000 82.0000 292
-8.1474 0000 81.9730 324
-8.1096 0000 81.9650 318
-8.0721 0000 81.9646 298
-8.0358 0000 81.9889 301
-7.9985 0000 81.9923 303
-7.9610 0000 81.9919 313
-7.9235 0000 81.9895 330
-7.8861 0000 81.9910 357
-7.8478 0000 81.9735 404
-7.8103 0000 81.9712 410
-7.7729 0000 81.9727 387
-7.7372 0000 82.0122 345
-7.7001 0000 82.0194 297
-7.6628 0000 82.0228 275
-7.6254 0000 82.0262 267
-7.5905 0000 82.0829 260
-7.5565 0000 82.1605 281
-7.5187 0000 82.1544 304
-7.4801 0000 82.1293 308
-7.4437 0000 82.1536 305
-7.4075 0000 82.1837 291
-7.3704 0000 82.1947 262
-7.3333 0000 82.2039 222
-7.2958 0000 82.2054 206
-7.2590 0000 82.2221 191
-7.2205 0000 82.1989 174
-7.1827 0000 82.1908 148
-7.1449 0000 82.1847 130
-7.1065 0000 82.1633 131
-7.0680 0000 82.1401 126
-7.0296 0000 82.1168 135
-6.9910 0000 82.0917 158
-6.9532 0000 82.0837 191
-6.9155 0000 82.0795 215
-6.8783 0000 82.0848 230
-6.8417 0000 82.1091 256
-6.8051 0000 82.1316 250
-6.7695 0000 82.1788 237
-6.7337 0000 82.2242 196
-6.6997 0000 82.3154 190
-6.6645 0000 82.3762 198
-6.6281 0000 82.4063 225
-6.5904 0000 82.4021 238
-6.5518 0000 82.3769 215
-6.5139 0000 82.3670 192
-6.4764 0000 82.3685 169
-6.4396 0000 82.3910 159
-6.4030 0000 82.4174 131
-6.3658 0000 82.4266 120
-6.3301 0000 82.4779 109
-6.2927 0000 82.4851 98
-6.2551 0000 82.4847 92
-6.2176 0000 82.4863 95
-6.1810 0000 82.5165 111
-6.1439 0000 82.5295 116
-6.1070 0000 82.5522 118
-6.0688 0000 82.5345 97
-6.0330 0000 82.5859 97
-5.9987 0000 82.6852 122
-5.9633 0000 82.7520 183
-5.9272 0000 82.7978 247
-5.8897 0000 82.8032 292
-5.8520 0000 82.8028 314
-5.8154 0000 82.8351 309
-5.7777 0000 82.8367 277
-5.7410 0000 82.8671 222
-5.7038 0000 82.8821 182
-5.6671 0000 82.9144 162
-5.6304 0000 82.9468 138
-5.5955 0000 83.0370 130
-5.5601 0000 83.1099 128
-5.5248 0000 83.1887 140
-5.4894 0000 83.2675 138
-5.4549 0000 83.3755 148
-5.4196 0000 83.4604 176
-5.3840 0000 83.5357 210
-5.3463 0000 83.5392 226
-5.3098 0000 83.5873 233
-5.2724 0000 83.6045 242
-5.2362 0000 83.6604 261
-5.1997 0000 83.7106 279
-5.1622 0000 83.7239 286
-5.1250 0000 83.7507 264
-5.0879 0000 83.7776 253
-5.0508 0000 83.8084 200
-5.0146 0000 83.8703 156
-4.9846 0000 84.1628 144
-4.9502 0000 84.2955 192
-4.9122 0000 84.2952 188
-4.8743 0000 84.3007 158
-4.8370 0000 84.3297 147
-4.7993 0000 84.3450 162
-4.7625 0000 84.3917 174
-4.7245 0000 84.3953 184
-4.6865 0000 84.3969 169
-4.6497 0000 84.4495 126
-4.6143 0000 84.5572 96
-4.5801 0000 84.7161 111
-4.5435 0000 84.7788 109
-4.5075 0000 84.8672 92
-4.4737 0000 85.0505 111
-4.4365 0000 85.0917 149
-4.4002 0000 85.1745 164
-4.3629 0000 85.2157 178
-4.3254 0000 85.2490 191
-4.2875 0000 85.2645 192
-4.2501 0000 85.3038 195
-4.2120 0000 85.3094 185
-4.1742 0000 85.3348 172
-4.1360 0000 85.3384 200
-4.0976 0000 85.3321 233
-4.0592 0000 85.3258 234
-4.0208 0000 85.3235 228
-3.9820 0000 85.2993 221
-3.9426 0000 85.2474 216
-3.9035 0000 85.2054 217
-3.8641 0000 85.1516 213
-3.8256 0000 85.1393 204
-3.7866 0000 85.0994 193
-3.7487 0000 85.1149 171
-3.7110 0000 85.1462 159
-3.6740 0000 85.2112 123
-3.6372 0000 85.2881 95
-3.6006 0000 85.3771 82
-3.5644 0000 85.4899 71
-3.5281 0000 85.6010 80
-3.4914 0000 85.6943 99
-3.4536 0000 85.7278 133
-3.4156 0000 85.7514 123
-3.3774 0000 85.7610 108
-3.3394 0000 85.7885 92
-3.3011 0000 85.7942 71
-3.2631 0000 85.8158 61
-3.2247 0000 85.8154 48
-3.1862 0000 85.8131 42
0.0000 0000 0.0000 0
0.0000 0000 0.0000 0
0.0000 0000 0.0000 0
-3.0025 0000 83.8204 36
-2.9645 0000 83.8181 39
-2.9261 0000 83.7886 39
-2.8882 0000 83.7883 33
0.0000 0000 0.0000 0
0.0000 0000 0.0000 0
-2.7569 0000 82.4919 46
-2.7190 0000 82.4686 74
-2.6812 0000 82.4587 105
-2.6435 0000 82.4488 116
-2.6056 0000 82.4275 103
-2.5677 0000 82.4061 97
-2.5300 0000 82.3981 75
-2.4924 0000 82.3940 52
-2.4545 0000 82.3650 38
0.0000 0000 0.0000 0
-2.3735 0000 81.8480 36
-2.3361 0000 81.8458 42
-2.2986 0000 81.8435 43
-2.2605 0000 81.7882 39
0.0000 0000 0.0000 0
0.0000 0000 0.0000 0
-2.1420 0000 81.1484 41
-2.1044 0000 81.1180 61
-2.0669 0000 81.0914 93
-2.0295 0000 81.0835 126
-1.9922 0000 81.0757 134
-1.9544 0000 81.0246 125
-1.9166 0000 80.9604 112
-1.8789 0000 80.9038 91
-1.8410 0000 80.8154 69
-1.8029 0000 80.6952 62
-1.7641 0000 80.4818 75
-1.7266 0000 80.4181 115
-1.6891 0000 80.3675 157
-1.6518 0000 80.3392 152
-1.6145 0000 80.3017 144
-1.5771 0000 80.2641 125
-1.5397 0000 80.2099 119
-1.5025 0000 80.1743 124
-1.4653 0000 80.1442 122
-1.4282 0000 80.1421 125
-1.3911 0000 80.1418 126
-1.3541 0000 80.1415 118
-1.3169 0000 80.1189 100
-1.2797 0000 80.0851 92
-1.2424 0000 80.0069 87
-1.2052 0000 79.9658 95
-1.1681 0000 79.9303 88
-1.1310 0000 79.8800 78
-1.0939 0000 79.8501 70
-1.0568 0000 79.8017 65
-1.0198 0000 79.7700 70
-0.9827 0000 79.7382 68
-0.9457 0000 79.7084 73
-0.9088 0000 79.7007 89
-0.8718 0000 79.6413 117
-0.8348 0000 79.6060 147
-0.7979 0000 79.5725 187
-0.7609 0000 79.5519 191
-0.7240 0000 79.5443 194
-0.6871 0000 79.4961 195
-0.6502 0000 79.4829 201
-0.6134 0000 79.4385 210
-0.5765 0000 79.4308 227
-0.5397 0000 79.4084 229
-0.5028 0000 79.4082 228
-0.4659 0000 79.4281 223
-0.4290 0000 79.4315 201
-0.3921 0000 79.4386 184
-0.3552 0000 79.4438 175
-0.3184 0000 79.4436 176
-0.2815 0000 79.4378 190
-0.2447 0000 79.4136 213
-0.2079 0000 79.3857 187
-0.1711 0000 79.3744 164
-0.1344 0000 79.3282 143
-0.0976 0000 79.3169 129
-0.0609 0000 79.2927 121
-0.0242 0000 79.2667 102
0.0125 0000 79.2371 106
0.0492 0000 79.2020 107
0.0857 0000 79.1485 111
0.1224 0000 79.1336 113
0.1590 0000 79.0857 112
0.1957 0000 79.0836 109
0.2325 0000 79.0851 106
0.2693 0000 79.0830 103
0.3059 0000 79.0590 110
0.3425 0000 79.0313 112
0.3792 0000 79.0218 127
0.4157 0000 78.9777 143
0.4524 0000 78.9719 152
0.4891 0000 78.9698 168
0.5258 0000 78.9623 187
0.5622 0000 78.9145 188
0.5986 0000 78.8740 165
0.6346 0000 78.7898 162
0.6708 0000 78.7330 153
0.7069 0000 78.6689 153
0.7433 0000 78.6377 183
0.7800 0000 78.6374 205
0.8164 0000 78.6172 212
0.8530 0000 78.6078 230
0.8894 0000 78.5784 235
0.9257 0000 78.5472 259
0.9623 0000 78.5397 265
0.9986 0000 78.5104 255
1.0346 0000 78.4501 256
1.0703 0000 78.3700 260
1.1063 0000 78.3171 255
1.1426 0000 78.2878 272
1.1791 0000 78.2821 279
1.2157 0000 78.2783 283
1.2521 0000 78.2617 286
1.2887 0000 78.2614 311
1.3253 0000 78.2612 339
1.3619 0000 78.2627 370
1.3984 0000 78.2589 401
1.4350 0000 78.2550 414
1.4713 0000 78.2348 383
1.5079 0000 78.2327 364
1.5444 0000 78.2270 352
1.5802 0000 78.1761 352
1.6167 0000 78.1704 363
1.6533 0000 78.1701 365
1.6902 0000 78.1934 351
1.7268 0000 78.1932 342
1.7635 0000 78.1966 325
1.8005 0000 78.2253 319
1.8372 0000 78.2287 307
1.8737 0000 78.2284 287
1.9103 0000 78.2282 261
1.9473 0000 78.2515 242
1.9841 0000 78.2585 208
2.0211 0000 78.2818 186
2.0576 0000 78.2797 162
2.0938 0000 78.2523 146
2.1303 0000 78.2466 150
2.1666 0000 78.2300 176
2.2032 0000 78.2334 191
2.2398 0000 78.2313 183
2.2759 0000 78.2057 151
2.3107 0000 78.1150 140
2.3457 0000 78.0351 152
2.3808 0000 77.9626 178
2.4173 0000 77.9588 190
2.4538 0000 77.9585 199
2.4904 0000 77.9583 221
2.5269 0000 77.9562 247
2.5633 0000 77.9542 259
2.5998 0000 77.9503 253
2.6360 0000 77.9338 227
2.6729 0000 77.9516 222
2.7095 0000 77.9568 204
2.7466 0000 77.9818 180
2.7832 0000 77.9852 166
2.8192 0000 77.9597 160
2.8556 0000 77.9522 147
2.8920 0000 77.9483 141
2.9280 0000 77.9246 155
2.9640 0000 77.9027 150
3.0004 0000 77.8989 149
3.0369 0000 77.8968 136
3.0735 0000 77.9002 119
3.1105 0000 77.9198 117
3.1470 0000 77.9178 112
3.1840 0000 77.9392 105
3.2206 0000 77.9408 106
3.2573 0000 77.9459 108
3.2939 0000 77.9511 107
3.3310 0000 77.9744 103
3.3668 0000 77.9452 109
3.4033 0000 77.9432 113
3.4387 0000 77.8996 113
3.4757 0000 77.9174 116
3.5117 0000 77.8991 144
3.5482 0000 77.9007 174
3.5852 0000 77.9167 205
3.6217 0000 77.9165 195
3.6576 0000 77.8928 163
3.6933 0000 77.8637 160
3.7296 0000 77.8581 149
3.7663 0000 77.8650 142
3.8030 0000 77.8702 140
3.8400 0000 77.8880 126
3.8760 0000 77.8698 125
3.9122 0000 77.8623 119
3.9486 0000 77.8567 120
3.9851 0000 77.8564 130
4.0209 0000 77.8346 134
4.0571 0000 77.8253 139
4.0928 0000 77.7981 145
4.1278 0000 77.7528 139
4.1633 0000 77.7220 128
4.1980 0000 77.6642 132
4.2325 0000 77.6029 147
4.2670 0000 77.5434 173
4.3025 0000 77.5144 189
4.3381 0000 77.4891 210
4.3743 0000 77.4853 195
4.4106 0000 77.4815 164
4.4454 0000 77.4346 139
4.4805 0000 77.3950 127
4.5155 0000 77.3554 134
4.5503 0000 77.3086 129
4.5859 0000 77.2869 124
4.6221 0000 77.2813 113
4.6581 0000 77.2722 104
4.6931 0000 77.2326 94
4.7293 0000 77.2306 85
4.7656 0000 77.2304 84
4.8027 0000 77.2499 87
4.8391 0000 77.2533 91
4.8755 0000 77.2549 88
4.9126 0000 77.2761 89
4.9490 0000 77.2777 87
4.9852 0000 77.2739 82
5.0197 0000 77.2237 79
5.0540 0000 77.1699 80
5.0899 0000 77.1589 84
5.1259 0000 77.1498 89
5.1606 0000 77.1104 101
5.1969 0000 77.1102 124
5.2332 0000 77.1082 164
5.2685 0000 77.0848 190
5.3044 0000 77.0739 217
5.3397 0000 77.0488 216
5.3750 0000 77.0254 216
5.4108 0000 77.0127 193
5.4452 0000 76.9680 165
5.4812 0000 76.9625 139
5.5165 0000 76.9374 127
5.5500 0000 76.8713 135
5.5841 0000 76.8196 167
5.6200 0000 76.8123 182
5.6562 0000 76.8121 182
5.6925 0000 76.8137 186
5.7280 0000 76.7976 172
5.7632 0000 76.7743 187
5.7990 0000 76.7652 200
5.8343 0000 76.7455 201
5.8705 0000 76.7453 211
5.9065 0000 76.7416 211
5.9422 0000 76.7308 199
5.9765 0000 76.6880 184
6.0128 0000 76.6896 172
6.0499 0000 76.7108 174
6.0861 0000 76.7106 180
6.1220 0000 76.7051 194
6.1580 0000 76.7014 205
6.1941 0000 76.6994 205
6.2301 0000 76.6975 195
6.2666 0000 76.7026 191
6.3038 0000 76.7255 195
6.3400 0000 76.7271 233
6.3759 0000 76.7199 262
6.4111 0000 76.7002 279
6.4465 0000 76.6841 244
6.4827 0000 76.6839 238
6.5186 0000 76.6802 240
6.5544 0000 76.6729 252
6.5895 0000 76.6497 244
6.6248 0000 76.6318 245
6.6609 0000 76.6317 226
6.6968 0000 76.6280 200
6.7329 0000 76.6260 171
6.7691 0000 76.6276 147
6.8051 0000 76.6257 124
6.8434 0000 76.6681 107
6.8801 0000 76.6786 99
6.9173 0000 76.6997 108
6.9535 0000 76.7013 118
6.9896 0000 76.6994 128
7.0254 0000 76.6939 133
7.0606 0000 76.6742 129
7.0964 0000 76.6687 133
7.1316 0000 76.6491 141
7.1675 0000 76.6454 129
7.2034 0000 76.6399 108
7.2383 0000 76.6167 89
7.2731 0000 76.5917 91
7.3088 0000 76.5845 92
7.3437 0000 76.5613 100
7.3794 0000 76.5541 97
7.4142 0000 76.5292 91
7.4500 0000 76.5237 96
7.4841 0000 76.4864 106
7.5196 0000 76.4756 118
7.5551 0000 76.4649 121
7.5890 0000 76.4258 116
7.6247 0000 76.4186 110
7.6605 0000 76.4132 105
7.6962 0000 76.4059 100
7.7299 0000 76.3634 96
7.7653 0000 76.3527 92
7.7993 0000 76.3154 88
7.8350 0000 76.3100 86
7.8695 0000 76.2816 90
7.9040 0000 76.2550 87
7.9397 0000 76.2496 91
7.9756 0000 76.2477 93
8.0115 0000 76.2440 94
8.0474 0000 76.2421 92
8.0823 0000 76.2225 95
8.1181 0000 76.2189 95
8.1528 0000 76.1958 88
8.1883 0000 76.1886 94
8.2217 0000 76.1427 107
8.2559 0000 76.1126 113
8.2901 0000 76.0826 134
8.3255 0000 76.0736 151
8.3604 0000 76.0541 151
8.3959 0000 76.0469 159
8.4306 0000 76.0257 177
8.4661 0000 76.0185 177
8.5006 0000 75.9938 161
8.5352 0000 75.9708 169
8.5707 0000 75.9636 161
8.6062 0000 75.9564 142
8.6398 0000 75.9177 121
8.6751 0000 75.9088 102
8.7111 0000 75.9086 81
8.7484 0000 75.9313 67
8.7846 0000 75.9347 62
8.8206 0000 75.9363 72
8.8564 0000 75.9344 92
8.8923 0000 75.9325 93
8.9267 0000 75.9095 101
8.9621 0000 75.9006 97
8.9977 0000 75.8952 83
9.0324 0000 75.8758 79
9.0695 0000 75.8949 82
9.1055 0000 75.8966 101
9.1417 0000 75.8999 126
9.1778 0000 75.9033 147
9.2136 0000 75.9014 160
9.2494 0000 75.8995 159
9.2851 0000 75.8959 137
9.3210 0000 75.8958 108
9.3571 0000 75.8974 90
9.3931 0000 75.8990 87
9.4291 0000 75.9006 98
9.4647 0000 75.8952 118
9.4995 0000 75.8793 130
9.5355 0000 75.8809 143
9.5713 0000 75.8791 158
9.6069 0000 75.8737 175
9.6428 0000 75.8735 180
9.6784 0000 75.8699 181
9.7141 0000 75.8663 173
9.7512 0000 75.8837 163
9.7891 0000 75.9134 133
9.8258 0000 75.9238 115
9.8621 0000 75.9290 107
9.8978 0000 75.9271 109
9.9336 0000 75.9252 114
9.9694 0000 75.9234 115
10.0034 0000 75.8969 116
10.0391 0000 75.8933 119
10.0752 0000 75.8967 117
10.1110 0000 75.8948 115
10.1465 0000 75.8894 118
10.1801 0000 75.8578 123
10.2126 0000 75.8103 122
10.2465 0000 75.7839 125
10.2806 0000 75.7593 116
10.3162 0000 75.7557 116
10.3518 0000 75.7521 122
10.3878 0000 75.7537 132
10.4236 0000 75.7536 140
10.4596 0000 75.7553 147
10.4939 0000 75.7342 152
10.5293 0000 75.7288 155
10.5654 0000 75.7322 141
10.6029 0000 75.7531 129
10.6382 0000 75.7460 118
10.6701 0000 75.6934 120
10.7024 0000 75.6479 136
10.7377 0000 75.6408 160
10.7733 0000 75.6372 182
10.8096 0000 75.6441 197
10.8462 0000 75.6545 220
10.8824 0000 75.6597 246
10.9193 0000 75.6736 277
10.9553 0000 75.6752 259
10.9908 0000 75.6717 217
11.0262 0000 75.6663 171
11.0586 0000 75.6226 148
11.0936 0000 75.6120 144
11.1273 0000 75.5857 137
11.1607 0000 75.5559 143
11.1961 0000 75.5506 138
11.2341 0000 75.5785 128
11.2700 0000 75.5802 128
11.3055 0000 75.5766 128
11.3396 0000 75.5556 125
11.3757 0000 75.5590 118
11.4113 0000 75.5572 115
11.4467 0000 75.5519 111
11.4807 0000 75.5309 108
11.5165 0000 75.5308 117
11.5523 0000 75.5308 125
11.5880 0000 75.5307 126
11.6239 0000 75.5324 125
11.6594 0000 75.5289 125
11.6949 0000 75.5253 120
11.7305 0000 75.5235 104
11.7651 0000 75.5095 91
11.8008 0000 75.5094 73
11.8361 0000 75.5041 61
11.8672 0000 75.4483 57
11.8980 0000 75.3908 60
11.9311 0000 75.3594 65
11.9606 0000 75.2863 63
11.9936 0000 75.2549 70
12.0273 0000 75.2323 73
12.0629 0000 75.2305 76
12.0981 0000 75.2252 80
12.1336 0000 75.2235 79
12.1694 0000 75.2252 77
12.2057 0000 75.2321 81
12.2414 0000 75.2320 90
12.2768 0000 75.2285 102
12.3117 0000 75.2198 111
12.3435 0000 75.1763 111
12.3784 0000 75.1676 104
12.4118 0000 75.1415 96
12.4445 0000 75.1085 99
12.4753 0000 75.0548 95
12.5065 0000 75.0045 91
12.5411 0000 74.9941 94
12.5724 0000 74.9456 103
12.6057 0000 74.9196 109
12.6391 0000 74.8953 132
12.6740 0000 74.8884 158
12.7072 0000 74.8624 178
12.7401 0000 74.8330 215
12.7732 0000 74.8053 210
12.8072 0000 74.7880 220
12.8422 0000 74.7828 205
12.8752 0000 74.7552 172
12.9062 0000 74.7051 166
12.9372 0000 74.6568 180
12.9715 0000 74.6430 186
13.0020 0000 74.5895 184
13.0331 0000 74.5413 185
13.0653 0000 74.5069 183
13.0947 0000 74.4415 194
13.1229 0000 74.3642 237
13.1560 0000 74.3384 268
13.1890 0000 74.3126 314
13.2236 0000 74.3040 339
13.2555 0000 74.2663 359
13.2899 0000 74.2559 366
13.3247 0000 74.2491 349
13.3568 0000 74.2147 327
13.3918 0000 74.2096 314
13.4265 0000 74.2027 300
13.4615 0000 74.1975 272
13.4951 0000 74.1786 256
13.5303 0000 74.1769 229
13.5631 0000 74.1495 199
13.5958 0000 74.1220 195
13.6309 0000 74.1186 185
13.6661 0000 74.1168 178
13.6990 0000 74.0911 173
13.7317 0000 74.0637 187
13.7645 0000 74.0381 197
13.7972 0000 74.0107 229
13.8321 0000 74.0055 248
13.8651 0000 73.9816 254
13.8983 0000 73.9593 298
13.9329 0000 73.9525 319
13.9676 0000 73.9456 305
14.0013 0000 73.9285 258
14.0385 0000 73.9472 242
14.0718 0000 73.9267 211
14.1046 0000 73.9011 196
14.1397 0000 73.8993 184
14.1699 0000 73.8481 186
14.1996 0000 73.7918 204
14.2321 0000 73.7646 224
14.2646 0000 73.7373 250
14.2972 0000 73.7100 261
14.3321 0000 73.7066 272
14.3674 0000 73.7065 272
14.4006 0000 73.6861 267
14.4333 0000 73.6605 276
14.4684 0000 73.6588 272
14.5042 0000 73.6639 272
14.5414 0000 73.6825 273
14.5767 0000 73.6825 241
14.6123 0000 73.6859 208
14.6499 0000 73.7080 197
14.6852 0000 73.7079 191
14.7182 0000 73.6858 184
14.7533 0000 73.6840 190
14.7884 0000 73.6823 205
14.8238 0000 73.6840 224
14.8593 0000 73.6856 233
14.8940 0000 73.6805 250
14.9286 0000 73.6737 279
14.9615 0000 73.6515 315
14.9946 0000 73.6311 292
15.0293 0000 73.6260 270
15.0639 0000 73.6191 240
15.0940 0000 73.5715 228
15.1236 0000 73.5189 233
15.1556 0000 73.4883 235
15.1904 0000 73.4849 230
15.2232 0000 73.4628 213
15.2610 0000 73.4865 190
15.2972 0000 73.4950 175
15.3409 0000 73.5731 163
15.3789 0000 73.5985 155
15.4143 0000 73.6002 147
15.4499 0000 73.6036 143
15.4900 0000 73.6477 139
15.5256 0000 73.6511 137
15.5616 0000 73.6579 139
15.6020 0000 73.7038 152
15.6372 0000 73.7038 169
15.6725 0000 73.7038 179
15.7056 0000 73.6850 182
15.7401 0000 73.6782 199
15.7723 0000 73.6510 193
15.8043 0000 73.6221 203
15.8367 0000 73.5966 193
15.8689 0000 73.5694 211
15.9012 0000 73.5439 215
15.9337 0000 73.5202 230
15.9682 0000 73.5134 215
16.0030 0000 73.5100 187
16.0363 0000 73.4930 170
16.0687 0000 73.4693 184
16.1008 0000 73.4421 195
16.1352 0000 73.4354 218
16.1678 0000 73.4133 221
16.2028 0000 73.4116 225
16.2348 0000 73.3845 230
16.2690 0000 73.3761 225
16.3040 0000 73.3744 222
16.3395 0000 73.3778 215
16.3750 0000 73.3812 207
16.4123 0000 73.3998 201
16.4471 0000 73.3964 184
16.4775 0000 73.3558 181
16.5116 0000 73.3474 182
16.5438 0000 73.3220 184
16.5761 0000 73.2983 167
16.6058 0000 73.2527 169
16.6405 0000 73.2493 177
16.6756 0000 73.2494 180
16.7105 0000 73.2477 183
16.7456 0000 73.2477 186
16.7781 0000 73.2258 179
16.8125 0000 73.2207 183
16.8446 0000 73.1954 184
16.8760 0000 73.1651 168
16.9078 0000 73.1381 174
16.9422 0000 73.1331 176
16.9722 0000 73.0910 165
17.0068 0000 73.0876 156
17.0386 0000 73.0607 151
17.0671 0000 73.0068 154
17.0988 0000 72.9799 177
17.1303 0000 72.9514 201
17.1595 0000 72.9043 233
17.1933 0000 72.8943 266
17.2252 0000 72.8691 278
17.2572 0000 72.8457 299
17.2922 0000 72.8457 294
17.3269 0000 72.8441 276
17.3614 0000 72.8408 255
17.3937 0000 72.8190 246
17.4282 0000 72.8157 228
17.4627 0000 72.8124 224
17.4951 0000 72.7923 223
17.5301 0000 72.7924 229
17.5650 0000 72.7925 231
17.5999 0000 72.7925 241
17.6344 0000 72.7892 256
17.6689 0000 72.7860 260
17.7038 0000 72.7860 248
17.7385 0000 72.7844 249
17.7728 0000 72.7795 256
17.8030 0000 72.7426 246
17.8372 0000 72.7377 239
17.8721 0000 72.7378 227
17.9100 0000 72.7613 213
17.9479 0000 72.7849 182
17.9832 0000 72.7883 168
18.0179 0000 72.7867 165
18.0497 0000 72.7633 179
18.0816 0000 72.7399 181
18.1156 0000 72.7333 195
18.1477 0000 72.7116 209
18.1799 0000 72.6916 194
18.2139 0000 72.6850 192
18.2455 0000 72.6599 197
18.2797 0000 72.6550 193
18.3117 0000 72.6333 188
18.3461 0000 72.6300 188
18.3778 0000 72.6067 183
18.4124 0000 72.6051 170
18.4475 0000 72.6069 165
18.4823 0000 72.6070 167
18.5169 0000 72.6054 177
18.5515 0000 72.6038 191
18.5887 0000 72.6223 202
18.6236 0000 72.6224 228
18.6555 0000 72.6008 254
18.6874 0000 72.5791 242
18.7222 0000 72.5792 239
18.7570 0000 72.5793 230
18.7918 0000 72.5794 208
18.8264 0000 72.5779 184
18.8549 0000 72.5311 163
18.8888 0000 72.5245 155
18.9206 0000 72.5029 165
18.9556 0000 72.5047 154
18.9904 0000 72.5048 137
19.0245 0000 72.4999 131
19.0583 0000 72.4933 124
19.0872 0000 72.4500 116
19.1249 0000 72.4718 112
19.1630 0000 72.4970 102
19.1983 0000 72.5004 100
19.2330 0000 72.5005 99
19.2710 0000 72.5240 106
19.3055 0000 72.5225 117
19.3432 0000 72.5443 121
19.3782 0000 72.5461 131
19.4130 0000 72.5462 134
19.4487 0000 72.5530 128
19.4846 0000 72.5615 124
19.5249 0000 72.6017 120
19.5601 0000 72.6052 116
19.5949 0000 72.6053 115
19.6294 0000 72.6037 111
19.6591 0000 72.5670 103
19.6929 0000 72.5604 97
19.7237 0000 72.5321 91
19.7514 0000 72.4821 89
19.7819 0000 72.4521 90
19.8159 0000 72.4472 88
19.8506 0000 72.4473 85
19.8858 0000 72.4508 86
19.9173 0000 72.4275 89
19.9510 0000 72.4209 99
19.9850 0000 72.4160 114
20.0171 0000 72.3978 130
20.0523 0000 72.4012 153
20.0863 0000 72.3963 174
20.1208 0000 72.3947 192
20.1531 0000 72.3782 222
20.1880 0000 72.3799 231
20.2227 0000 72.3800 229
20.2569 0000 72.3768 221
20.2914 0000 72.3752 204
20.3258 0000 72.3737 188
20.3603 0000 72.3721 182
20.3945 0000 72.3689 174
20.4284 0000 72.3640 149
20.4602 0000 72.3441 120
20.4978 0000 72.3642 113
20.5301 0000 72.3476 111
20.5613 0000 72.3244 100
20.5948 0000 72.3161 101
20.6265 0000 72.2962 113
20.6619 0000 72.3014 118
20.6968 0000 72.3031 124
20.7310 0000 72.2999 123
20.7647 0000 72.2933 106
20.7986 0000 72.2884 85
20.8333 0000 72.2885 74
20.8706 0000 72.3070 78
20.9050 0000 72.3054 79
20.9370 0000 72.2872 77
20.9706 0000 72.2806 82
20.9979 0000 72.2308 90
21.0315 0000 72.2242 95
21.0597 0000 72.1811 100
21.0903 0000 72.1546 102
21.1217 0000 72.1331 109
21.1558 0000 72.1298 106
21.1870 0000 72.1067 97
21.2178 0000 72.0819 102
21.2451 0000 72.0339 109
21.2757 0000 72.0074 106
21.3095 0000 72.0026 112
21.3406 0000 71.9795 132
21.3709 0000 71.9514 135
21.3984 0000 71.9051 143
21.4311 0000 71.8936 165
21.4619 0000 71.8689 186
21.4929 0000 71.8459 230
21.5269 0000 71.8427 250
21.5604 0000 71.8362 250
21.5942 0000 71.8313 246
21.6289 0000 71.8331 230
21.6640 0000 71.8365 201
21.6990 0000 71.8400 172
21.7374 0000 71.8649 146
21.7740 0000 71.8782 113
21.8144 0000 71.9164 99
21.8492 0000 71.9182 96
21.8840 0000 71.9199 96
21.9186 0000 71.9201 93
21.9531 0000 71.9202 84
21.9877 0000 71.9203 73
22.0253 0000 71.9403 69
22.0601 0000 71.9420 65
