wt=151155249, DLLFiFo=0
-25.2155 0000 89.4963 326
-25.1776 0000 89.5019 280
-25.1384 0000 89.4991 238
-25.0947 0000 89.4653 217
-25.0568 0000 89.4708 210
-25.0182 0000 89.4722 151
-24.9829 0000 89.4964 102
-24.9486 0000 89.5269 84
-24.9046 0000 89.4910 88
-24.8607 0000 89.4551 152
-24.8191 0000 89.4357 208
-24.7779 0000 89.4185 244
-24.7382 0000 89.4116 195
-24.6999 0000 89.4151 165
-24.6646 0000 89.4393 138
-24.6272 0000 89.4490 120
-24.5884 0000 89.4483 121
-24.5495 0000 89.4476 139
-24.5112 0000 89.4511 161
-24.4747 0000 89.4670 163
-24.4385 0000 89.4850 168
-24.4008 0000 89.4927 149
-24.3622 0000 89.4941 137
-24.3224 0000 89.4872 122
-24.2783 0000 89.4492 104
-24.2392 0000 89.4465 90
-24.2055 0000 89.4832 98
-24.1649 0000 89.4701 99
-24.1286 0000 89.4881 109
-24.0912 0000 89.4978 112
-24.0575 0000 89.5345 111
-24.0192 0000 89.5380 120
-23.9795 0000 89.5311 132
-23.9414 0000 89.5367 105
-23.9031 0000 89.5402 85
-23.8648 0000 89.5437 80
-23.8265 0000 89.5472 74
-23.7941 0000 89.5943 72
-23.7586 0000 89.6186 90
-23.7197 0000 89.6180 99
-23.6802 0000 89.6132 90
-23.6379 0000 89.5877 68
-23.5953 0000 89.5601 68
-23.5561 0000 89.5574 77
-23.5172 0000 89.5567 86
-23.4808 0000 89.5748 86
-23.4433 0000 89.5846 83
-23.4075 0000 89.6068 74
-23.3674 0000 89.5979 63
-23.3330 0000 89.6305 70
-23.2977 0000 89.6569 73
-23.2618 0000 89.6792 107
-23.2254 0000 89.6973 137
-23.1865 0000 89.6967 177
-23.1478 0000 89.6982 196
-23.1097 0000 89.7038 182
-23.0732 0000 89.7220 135
-23.0359 0000 89.7339 119
-22.9994 0000 89.7520 128
-22.9640 0000 89.7785 142
-22.9250 0000 89.7779 149
-22.8863 0000 89.7794 134
-22.8507 0000 89.8038 139
-22.8133 0000 89.8158 194
-22.7749 0000 89.8194 296
-22.7361 0000 89.8209 368
-22.6971 0000 89.8203 393
-22.6578 0000 89.8177 403
-22.6188 0000 89.8172 376
-22.5793 0000 89.8124 291
-22.5387 0000 89.7994 210
-22.4988 0000 89.7926 178
-22.4609 0000 89.8004 177
-22.4232 0000 89.8103 180
-22.3866 0000 89.8285 167
-22.3500 0000 89.8468 181
-22.3126 0000 89.8587 167
-22.2747 0000 89.8666 150
-22.2356 0000 89.8660 131
-22.1958 0000 89.8593 119
-22.1562 0000 89.8546 121
-22.1148 0000 89.8353 131
-22.0720 0000 89.8056 111
-22.0301 0000 89.7822 104
-21.9916 0000 89.7859 91
-21.9584 0000 89.8312 91
-21.9196 0000 89.8328 108
-21.8795 0000 89.8240 126
-21.8378 0000 89.8027 115
-21.7964 0000 89.7834 108
-21.7566 0000 89.7767 82
-21.7215 0000 89.8075 76
-21.6885 0000 89.8549 85
-21.6551 0000 89.9004 86
-21.6200 0000 89.9312 93
-21.5817 0000 89.9370 96
-21.5455 0000 89.9595 114
-21.5066 0000 89.9611 152
-21.4683 0000 89.9669 206
-21.4295 0000 89.9685 244
-21.3899 0000 89.9639 257
-21.3513 0000 89.9676 238
-21.3135 0000 89.9776 198
-21.2739 0000 89.9730 157
-21.2294 0000 89.9287 133
-21.1901 0000 89.9261 128
-21.1520 0000 89.9341 133
-21.1157 0000 89.9566 142
-21.0771 0000 89.9603 123
-21.0408 0000 89.9829 99
-21.0042 0000 90.0033 107
-20.9651 0000 90.0029 102
-20.9262 0000 90.0045 89
-20.8874 0000 90.0062 84
-20.8485 0000 90.0079 93
-20.8096 0000 90.0095 105
-20.7708 0000 90.0112 121
-20.7322 0000 90.0149 131
-20.6938 0000 90.0208 109
-20.6581 0000 90.0496 89
-20.6212 0000 90.0680 84
-20.5821 0000 90.0676 110
-20.5435 0000 90.0714 139
-20.5043 0000 90.0710 146
-20.4642 0000 90.0622 146
-20.4243 0000 90.0555 152
-20.3840 0000 90.0446 170
-20.3436 0000 90.0337 143
-20.3042 0000 90.0312 145
-20.2651 0000 90.0308 142
-20.2259 0000 90.0304 135
-20.1892 0000 90.0509 116
-20.1550 0000 90.0924 127
-20.1175 0000 90.1066 126
-20.0786 0000 90.1083 118
-20.0409 0000 90.1204 141
-20.0024 0000 90.1263 160
-19.9611 0000 90.1071 166
-19.9210 0000 90.0983 154
-19.8816 0000 90.0958 139
-19.8429 0000 90.0995 130
-19.8047 0000 90.1075 122
-19.7689 0000 90.1364 135
-19.7321 0000 90.1570 131
-19.6939 0000 90.1650 133
-19.6568 0000 90.1834 142
-19.6184 0000 90.1893 148
-19.5797 0000 90.1931 151
-19.5405 0000 90.1927 136
-19.4999 0000 90.1797 133
-19.4577 0000 90.1521 138
-19.4166 0000 90.1349 160
-19.3795 0000 90.1533 127
-19.3425 0000 90.1718 111
-19.3096 0000 90.2280 112
-19.2708 0000 90.2318 141
-19.2312 0000 90.2272 195
-19.1920 0000 90.2268 213
-19.1523 0000 90.2222 193
-19.1106 0000 90.1987 218
-19.0712 0000 90.1962 232
-19.0327 0000 90.2021 234
-18.9957 0000 90.2227 209
-18.9602 0000 90.2558 186
-18.9276 0000 90.3163 188
-18.8902 0000 90.3327 197
-18.8510 0000 90.3323 188
-18.8115 0000 90.3298 161
-18.7702 0000 90.3105 140
-18.7299 0000 90.2996 120
-18.6884 0000 90.2782 144
-18.6499 0000 90.2841 162
-18.6102 0000 90.2794 186
-18.5714 0000 90.2832 197
-18.5342 0000 90.3017 221
-18.5003 0000 90.3517 261
-18.4629 0000 90.3681 308
-18.4243 0000 90.3740 302
-18.3848 0000 90.3715 222
-18.3453 0000 90.3690 138
-18.3076 0000 90.3833 107
-18.2686 0000 90.3850 100
-18.2293 0000 90.3846 103
-18.1879 0000 90.3631 108
-18.1480 0000 90.3564 113
-18.1070 0000 90.3392 135
-18.0675 0000 90.3367 159
-18.0283 0000 90.3363 148
-17.9897 0000 90.3422 136
-17.9526 0000 90.3627 117
-17.9150 0000 90.3791 110
-17.8753 0000 90.3745 92
-17.8350 0000 90.3636 95
-17.7981 0000 90.3863 90
-17.7597 0000 90.3943 92
-17.7230 0000 90.4191 100
-17.6841 0000 90.4229 96
-17.6472 0000 90.4456 96
-17.6106 0000 90.4725 129
-17.5717 0000 90.4763 184
-17.5327 0000 90.4780 208
-17.4938 0000 90.4818 200
-17.4547 0000 90.4834 190
-17.4156 0000 90.4851 170
-17.3765 0000 90.4868 140
-17.3420 0000 90.5348 117
-17.3039 0000 90.5470 117
-17.2642 0000 90.5424 129
-17.2244 0000 90.5377 131
-17.1860 0000 90.5457 128
-17.1499 0000 90.5790 138
-17.1122 0000 90.5954 196
-17.0727 0000 90.5929 239
-17.0360 0000 90.6199 230
-16.9973 0000 90.6257 195
-16.9528 0000 90.5726 161
-16.9121 0000 90.5575 154
-16.8721 0000 90.5507 156
-16.8316 0000 90.5376 120
-16.7924 0000 90.5393 130
-16.7537 0000 90.5452 136
-16.7145 0000 90.5469 124
-16.6746 0000 90.5401 124
-16.6346 0000 90.5334 132
-16.5933 0000 90.5119 117
-16.5542 0000 90.5135 114
-16.5174 0000 90.5405 125
-16.4808 0000 90.5696 126
-16.4443 0000 90.5986 155
-16.4055 0000 90.6045 164
-16.3665 0000 90.6083 154
-16.3271 0000 90.6079 136
-16.2872 0000 90.6011 124
-16.2478 0000 90.6007 132
-16.2078 0000 90.5939 178
-16.1661 0000 90.5682 231
-16.1256 0000 90.5551 273
-16.0845 0000 90.5357 308
-16.0451 0000 90.5353 296
-16.0069 0000 90.5475 252
-15.9699 0000 90.5723 185
-15.9322 0000 90.5909 156
-15.8913 0000 90.5736 116
-15.8519 0000 90.5731 80
-15.8156 0000 90.6064 77
-15.7787 0000 90.6334 111
-15.7410 0000 90.6520 137
-15.7018 0000 90.6537 165
-15.6625 0000 90.6553 200
-15.6233 0000 90.6570 280
-15.5841 0000 90.6587 343
-15.5447 0000 90.6583 339
-15.5045 0000 90.6494 309
-15.4625 0000 90.6194 258
-15.4229 0000 90.6169 181
-15.3870 0000 90.6565 142
-15.3484 0000 90.6645 138
-15.3095 0000 90.6704 129
-15.2723 0000 90.6953 143
-15.2339 0000 90.7076 150
-15.1963 0000 90.7283 134
-15.1576 0000 90.7363 147
-15.1196 0000 90.7528 184
-15.0807 0000 90.7587 167
-15.0413 0000 90.7583 130
-15.0013 0000 90.7515 115
-14.9606 0000 90.7363 121
-14.9213 0000 90.7380 102
-14.8818 0000 90.7375 83
-14.8445 0000 90.7625 70
-14.8056 0000 90.7684 75
-14.7663 0000 90.7701 91
-14.7270 0000 90.7718 115
-14.6881 0000 90.7777 137
-14.6502 0000 90.7963 141
-14.6109 0000 90.7980 106
-14.5735 0000 90.8230 98
-14.5347 0000 90.8310 122
-14.4966 0000 90.8475 114
-14.4566 0000 90.8407 101
-14.4159 0000 90.8255 120
-14.3781 0000 90.8462 162
-14.3388 0000 90.8479 222
-14.2989 0000 90.8433 239
-14.2594 0000 90.8429 236
-14.2204 0000 90.8488 217
-14.1821 0000 90.8632 169
-14.1463 0000 90.9094 138
-14.1071 0000 90.9132 158
-14.0680 0000 90.9170 194
-14.0283 0000 90.9145 179
-13.9870 0000 90.8929 142
-13.9468 0000 90.8840 107
-13.9072 0000 90.8814 93
-13.8681 0000 90.8874 93
-13.8308 0000 90.9145 147
-13.7912 0000 90.9141 259
-13.7513 0000 90.9095 359
-13.7113 0000 90.9027 410
-13.6706 0000 90.8874 441
-13.6293 0000 90.8637 329
-13.5890 0000 90.8527 275
-13.5488 0000 90.8438 251
-13.5091 0000 90.8413 227
-13.4702 0000 90.8493 184
-13.4342 0000 90.8955 149
-13.3977 0000 90.9354 131
-13.3598 0000 90.9562 170
-13.3199 0000 90.9516 231
-13.2803 0000 90.9511 272
-13.2412 0000 90.9571 250
-13.2028 0000 90.9715 200
-13.1643 0000 90.9860 151
-13.1266 0000 91.0110 125
-13.0888 0000 91.0340 99
-13.0495 0000 91.0378 94
-13.0098 0000 91.0353 90
-12.9705 0000 91.0391 86
-12.9314 0000 91.0451 89
-12.8932 0000 91.0638 103
-12.8540 0000 91.0698 109
-12.8146 0000 91.0715 111
-12.7753 0000 91.0753 123
-12.7364 0000 91.0856 129
-12.6987 0000 91.1107 160
-12.6592 0000 91.1124 249
-12.6196 0000 91.1120 273
-12.5804 0000 91.1179 268
-12.5411 0000 91.1218 329
-12.5012 0000 91.1171 415
-12.4613 0000 91.1125 450
-12.4223 0000 91.1206 374
-12.3850 0000 91.1542 267
-12.3460 0000 91.1623 217
-12.3067 0000 91.1662 179
-12.2670 0000 91.1658 144
-12.2274 0000 91.1654 123
-12.1878 0000 91.1650 102
-12.1503 0000 91.1965 96
-12.1114 0000 91.2067 104
-12.0718 0000 91.2064 126
-12.0320 0000 91.2038 154
-11.9918 0000 91.1949 159
-11.9552 0000 91.2392 170
-11.9159 0000 91.2452 170
-11.8764 0000 91.2470 152
-11.8371 0000 91.2508 138
-11.7971 0000 91.2462 176
-11.7568 0000 91.2351 245
-11.7159 0000 91.2156 296
-11.6756 0000 91.2046 265
-11.6359 0000 91.2042 219
-11.5967 0000 91.2102 181
-11.5579 0000 91.2225 162
-11.5168 0000 91.1987 167
-11.4767 0000 91.1920 135
-11.4376 0000 91.2001 124
-11.4000 0000 91.2316 120
-11.3612 0000 91.2440 134
-11.3233 0000 91.2713 163
-11.2844 0000 91.2837 176
-11.2456 0000 91.2961 198
-11.2070 0000 91.3127 190
-11.1668 0000 91.3038 182
-11.1277 0000 91.3120 139
-11.0883 0000 91.3158 135
-11.0500 0000 91.3389 140
-11.0113 0000 91.3534 130
-10.9729 0000 91.3744 114
-10.9330 0000 91.3697 108
-10.8929 0000 91.3629 104
-10.8534 0000 91.3647 111
-10.8142 0000 91.3728 141
-10.7745 0000 91.3724 203
-10.7346 0000 91.3678 254
-10.6949 0000 91.3674 239
-10.6549 0000 91.3606 178
-10.6153 0000 91.3624 138
-10.5783 0000 91.4068 145
-10.5408 0000 91.4448 142
-10.5015 0000 91.4508 143
-10.4615 0000 91.4440 139
-10.4219 0000 91.4457 145
-10.3843 0000 91.4816 187
-10.3446 0000 91.4813 255
-10.3046 0000 91.4766 327
-10.2635 0000 91.4506 413
-10.2238 0000 91.4502 466
-10.1849 0000 91.4648 428
-10.1461 0000 91.4793 464
-10.1054 0000 91.4619 367
-10.0649 0000 91.4465 288
-10.0264 0000 91.4675 180
-9.9877 0000 91.4863 149
-9.9479 0000 91.4838 139
-9.9073 0000 91.4663 161
-9.8672 0000 91.4596 172
-9.8274 0000 91.4570 166
-9.7878 0000 91.4588 166
-9.7485 0000 91.4648 193
-9.7098 0000 91.4836 213
-9.6709 0000 91.4982 246
-9.6317 0000 91.5063 266
-9.5916 0000 91.4995 246
-9.5528 0000 91.5162 203
-9.5145 0000 91.5436 229
-9.4747 0000 91.5411 226
-9.4349 0000 91.5386 182
-9.3944 0000 91.5232 153
-9.3547 0000 91.5228 133
-9.3152 0000 91.5267 122
-9.2763 0000 91.5434 109
-9.2350 0000 91.5110 119
-9.1951 0000 91.5063 116
-9.1555 0000 91.5081 113
-9.1157 0000 91.5056 105
-9.0750 0000 91.4860 93
-9.0355 0000 91.4899 77
-8.9972 0000 91.5172 73
-8.9577 0000 91.5211 86
-8.9180 0000 91.5229 106
-8.8787 0000 91.5310 125
-8.8402 0000 91.5541 134
-8.8009 0000 91.5623 145
-8.7620 0000 91.5790 157
-8.7215 0000 91.5636 138
-8.6815 0000 91.5569 142
-8.6427 0000 91.5757 171
-8.6036 0000 91.5903 176
-8.5650 0000 91.6134 139
-8.5256 0000 91.6194 111
-8.4857 0000 91.6169 94
-8.4469 0000 91.6358 96
-8.4076 0000 91.6461 105
-8.3679 0000 91.6457 121
-8.3280 0000 91.6432 127
-8.2884 0000 91.6449 120
-8.2489 0000 91.6510 126
-8.2095 0000 91.6570 138
-8.1695 0000 91.6523 132
-8.1296 0000 91.6477 133
-8.0899 0000 91.6494 154
-8.0505 0000 91.6555 168
-8.0107 0000 91.6551 183
-7.9711 0000 91.6569 201
-7.9319 0000 91.6715 174
-7.8924 0000 91.6754 141
-7.8524 0000 91.6707 121
-7.8127 0000 91.6703 133
-7.7724 0000 91.6571 158
-7.7325 0000 91.6546 146
-7.6930 0000 91.6606 134
-7.6543 0000 91.6838 110
-7.6155 0000 91.7091 98
-7.5762 0000 91.7194 102
-7.5371 0000 91.7362 119
-7.4974 0000 91.7380 130
-7.4578 0000 91.7419 146
-7.4182 0000 91.7458 185
-7.3786 0000 91.7497 231
-7.3389 0000 91.7515 275
-7.2994 0000 91.7575 326
-7.2607 0000 91.7850 376
-7.2211 0000 91.7911 394
-7.1815 0000 91.7950 389
-7.1418 0000 91.7968 338
-7.1022 0000 91.8029 259
-7.0625 0000 91.8046 186
-7.0229 0000 91.8086 158
-6.9834 0000 91.8168 186
-6.9437 0000 91.8186 198
-6.9039 0000 91.8203 200
-6.8649 0000 91.8414 241
-6.8259 0000 91.8625 217
-6.7862 0000 91.8665 183
-6.7463 0000 91.8640 132
-6.7064 0000 91.8614 107
-6.6661 0000 91.8461 117
-6.6263 0000 91.8457 111
-6.5862 0000 91.8389 95
-6.5464 0000 91.8386 84
-6.5081 0000 91.8811 82
-6.4685 0000 91.8872 83
-6.4297 0000 91.9191 81
-6.3900 0000 91.9230 84
-6.3497 0000 91.9076 106
-6.3098 0000 91.9073 133
-6.2699 0000 91.9026 139
-6.2300 0000 91.9002 125
-6.1902 0000 91.9020 124
-6.1504 0000 91.9038 144
-6.1109 0000 91.9120 175
-6.0714 0000 91.9224 174
-6.0316 0000 91.9242 142
-5.9917 0000 91.9217 124
-5.9524 0000 91.9385 131
-5.9124 0000 91.9360 154
-5.8727 0000 91.9400 154
-5.8336 0000 91.9633 166
-5.7939 0000 91.9694 178
-5.7542 0000 91.9733 184
-5.7150 0000 91.9945 160
-5.6752 0000 91.9984 156
-5.6349 0000 91.9809 156
-5.5948 0000 91.9741 144
-5.5550 0000 91.9759 143
-5.5157 0000 91.9949 143
-5.4758 0000 91.9925 164
-5.4354 0000 91.9749 189
-5.3954 0000 91.9681 196
-5.3555 0000 91.9678 201
-5.3157 0000 91.9696 202
-5.2764 0000 91.9886 208
-5.2367 0000 91.9947 238
-5.1969 0000 91.9965 225
-5.1571 0000 92.0005 189
-5.1173 0000 92.0023 197
-5.0774 0000 92.0020 276
-5.0373 0000 91.9909 370
-4.9972 0000 91.9798 409
-4.9569 0000 91.9623 354
-4.9166 0000 91.9448 344
-4.8767 0000 91.9444 303
-4.8369 0000 91.9463 278
-4.7977 0000 91.9739 244
-4.7580 0000 91.9800 185
-4.7183 0000 91.9882 139
-4.6786 0000 91.9922 112
-4.6388 0000 91.9962 95
-4.5994 0000 92.0152 120
-4.5592 0000 92.0019 169
-4.5196 0000 92.0145 265
-4.4798 0000 92.0163 271
-4.4403 0000 92.0332 218
-4.4006 0000 92.0415 220
-4.3610 0000 92.0540 213
-4.3215 0000 92.0709 180
-4.2825 0000 92.1158 153
-4.2426 0000 92.1154 145
-4.2028 0000 92.1173 149
-4.1630 0000 92.1255 146
-4.1237 0000 92.1510 154
-4.0834 0000 92.1335 135
-4.0434 0000 92.1267 123
-4.0036 0000 92.1350 116
-3.9643 0000 92.1626 109
-3.9245 0000 92.1688 102
-3.8847 0000 92.1727 110
-3.8451 0000 92.1939 110
-3.8054 0000 92.2044 126
-3.7659 0000 92.2278 147
-3.7260 0000 92.2296 135
-3.6861 0000 92.2293 132
-3.6462 0000 92.2289 141
-3.6058 0000 92.2027 137
-3.5657 0000 92.1916 150
-3.5256 0000 92.1783 223
-3.4855 0000 92.1715 324
-3.4457 0000 92.1734 331
-3.4058 0000 92.1795 282
-3.3659 0000 92.1792 240
-3.3260 0000 92.1810 201
-3.2862 0000 92.1850 187
-3.2463 0000 92.1868 219
-3.2064 0000 92.1886 277
-3.1665 0000 92.1904 316
-3.1266 0000 92.1922 316
-3.0869 0000 92.2027 292
-3.0470 0000 92.2088 302
-3.0074 0000 92.2322 343
-2.9676 0000 92.2383 329
-2.9277 0000 92.2402 267
-2.8877 0000 92.2355 226
-2.8478 0000 92.2395 222
-2.8079 0000 92.2435 245
-2.7680 0000 92.2432 240
-2.7281 0000 92.2428 182
-2.6882 0000 92.2468 139
-2.6484 0000 92.2594 140
-2.6085 0000 92.2612 143
-2.5685 0000 92.2544 128
-2.5286 0000 92.2563 121
-2.4887 0000 92.2624 138
-2.4488 0000 92.2664 156
-2.4089 0000 92.2661 161
-2.3690 0000 92.2700 166
-2.3292 0000 92.2848 174
-2.2894 0000 92.3039 142
-2.2496 0000 92.3187 141
-2.2097 0000 92.3292 151
-2.1698 0000 92.3332 153
-2.1300 0000 92.3501 149
-2.0903 0000 92.3757 124
-2.0505 0000 92.3970 140
-2.0107 0000 92.4226 167
-1.9707 0000 92.4244 153
-1.9307 0000 92.4198 125
-1.8907 0000 92.4173 103
-1.8508 0000 92.4213 94
-1.8110 0000 92.4469 96
-1.7710 0000 92.4509 119
-1.7311 0000 92.4527 146
-1.6911 0000 92.4546 182
-1.6511 0000 92.4542 239
-1.6111 0000 92.4561 293
-1.5711 0000 92.4514 288
-1.5311 0000 92.4490 225
-1.4912 0000 92.4551 181
-1.4513 0000 92.4743 186
-1.4113 0000 92.4826 178
-1.3714 0000 92.5039 149
-1.3314 0000 92.4841 156
-1.2913 0000 92.4600 150
-1.2513 0000 92.4553 141
-1.2113 0000 92.4485 129
-1.1713 0000 92.4396 147
-1.1313 0000 92.4392 183
-1.0913 0000 92.4476 209
-1.0514 0000 92.4559 238
-1.0114 0000 92.4621 250
-0.9714 0000 92.4596 213
-0.9314 0000 92.4593 164
-0.8915 0000 92.4871 159
-0.8515 0000 92.5084 149
-0.8115 0000 92.5081 146
-0.7715 0000 92.5077 135
-0.7315 0000 92.5118 120
-0.6915 0000 92.5223 106
-0.6515 0000 92.5501 108
-0.6115 0000 92.5562 132
-0.5715 0000 92.5776 165
-0.5315 0000 92.5838 182
-0.4915 0000 92.5878 178
-0.4515 0000 92.5810 197
-0.4115 0000 92.5741 225
-0.3715 0000 92.5716 232
-0.3314 0000 92.5735 235
-0.2914 0000 92.5732 251
-0.2514 0000 92.5685 279
-0.2115 0000 92.5444 295
-0.1715 0000 92.5397 330
-0.1315 0000 92.5546 403
-0.0914 0000 92.5564 427
-0.0515 0000 92.5453 346
-0.0114 0000 92.5558 286
0.0286 0000 92.5576 213
0.0686 0000 92.5660 187
0.1087 0000 92.5830 191
0.1489 0000 92.6303 190
0.1890 0000 92.6386 175
0.2291 0000 92.6448 146
0.2691 0000 92.6510 125
0.3093 0000 92.6723 125
0.3493 0000 92.6720 117
0.3892 0000 92.6500 118
0.4291 0000 92.6410 164
0.4691 0000 92.6364 223
0.5091 0000 92.6295 283
0.5491 0000 92.6271 332
0.5890 0000 92.6094 286
0.6289 0000 92.5982 237
0.6689 0000 92.5914 222
0.7088 0000 92.5846 253
0.7489 0000 92.5951 243
0.7892 0000 92.6273 189
0.8293 0000 92.6356 148
0.8694 0000 92.6396 138
0.9094 0000 92.6436 126
0.9497 0000 92.6693 116
0.9898 0000 92.6820 110
1.0301 0000 92.7098 106
1.0702 0000 92.7138 115
1.1103 0000 92.7178 133
1.1507 0000 92.7565 148
1.1909 0000 92.7671 146
1.2310 0000 92.7798 160
1.2715 0000 92.8163 201
1.3116 0000 92.8225 229
1.3517 0000 92.8287 213
1.3918 0000 92.8262 166
1.4316 0000 92.8063 156
1.4714 0000 92.7843 150
1.5114 0000 92.7818 168
1.5519 0000 92.8227 192
1.5921 0000 92.8332 197
1.6322 0000 92.8350 185
1.6722 0000 92.8325 173
1.7124 0000 92.8365 168
1.7525 0000 92.8449 174
1.7927 0000 92.8510 179
1.8328 0000 92.8551 190
1.8731 0000 92.8743 221
1.9131 0000 92.8674 202
1.9534 0000 92.8823 172
1.9937 0000 92.8972 180
2.0339 0000 92.9120 181
2.0748 0000 92.9595 178
2.1149 0000 92.9657 183
2.1547 0000 92.9480 211
2.1944 0000 92.9215 203
2.2343 0000 92.9103 206
2.2742 0000 92.9013 201
2.3142 0000 92.9010 198
2.3543 0000 92.9006 175
2.3942 0000 92.8938 142
2.4343 0000 92.8956 124
2.4751 0000 92.9322 117
2.5156 0000 92.9601 136
2.5563 0000 92.9903 150
2.5965 0000 92.9986 175
2.6366 0000 93.0005 198
2.6766 0000 92.9936 224
2.7166 0000 92.9889 251
2.7566 0000 92.9864 256
2.7968 0000 92.9904 215
2.8371 0000 93.0010 159
2.8780 0000 93.0441 132
2.9194 0000 93.1048 127
2.9595 0000 93.1088 133
2.9997 0000 93.1106 134
3.0398 0000 93.1103 130
3.0799 0000 93.1100 126
3.1200 0000 93.1075 125
3.1601 0000 93.1115 128
3.2002 0000 93.1111 137
3.2403 0000 93.1065 154
3.2803 0000 93.1018 160
3.3202 0000 93.0949 152
3.3603 0000 93.0946 148
3.4005 0000 93.0986 159
3.4407 0000 93.1048 175
3.4813 0000 93.1241 155
3.5216 0000 93.1324 133
3.5619 0000 93.1386 120
3.6026 0000 93.1623 120
3.6426 0000 93.1598 124
3.6827 0000 93.1573 136
3.7228 0000 93.1591 141
3.7631 0000 93.1653 154
3.8033 0000 93.1694 174
3.8436 0000 93.1756 165
3.8837 0000 93.1752 130
3.9239 0000 93.1749 107
3.9645 0000 93.1964 105
4.0048 0000 93.2004 94
4.0451 0000 93.2088 89
4.0860 0000 93.2347 86
4.1263 0000 93.2409 88
4.1672 0000 93.2689 89
4.2076 0000 93.2773 83
4.2485 0000 93.3054 79
4.2887 0000 93.3073 67
4.3288 0000 93.3047 60
4.3689 0000 93.3022 63
4.4090 0000 93.3019 81
4.4491 0000 93.2994 111
4.4892 0000 93.2991 173
4.5292 0000 93.2922 256
4.5693 0000 93.2897 314
4.6097 0000 93.2981 281
4.6503 0000 93.3131 216
4.6919 0000 93.3608 173
4.7327 0000 93.3824 151
4.7743 0000 93.4258 149
4.8146 0000 93.4298 135
4.8548 0000 93.4317 108
4.8949 0000 93.4292 92
4.9345 0000 93.4114 87
4.9764 0000 93.4635 80
5.0170 0000 93.4742 94
5.0579 0000 93.4979 111
5.0981 0000 93.4954 131
5.1382 0000 93.4929 157
5.1784 0000 93.4948 193
5.2185 0000 93.4923 202
5.2584 0000 93.4832 180
5.2993 0000 93.5026 113
5.3405 0000 93.5329 92
5.3811 0000 93.5436 85
5.4222 0000 93.5695 94
5.4624 0000 93.5692 132
5.5028 0000 93.5733 177
5.5432 0000 93.5796 205
5.5835 0000 93.5814 230
5.6236 0000 93.5767 244
5.6638 0000 93.5764 226
5.7041 0000 93.5805 199
5.7445 0000 93.5846 186
5.7864 0000 93.6303 195
5.8270 0000 93.6388 229
5.8674 0000 93.6428 267
5.9076 0000 93.6425 274
5.9477 0000 93.6400 265
5.9877 0000 93.6353 255
6.0277 0000 93.6284 233
6.0679 0000 93.6281 243
6.1083 0000 93.6322 275
6.1485 0000 93.6319 270
6.1886 0000 93.6294 224
6.2278 0000 93.6050 174
6.2671 0000 93.5806 208
6.3073 0000 93.5803 312
6.3477 0000 93.5866 462
6.3882 0000 93.5928 543
6.4290 0000 93.6079 599
6.4699 0000 93.6229 471
6.5105 0000 93.6336 380
6.5511 0000 93.6421 272
6.5918 0000 93.6527 187
6.6338 0000 93.6963 143
6.6751 0000 93.7201 132
6.7173 0000 93.7659 123
6.7577 0000 93.7700 105
6.7981 0000 93.7719 103
6.8381 0000 93.7672 113
6.8781 0000 93.7626 115
6.9184 0000 93.7623 109
6.9578 0000 93.7444 143
6.9982 0000 93.7485 189
7.0376 0000 93.7307 187
7.0773 0000 93.7172 182
7.1170 0000 93.7059 180
7.1570 0000 93.7013 190
7.1974 0000 93.7053 185
7.2376 0000 93.7051 162
7.2781 0000 93.7114 138
7.3195 0000 93.7374 142
7.3608 0000 93.7591 140
7.4015 0000 93.7698 152
7.4432 0000 93.8002 172
7.4841 0000 93.8131 156
7.5243 0000 93.8128 127
7.5641 0000 93.8037 108
7.6039 0000 93.7947 109
7.6432 0000 93.7768 123
7.6847 0000 93.8029 182
7.7252 0000 93.8070 213
7.7653 0000 93.8045 176
7.8052 0000 93.7976 129
7.8455 0000 93.7996 110
7.8857 0000 93.7993 98
7.9262 0000 93.8034 95
7.9664 0000 93.8031 107
8.0065 0000 93.8006 120
8.0471 0000 93.8069 121
8.0878 0000 93.8176 125
8.1303 0000 93.8613 121
8.1723 0000 93.8940 96
8.2158 0000 93.9575 93
8.2563 0000 93.9616 95
8.2962 0000 93.9547 94
8.3347 0000 93.9215 112
8.3739 0000 93.9014 129
8.4143 0000 93.9033 150
8.4548 0000 93.9096 158
8.4951 0000 93.9094 152
8.5357 0000 93.9157 150
8.5780 0000 93.9550 167
8.6187 0000 93.9613 167
8.6593 0000 93.9677 149
8.6998 0000 93.9718 153
8.7400 0000 93.9715 184
8.7801 0000 93.9690 215
8.8203 0000 93.9666 228
8.8605 0000 93.9663 214
8.9008 0000 93.9660 207
8.9412 0000 93.9701 216
8.9820 0000 93.9787 212
9.0234 0000 93.9982 217
9.0651 0000 94.0244 177
9.1070 0000 94.0527 174
9.1475 0000 94.0568 164
9.1878 0000 94.0566 179
9.2270 0000 94.0387 196
9.2686 0000 94.0604 213
9.3103 0000 94.0844 254
9.3513 0000 94.0974 249
9.3920 0000 94.1037 213
9.4323 0000 94.1034 173
9.4721 0000 94.0966 151
9.5094 0000 94.0456 157
9.5489 0000 94.0321 161
9.5890 0000 94.0297 137
9.6295 0000 94.0338 110
9.6702 0000 94.0402 97
9.7109 0000 94.0465 90
9.7542 0000 94.0969 93
9.7943 0000 94.0944 100
9.8345 0000 94.0920 110
9.8746 0000 94.0895 124
9.9149 0000 94.0892 129
9.9538 0000 94.0669 156
9.9939 0000 94.0645 192
10.0342 0000 94.0642 213
10.0747 0000 94.0684 198
10.1153 0000 94.0725 177
10.1553 0000 94.0678 165
10.1952 0000 94.0632 148
10.2341 0000 94.0409 148
10.2738 0000 94.0318 185
10.3139 0000 94.0294 211
10.3543 0000 94.0313 201
10.3948 0000 94.0354 166
10.4352 0000 94.0374 135
10.4754 0000 94.0349 119
10.5156 0000 94.0347 115
10.5557 0000 94.0322 127
10.5960 0000 94.0320 166
10.6365 0000 94.0361 203
10.6772 0000 94.0425 210
10.7174 0000 94.0422 213
10.7575 0000 94.0397 224
10.7981 0000 94.0439 243
10.8398 0000 94.0657 245
10.8814 0000 94.0852 276
10.9223 0000 94.0938 280
10.9630 0000 94.1001 309
11.0044 0000 94.1175 325
11.0448 0000 94.1195 345
11.0857 0000 94.1280 323
11.1275 0000 94.1498 326
11.1682 0000 94.1562 302
11.2082 0000 94.1515 258
11.2480 0000 94.1446 217
11.2861 0000 94.1135 194
11.3260 0000 94.1089 205
11.3668 0000 94.1152 239
11.4090 0000 94.1436 258
11.4493 0000 94.1434 245
11.4897 0000 94.1453 190
11.5290 0000 94.1318 150
11.5688 0000 94.1250 123
11.6059 0000 94.0806 115
11.6460 0000 94.0782 123
11.6876 0000 94.0978 120
11.7285 0000 94.1063 125
11.7704 0000 94.1281 145
11.8114 0000 94.1389 149
11.8537 0000 94.1673 133
11.8958 0000 94.1913 138
11.9385 0000 94.2241 126
11.9800 0000 94.2415 124
12.0221 0000 94.2656 124
12.0606 0000 94.2410 112
12.0997 0000 94.2253 116
12.1363 0000 94.1765 116
12.1757 0000 94.1653 122
12.2156 0000 94.1606 138
12.2562 0000 94.1647 153
12.2963 0000 94.1623 167
12.3360 0000 94.1554 196
12.3759 0000 94.1508 249
12.4166 0000 94.1571 310
12.4577 0000 94.1679 371
12.4985 0000 94.1742 401
12.5399 0000 94.1894 346
12.5805 0000 94.1936 349
12.6219 0000 94.2088 430
12.6625 0000 94.2129 492
12.7025 0000 94.2105 542
12.7424 0000 94.2058 550
12.7830 0000 94.2100 530
12.8236 0000 94.2141 494
12.8638 0000 94.2139 407
12.9037 0000 94.2092 277
12.9430 0000 94.1979 182
12.9827 0000 94.1910 110
13.0203 0000 94.1577 93
13.0605 0000 94.1575 109
13.1014 0000 94.1660 121
13.1434 0000 94.1878 129
13.1850 0000 94.2052 107
13.2297 0000 94.2601 89
13.2732 0000 94.2995 81
13.3163 0000 94.3346 97
13.3570 0000 94.3410 103
13.3971 0000 94.3385 108
13.4373 0000 94.3383 117
13.4779 0000 94.3424 128
13.5185 0000 94.3466 130
13.5584 0000 94.3419 124
13.5995 0000 94.3527 125
13.6400 0000 94.3546 160
13.6809 0000 94.3632 203
13.7217 0000 94.3696 245
13.7619 0000 94.3693 268
13.8018 0000 94.3646 274
13.8418 0000 94.3621 296
13.8820 0000 94.3619 325
13.9221 0000 94.3594 343
13.9619 0000 94.3547 365
14.0023 0000 94.3567 359
14.0435 0000 94.3675 313
14.0860 0000 94.3937 236
14.1283 0000 94.4177 207
14.1683 0000 94.4153 194
14.2085 0000 94.4150 194
14.2491 0000 94.4191 178
14.2880 0000 94.4034 202
14.3276 0000 94.3965 215
14.3661 0000 94.3764 180
14.4055 0000 94.3673 170
14.4459 0000 94.3692 175
14.4867 0000 94.3756 189
14.5275 0000 94.3819 208
14.5690 0000 94.3971 215
14.6098 0000 94.4035 236
14.6516 0000 94.4209 248
14.6920 0000 94.4228 216
14.7322 0000 94.4226 184
14.7742 0000 94.4422 155
14.8146 0000 94.4441 151
14.8546 0000 94.4417 143
14.8924 0000 94.4149 136
14.9323 0000 94.4124 128
14.9729 0000 94.4165 131
15.0151 0000 94.4384 139
15.0539 0000 94.4226 124
15.0945 0000 94.4268 130
15.1355 0000 94.4353 132
15.1799 0000 94.4815 125
15.2215 0000 94.4967 133
15.2623 0000 94.5030 150
15.3023 0000 94.5006 141
15.3415 0000 94.4892 115
15.3792 0000 94.4624 104
15.4183 0000 94.4511 98
15.4579 0000 94.4442 107
15.4968 0000 94.4307 111
15.5370 0000 94.4304 124
15.5769 0000 94.4279 128
15.6164 0000 94.4210 127
15.6564 0000 94.4186 148
15.6968 0000 94.4205 198
15.7373 0000 94.4246 251
15.7779 0000 94.4288 298
15.8197 0000 94.4462 320
15.8601 0000 94.4481 342
15.9009 0000 94.4545 321
15.9417 0000 94.4608 297
15.9835 0000 94.4782 323
16.0239 0000 94.4801 313
16.0647 0000 94.4865 285
16.1055 0000 94.4929 279
16.1458 0000 94.4948 276
16.1864 0000 94.4989 261
16.2302 0000 94.5362 260
16.2713 0000 94.5448 264
16.3118 0000 94.5489 264
16.3520 0000 94.5487 266
16.3919 0000 94.5462 254
16.4321 0000 94.5459 227
16.4722 0000 94.5456 206
16.5115 0000 94.5365 198
16.5490 0000 94.5097 195
16.5887 0000 94.5050 225
16.6290 0000 94.5069 273
16.6698 0000 94.5132 320
16.7104 0000 94.5174 349
16.7528 0000 94.5392 382
16.7936 0000 94.5456 361
16.8362 0000 94.5696 322
16.8768 0000 94.5737 315
16.9171 0000 94.5757 293
16.9577 0000 94.5798 259
16.9983 0000 94.5839 217
17.0384 0000 94.5837 177
17.0806 0000 94.6033 173
17.1217 0000 94.6118 188
17.1622 0000 94.6160 209
17.2024 0000 94.6157 223
17.2425 0000 94.6154 223
17.2822 0000 94.6107 191
17.3223 0000 94.6104 154
17.3627 0000 94.6123 141
17.4028 0000 94.6120 153
17.4427 0000 94.6095 163
17.4831 0000 94.6114 156
17.5236 0000 94.6156 156
17.5642 0000 94.6197 155
17.6041 0000 94.6172 137
17.6468 0000 94.6413 128
17.6905 0000 94.6742 117
17.7318 0000 94.6850 126
17.7757 0000 94.7201 139
17.8192 0000 94.7508 165
17.8598 0000 94.7550 176
17.8999 0000 94.7547 187
17.9398 0000 94.7522 182
17.9792 0000 94.7452 157
18.0163 0000 94.7161 147
18.0566 0000 94.7180 130
18.0977 0000 94.7266 121
18.1383 0000 94.7307 128
18.1787 0000 94.7327 139
18.2188 0000 94.7324 143
18.2587 0000 94.7298 145
18.2986 0000 94.7273 156
18.3392 0000 94.7315 176
18.3813 0000 94.7489 168
18.4226 0000 94.7597 166
18.4655 0000 94.7838 181
18.5083 0000 94.8079 171
18.5484 0000 94.8076 178
18.5876 0000 94.7984 187
18.6307 0000 94.8247 144
18.6723 0000 94.8377 127
18.7152 0000 94.8619 130
18.7581 0000 94.8860 116
18.7992 0000 94.8946 117
18.8404 0000 94.9032 117
18.8833 0000 94.9273 105
18.9204 0000 94.9003 103
18.9598 0000 94.8934 102
18.9999 0000 94.8931 110
19.0398 0000 94.8906 132
19.0792 0000 94.8836 148
19.1173 0000 94.8656 160
19.1577 0000 94.8675 148
19.1973 0000 94.8628 136
19.2369 0000 94.8580 134
19.2748 0000 94.8378 130
19.3144 0000 94.8331 138
19.3547 0000 94.8350 154
19.3954 0000 94.8391 172
19.4373 0000 94.8544 198
19.4771 0000 94.8519 217
19.5175 0000 94.8538 235
19.5582 0000 94.8580 231
19.6009 0000 94.8799 213
19.6426 0000 94.8929 220
19.6843 0000 94.9060 222
19.7288 0000 94.9434 221
19.7708 0000 94.9587 204
19.8141 0000 94.9851 203
19.8579 0000 95.0159 178
19.9023 0000 95.0512 178
19.9456 0000 95.0776 212
19.9868 0000 95.0863 222
20.0275 0000 95.0904 239
20.0677 0000 95.0902 241
20.1113 0000 95.1188 200
20.1528 0000 95.1297 174
20.1938 0000 95.1361 156
20.2310 0000 95.1113 152
20.2709 0000 95.1088 152
20.3113 0000 95.1108 153
20.3542 0000 95.1327 162
20.3978 0000 95.1614 150
20.4418 0000 95.1923 139
20.4828 0000 95.1987 137
20.5230 0000 95.1985 132
20.5626 0000 95.1938 119
20.6055 0000 95.2158 110
20.6424 0000 95.1888 110
20.6820 0000 95.1840 113
20.7227 0000 95.1882 114
20.7634 0000 95.1924 125
20.8069 0000 95.2189 136
20.8479 0000 95.2253 149
20.8886 0000 95.2295 150
20.9296 0000 95.2359 158
20.9722 0000 95.2557 176
21.0132 0000 95.2622 157
21.0514 0000 95.2463 141
21.0919 0000 95.2483 154
21.1354 0000 95.2747 163
21.1784 0000 95.2968 146
21.2165 0000 95.2809 164
21.2570 0000 95.2829 154
21.2977 0000 95.2871 135
21.3376 0000 95.2846 131
21.3800 0000 95.3022 129
21.4213 0000 95.3108 131
21.4620 0000 95.3150 125
21.5030 0000 95.3215 113
21.5497 0000 95.3725 105
21.5942 0000 95.4057 113
21.6355 0000 95.4144 112
21.6765 0000 95.4208 106
21.7218 0000 95.4607 97
21.7632 0000 95.4694 88
21.8028 0000 95.4647 97
21.8400 0000 95.4421 114
21.8805 0000 95.4441 118
21.9247 0000 95.4751 108
21.9704 0000 95.5173 97
22.0152 0000 95.5528 108
22.0559 0000 95.5570 93
22.0961 0000 95.5567 77
22.1375 0000 95.5654 75
22.1779 0000 95.5674 76
22.2172 0000 95.5604 73
22.2609 0000 95.5870 72
22.3019 0000 95.5934 82
22.3427 0000 95.5976 93
22.3828 0000 95.5974 103
22.4227 0000 95.5949 116
22.4625 0000 95.5924 125
22.5027 0000 95.5921 126
22.5440 0000 95.6008 133
22.5868 0000 95.6207 141
22.6264 0000 95.6160 160
22.6668 0000 95.6179 170
22.7099 0000 95.6400 189
22.7516 0000 95.6510 190
22.7926 0000 95.6574 185
22.8358 0000 95.6795 167
22.8750 0000 95.6726 166
22.9178 0000 95.6924 166
22.9607 0000 95.7123 164
23.0017 0000 95.7188 194
23.0425 0000 95.7230 205
23.0832 0000 95.7272 197
23.1258 0000 95.7449 207
23.1699 0000 95.7737 259
23.2118 0000 95.7869 218
23.2523 0000 95.7889 161
23.2936 0000 95.7976 115
23.3343 0000 95.8018 101
23.3745 0000 95.8015 98
23.4177 0000 95.8237 111
23.4584 0000 95.8279 120
23.4994 0000 95.8344 125
23.5402 0000 95.8386 138
23.5800 0000 95.8361 137
23.6192 0000 95.8292 119
23.6583 0000 95.8222 115
23.6947 0000 95.7951 116
23.7338 0000 95.7881 121
23.7742 0000 95.7901 143
23.8146 0000 95.7921 173
23.8553 0000 95.7963 173
23.8960 0000 95.8006 169
23.9358 0000 95.7981 169
23.9752 0000 95.7934 162
24.0147 0000 95.7887 140
24.0550 0000 95.7907 115
24.0967 0000 95.8016 109
24.1428 0000 95.8439 107
24.1842 0000 95.8526 103
24.2261 0000 95.8658 106
24.2672 0000 95.8723 103
24.3063 0000 95.8653 93
24.3428 0000 95.8405 88
24.3864 0000 95.8649 83
24.4304 0000 95.8915 76
24.4711 0000 95.8957 83
24.5124 0000 95.9045 92
24.5561 0000 95.9289 100
24.5961 0000 95.9287 107
24.6365 0000 95.9307 104
24.6763 0000 95.9282 108
24.7163 0000 95.9279 114
24.7567 0000 95.9299 117
24.8001 0000 95.9521 108
24.8411 0000 95.9586 107
24.8858 0000 95.9898 123
24.9268 0000 95.9963 130
24.9666 0000 95.9938 128
25.0067 0000 95.9936 130
25.0481 0000 96.0023 142
25.0944 0000 96.0447 156
25.1358 0000 96.0535 166
25.1743 0000 96.0420 176
25.2137 0000 96.0373 206
25.2518 0000 96.0236 229
25.2908 0000 96.0166 254
25.3306 0000 96.0141 281
25.3673 0000 95.9915 334
25.4073 0000 95.9912 352
25.4481 0000 95.9955 334
25.4885 0000 95.9975 288
25.5309 0000 96.0130 212
25.5720 0000 96.0195 176
25.6151 0000 96.0395 194
25.6592 0000 96.0662 238
25.6993 0000 96.0659 195
25.7387 0000 96.0612 149
25.7788 0000 96.0610 154
