wt=151316124, DLLFiFo=0
-25.6063 0000 92.1834 146
-25.5718 0000 92.2170 155
-25.5371 0000 92.2485 143
-25.5007 0000 92.2692 146
-25.4578 0000 92.2451 128
-25.4137 0000 92.2124 88
-25.3736 0000 92.2075 88
-25.3336 0000 92.2026 90
-25.2926 0000 92.1913 117
-25.2497 0000 92.1672 153
-25.2090 0000 92.1580 174
-25.1693 0000 92.1553 153
-25.1299 0000 92.1546 133
-25.0913 0000 92.1604 120
-25.0534 0000 92.1705 107
-25.0185 0000 92.2020 109
-24.9849 0000 92.2420 105
-24.9469 0000 92.2521 134
-24.9056 0000 92.2386 159
-24.8622 0000 92.2102 139
-24.8213 0000 92.1989 124
-24.7848 0000 92.2197 139
-24.7478 0000 92.2362 152
-24.7146 0000 92.2806 156
-24.6767 0000 92.2907 170
-24.6402 0000 92.3115 169
-24.6016 0000 92.3173 167
-24.5606 0000 92.3060 170
-24.5211 0000 92.3054 147
-24.4825 0000 92.3113 138
-24.4442 0000 92.3193 140
-24.4062 0000 92.3294 139
-24.3658 0000 92.3224 174
-24.3263 0000 92.3218 199
-24.2880 0000 92.3298 195
-24.2514 0000 92.3506 187
-24.2125 0000 92.3543 154
-24.1736 0000 92.3581 133
-24.1344 0000 92.3596 119
-24.0922 0000 92.3398 115
-24.0451 0000 92.2834 136
-24.0029 0000 92.2636 149
-23.9637 0000 92.2652 157
-23.9269 0000 92.2839 170
-23.8885 0000 92.2919 153
-23.8499 0000 92.2978 126
-23.8086 0000 92.2843 111
-23.7601 0000 92.2174 125
-23.7172 0000 92.1911 155
-23.6733 0000 92.1584 163
-23.6339 0000 92.1579 157
-23.5944 0000 92.1573 145
-23.5563 0000 92.1675 127
-23.5180 0000 92.1755 103
-23.4805 0000 92.1900 77
-23.4644 0000 92.3653 49
-23.4451 0000 92.5173 86
-23.4050 0000 92.5125 135
-23.3651 0000 92.5098 162
-23.3250 0000 92.5050 174
-23.2845 0000 92.4981 167
-23.2427 0000 92.4804 152
-23.2031 0000 92.4799 129
-23.1629 0000 92.4751 130
-23.1233 0000 92.4746 138
-23.0849 0000 92.4827 136
-23.0456 0000 92.4844 115
-23.0063 0000 92.4860 96
-22.9661 0000 92.4812 110
-22.9243 0000 92.4636 146
-22.8849 0000 92.4652 182
-22.8467 0000 92.4755 175
-22.8043 0000 92.4536 186
-22.7650 0000 92.4553 175
-22.7265 0000 92.4634 162
-22.6891 0000 92.4802 141
-22.6465 0000 92.4560 151
-22.6055 0000 92.4448 155
-22.5617 0000 92.4122 124
-22.5169 0000 92.3709 99
-22.4699 0000 92.3125 100
-22.4257 0000 92.2755 120
-22.3848 0000 92.2644 118
-22.3436 0000 92.2511 76
-22.3064 0000 92.2699 71
-22.2668 0000 92.2695 76
-22.2246 0000 92.2476 80
-22.1839 0000 92.2386 88
-22.1470 0000 92.2597 93
-22.1125 0000 92.3000 111
-22.0775 0000 92.3361 118
-22.0416 0000 92.3658 122
-22.0020 0000 92.3654 111
-21.9592 0000 92.3392 100
-21.9167 0000 92.3152 110
-21.8770 0000 92.3148 136
-21.8377 0000 92.3165 180
-21.7981 0000 92.3161 192
-21.7603 0000 92.3308 189
-21.7210 0000 92.3325 170
-21.6808 0000 92.3278 160
-21.6378 0000 92.2995 133
-21.5966 0000 92.2862 111
-21.5533 0000 92.2558 103
-21.5103 0000 92.2275 107
-21.4667 0000 92.1949 165
-21.4240 0000 92.1688 165
-21.3834 0000 92.1598 135
-21.3456 0000 92.1744 118
-21.3060 0000 92.1741 116
-21.2705 0000 92.2080 112
-21.2327 0000 92.2226 106
-21.1929 0000 92.2201 87
-21.1551 0000 92.2347 87
-21.1131 0000 92.2151 113
-21.0753 0000 92.2297 122
-21.0339 0000 92.2143 126
-20.9938 0000 92.2096 130
-20.9519 0000 92.1899 129
-20.9117 0000 92.1853 112
-20.8721 0000 92.1849 114
-20.8356 0000 92.2102 125
-20.7972 0000 92.2206 153
-20.7583 0000 92.2267 171
-20.7179 0000 92.2198 174
-20.6771 0000 92.2087 170
-20.6369 0000 92.2040 157
-20.5981 0000 92.2101 140
-20.5589 0000 92.2140 133
-20.5191 0000 92.2115 142
-20.4777 0000 92.1961 168
-20.4351 0000 92.1699 214
-20.3925 0000 92.1438 217
-20.3511 0000 92.1284 240
-20.3091 0000 92.1066 222
-20.2687 0000 92.0998 196
-20.2289 0000 92.0972 180
-20.1897 0000 92.1011 171
-20.1472 0000 92.0750 157
-20.1020 0000 92.0253 129
-20.0570 0000 91.9778 138
-20.0177 0000 91.9796 143
-19.9810 0000 92.0049 128
-19.9521 0000 92.0988 110
-19.9127 0000 92.1005 110
-19.8719 0000 92.0894 126
-19.8294 0000 92.0633 169
-19.7893 0000 92.0586 202
-19.7473 0000 92.0367 216
-19.7065 0000 92.0256 235
-19.6652 0000 92.0102 254
-19.6261 0000 92.0141 243
-19.5865 0000 92.0137 219
-19.5467 0000 92.0112 175
-19.5063 0000 92.0043 136
-19.4651 0000 91.9889 128
-19.4198 0000 91.9371 137
-19.3791 0000 91.9260 149
-19.3388 0000 91.9192 154
-19.2945 0000 91.8760 157
-19.2540 0000 91.8670 153
-19.2135 0000 91.8581 141
-19.1707 0000 91.8277 146
-19.1271 0000 91.7910 132
-19.0878 0000 91.7927 129
-19.0526 0000 91.8329 128
-19.0198 0000 91.8945 122
-18.9811 0000 91.9026 115
-18.9420 0000 91.9065 139
-18.9026 0000 91.9082 196
-18.8624 0000 91.9014 208
-18.8214 0000 91.8882 183
-18.7802 0000 91.8728 170
-18.7381 0000 91.8488 137
-18.6981 0000 91.8441 105
-18.6605 0000 91.8630 94
-18.6167 0000 91.8219 89
-18.5766 0000 91.8172 83
-18.5373 0000 91.8189 89
-18.4966 0000 91.8078 129
-18.4532 0000 91.7711 176
-18.4112 0000 91.7472 231
-18.3707 0000 91.7382 216
-18.3296 0000 91.7229 180
-18.2918 0000 91.7395 201
-18.2540 0000 91.7562 223
-18.2158 0000 91.7686 270
-18.1777 0000 91.7831 254
-18.1390 0000 91.7913 242
-18.1001 0000 91.7973 231
-18.0625 0000 91.8161 219
-18.0246 0000 91.8328 166
-17.9901 0000 91.8815 138
-17.9535 0000 91.9111 120
-17.9163 0000 91.9342 119
-17.8767 0000 91.9338 151
-17.8357 0000 91.9205 221
-17.7963 0000 91.9222 252
-17.7578 0000 91.9325 237
-17.7173 0000 91.9235 188
-17.6775 0000 91.9210 205
-17.6376 0000 91.9184 219
-17.5978 0000 91.9159 209
-17.5579 0000 91.9133 199
-17.5179 0000 91.9086 196
-17.4772 0000 91.8975 197
-17.4378 0000 91.8992 156
-17.3990 0000 91.9074 164
-17.3606 0000 91.9198 172
-17.3243 0000 91.9537 155
-17.2916 0000 92.0239 140
-17.2528 0000 92.0321 169
-17.2119 0000 92.0188 197
-17.1693 0000 91.9884 201
-17.1286 0000 91.9773 190
-17.0885 0000 91.9726 170
-17.0493 0000 91.9765 149
-17.0100 0000 91.9804 119
-16.9687 0000 91.9628 87
-16.9338 0000 92.0117 69
-16.8976 0000 92.0477 81
-16.8583 0000 92.0516 96
-16.8186 0000 92.0512 101
-16.7787 0000 92.0487 92
-16.7415 0000 92.0740 85
-16.7026 0000 92.0822 90
-16.6635 0000 92.0882 83
-16.6242 0000 92.0921 83
-16.5843 0000 92.0895 85
-16.5438 0000 92.0806 85
-16.5043 0000 92.0823 92
-16.4656 0000 92.0926 96
-16.4261 0000 92.0944 107
-16.3852 0000 92.0811 136
-16.3425 0000 92.0485 143
-16.3008 0000 92.0267 156
-16.2591 0000 92.0048 190
-16.2184 0000 91.9937 194
-16.1774 0000 91.9783 156
-16.1388 0000 91.9907 146
-16.1009 0000 92.0096 127
-16.0688 0000 92.0929 112
-16.0479 0000 92.3010 135
-16.0138 0000 92.3630 182
-15.9777 0000 92.4036 175
-15.9444 0000 92.4765 171
-15.9098 0000 92.5343 202
-15.8711 0000 92.5469 236
-15.8342 0000 92.5789 276
-15.7962 0000 92.6001 291
-15.7562 0000 92.5975 309
-15.7163 0000 92.5971 320
-15.6767 0000 92.5989 342
-15.6374 0000 92.6050 349
-15.5984 0000 92.6154 361
-15.5635 0000 92.6712 384
-15.5249 0000 92.6860 370
-15.4869 0000 92.7072 354
-15.4470 0000 92.7068 342
-15.4073 0000 92.7086 362
-15.3694 0000 92.7320 358
-15.3304 0000 92.7424 380
-15.2911 0000 92.7485 363
-15.2515 0000 92.7525 284
-15.2138 0000 92.7781 213
-15.1743 0000 92.7820 167
-15.1338 0000 92.7751 154
-15.0911 0000 92.7423 152
-15.0512 0000 92.7419 192
-15.0120 0000 92.7502 286
-14.9724 0000 92.7541 377
-14.9338 0000 92.7689 401
-14.8940 0000 92.7706 302
-14.8542 0000 92.7724 210
-14.8130 0000 92.7569 176
-14.7753 0000 92.7825 161
-14.7373 0000 92.8059 184
-14.6993 0000 92.8294 179
-14.6593 0000 92.8290 185
-14.6176 0000 92.8069 187
-14.5757 0000 92.7827 179
-14.5359 0000 92.7845 169
-14.4979 0000 92.8079 173
-14.4583 0000 92.8118 142
-14.4232 0000 92.8722 135
-14.3902 0000 92.9586 141
-14.3460 0000 92.9061 214
-14.3043 0000 92.8840 288
-14.2650 0000 92.8923 402
-14.2247 0000 92.8876 528
-14.1847 0000 92.8872 567
-14.1449 0000 92.8889 588
-14.1052 0000 92.8929 595
-14.0656 0000 92.8968 536
-14.0261 0000 92.9030 451
-13.9864 0000 92.9069 381
-13.9473 0000 92.9174 363
-13.9078 0000 92.9235 337
-13.8713 0000 92.9687 266
-13.8348 0000 93.0139 216
-13.7976 0000 93.0505 212
-13.7617 0000 93.1044 177
-13.7220 0000 93.1084 151
-13.6775 0000 93.0493 126
-13.6332 0000 92.9924 140
-13.5902 0000 92.9529 161
-13.5533 0000 92.9938 156
-13.5146 0000 93.0108 134
-13.4768 0000 93.0408 105
-13.4420 0000 93.1100 113
-13.4047 0000 93.1466 159
-13.3649 0000 93.1506 218
-13.3263 0000 93.1698 252
-13.2869 0000 93.1781 233
-13.2471 0000 93.1820 225
-13.2071 0000 93.1816 229
-13.1676 0000 93.1900 222
-13.1282 0000 93.1983 195
-13.0881 0000 93.1979 153
-13.0490 0000 93.2106 146
-13.0089 0000 93.2102 158
-12.9702 0000 93.2294 146
-12.9309 0000 93.2399 130
-12.8916 0000 93.2504 116
-12.8520 0000 93.2565 107
-12.8136 0000 93.2801 101
-12.7739 0000 93.2862 88
-12.7338 0000 93.2858 80
-12.6911 0000 93.2484 99
-12.6498 0000 93.2306 154
-12.6098 0000 93.2323 159
-12.5710 0000 93.2494 153
-12.5321 0000 93.2664 121
-12.4908 0000 93.2486 109
-12.4513 0000 93.2569 112
-12.4134 0000 93.2892 130
-12.3732 0000 93.2866 139
-12.3323 0000 93.2753 147
-12.2905 0000 93.2509 140
-12.2506 0000 93.2527 131
-12.2124 0000 93.2807 127
-12.1747 0000 93.3151 116
-12.1373 0000 93.3562 142
-12.0977 0000 93.3623 169
-12.0583 0000 93.3728 166
-12.0178 0000 93.3681 173
-11.9752 0000 93.3306 174
-11.9345 0000 93.3215 172
-11.8943 0000 93.3189 172
-11.8540 0000 93.3163 160
-11.8134 0000 93.3093 150
-11.7715 0000 93.2806 162
-11.7306 0000 93.2693 163
-11.6890 0000 93.2449 135
-11.6481 0000 93.2336 99
-11.6121 0000 93.2964 83
-11.5759 0000 93.3571 118
-11.5376 0000 93.3850 125
-11.4989 0000 93.4065 120
-11.4590 0000 93.4104 106
-11.4194 0000 93.4188 114
-11.3794 0000 93.4205 120
-11.3375 0000 93.3917 112
-11.2969 0000 93.3848 108
-11.2559 0000 93.3713 91
-11.2135 0000 93.3338 97
-11.1721 0000 93.3138 122
-11.1332 0000 93.3330 159
-11.0943 0000 93.3522 173
-11.0556 0000 93.3758 209
-11.0163 0000 93.3885 232
-10.9768 0000 93.3990 228
-10.9363 0000 93.3921 234
-10.8915 0000 93.3153 256
-10.8469 0000 93.2407 291
-10.8050 0000 93.2098 328
-10.7649 0000 93.2094 286
-10.7251 0000 93.2156 226
-10.6854 0000 93.2217 173
-10.6450 0000 93.2169 144
-10.6030 0000 93.1839 143
-10.5615 0000 93.1595 119
-10.5243 0000 93.2092 118
-10.4850 0000 93.2219 124
-10.4454 0000 93.2302 123
-10.4053 0000 93.2298 119
-10.3645 0000 93.2185 116
-10.3234 0000 93.2007 115
-10.2793 0000 93.1306 120
-10.2372 0000 93.0932 105
-10.1965 0000 93.0819 103
-10.1554 0000 93.0641 117
-10.1152 0000 93.0616 120
-10.0745 0000 93.0503 117
-10.0341 0000 93.0434 112
-9.9951 0000 93.0625 105
-9.9541 0000 93.0447 123
-9.9141 0000 93.0465 127
-9.8743 0000 93.0505 129
-9.8342 0000 93.0501 138
-9.7940 0000 93.0475 129
-9.7552 0000 93.0710 117
-9.7151 0000 93.0706 149
-9.6746 0000 93.0616 177
-9.6331 0000 93.0351 154
-9.5916 0000 93.0064 153
-9.5513 0000 93.0017 156
-9.5107 0000 92.9926 153
-9.4702 0000 92.9835 158
-9.4290 0000 92.9614 194
-9.3889 0000 92.9589 207
-9.3499 0000 92.9802 191
-9.3110 0000 93.0015 196
-9.2735 0000 93.0533 204
-9.2339 0000 93.0616 204
-9.1937 0000 93.0591 170
-9.1522 0000 93.0304 140
-9.1104 0000 92.9953 114
-9.0688 0000 92.9645 113
-9.0260 0000 92.9076 92
-8.9851 0000 92.8899 76
-8.9432 0000 92.8526 78
-8.9016 0000 92.8197 77
-8.8614 0000 92.8150 81
-8.8215 0000 92.8168 90
-8.7820 0000 92.8272 112
-8.7422 0000 92.8333 159
-8.7023 0000 92.8351 201
-8.6628 0000 92.8456 197
-8.6228 0000 92.8474 216
-8.5841 0000 92.8752 208
-8.5466 0000 92.9291 200
-8.5099 0000 93.0026 181
-8.4718 0000 93.0457 167
-8.4319 0000 93.0497 156
-8.3906 0000 93.0210 152
-8.3504 0000 93.0185 142
-8.3084 0000 92.9746 141
-8.2635 0000 92.8657 181
-8.2215 0000 92.8219 259
-8.1805 0000 92.7999 248
-8.1392 0000 92.7713 220
-8.0989 0000 92.7644 179
-8.0583 0000 92.7489 157
-8.0176 0000 92.7334 122
-7.9748 0000 92.6680 111
-7.9329 0000 92.6243 109
-7.8929 0000 92.6218 99
-7.8530 0000 92.6236 93
-7.8159 0000 92.6925 106
-7.7781 0000 92.7463 150
-7.7403 0000 92.7980 191
-7.7005 0000 92.8041 191
-7.6603 0000 92.7994 194
-7.6194 0000 92.7774 233
-7.5792 0000 92.7727 240
-7.5395 0000 92.7810 236
-7.4997 0000 92.7871 214
-7.4597 0000 92.7868 182
-7.4198 0000 92.7907 152
-7.3796 0000 92.7860 113
-7.3389 0000 92.7683 78
-7.2978 0000 92.7398 66
-7.2590 0000 92.7719 65
-7.2191 0000 92.7759 68
-7.1803 0000 92.8059 82
-7.1403 0000 92.8077 109
-7.1011 0000 92.8313 124
-7.0617 0000 92.8483 154
-7.0220 0000 92.8566 178
-6.9820 0000 92.8562 181
-6.9417 0000 92.8494 199
-6.9015 0000 92.8447 218
-6.8619 0000 92.8595 219
-6.8220 0000 92.8613 243
-6.7819 0000 92.8610 248
-6.7417 0000 92.8563 244
-6.7018 0000 92.8603 238
-6.6621 0000 92.8708 227
-6.6220 0000 92.8704 244
-6.5814 0000 92.8527 312
-6.5403 0000 92.8220 415
-6.5000 0000 92.8151 433
-6.4593 0000 92.7953 398
-6.4193 0000 92.7971 404
-6.3796 0000 92.8076 366
-6.3402 0000 92.8246 335
-6.3001 0000 92.8243 294
-6.2602 0000 92.8283 285
-6.2211 0000 92.8583 259
-6.1822 0000 92.8927 239
-6.1420 0000 92.8902 224
-6.1007 0000 92.8508 193
-6.0597 0000 92.8200 154
-6.0199 0000 92.8284 118
-5.9819 0000 92.8932 102
-5.9417 0000 92.8885 99
-5.8994 0000 92.8143 110
-5.8572 0000 92.7446 132
-5.8154 0000 92.6857 167
-5.7746 0000 92.6594 222
-5.7345 0000 92.6569 219
-5.6946 0000 92.6587 199
-5.6550 0000 92.6735 178
-5.6165 0000 92.7252 177
-5.5793 0000 92.8268 170
-5.5398 0000 92.8460 182
-5.5004 0000 92.8696 208
-5.4599 0000 92.8540 209
-5.4204 0000 92.8732 229
-5.3806 0000 92.8838 241
-5.3410 0000 92.8986 257
-5.3017 0000 92.9287 227
-5.2624 0000 92.9588 223
-5.2225 0000 92.9650 215
-5.1826 0000 92.9712 207
-5.1431 0000 92.9926 198
-5.1031 0000 92.9966 217
-5.0636 0000 93.0224 245
-5.0237 0000 93.0286 240
-4.9837 0000 93.0326 236
-4.9442 0000 93.0562 223
-4.9041 0000 93.0602 210
-4.8640 0000 93.0599 200
-4.8237 0000 93.0509 218
-4.7831 0000 93.0288 251
-4.7430 0000 93.0328 245
-4.7034 0000 93.0520 216
-4.6627 0000 93.0278 232
-4.6223 0000 93.0144 254
-4.5817 0000 92.9901 264
-4.5412 0000 92.9724 306
-4.5010 0000 92.9699 300
-4.4610 0000 92.9717 281
-4.4210 0000 92.9779 249
-4.3811 0000 92.9885 205
-4.3406 0000 92.9664 250
-4.3005 0000 92.9661 333
-4.2605 0000 92.9723 399
-4.2208 0000 92.9893 381
-4.1808 0000 92.9955 381
-4.1411 0000 93.0170 376
-4.1015 0000 93.0427 302
-4.0617 0000 93.0576 313
-4.0221 0000 93.0856 351
-3.9828 0000 93.1245 289
-3.9434 0000 93.1634 271
-3.9037 0000 93.1914 231
-3.8637 0000 93.1976 230
-3.8235 0000 93.1929 254
-3.7828 0000 93.1621 293
-3.7423 0000 93.1421 264
-3.7021 0000 93.1396 203
-3.6623 0000 93.1567 155
-3.6224 0000 93.1738 134
-3.5828 0000 93.2040 128
-3.5428 0000 93.2146 110
-3.5036 0000 93.2710 96
-3.4640 0000 93.3078 102
-3.4242 0000 93.3315 106
-3.3840 0000 93.3333 114
-3.3439 0000 93.3374 113
-3.3037 0000 93.3371 121
-3.2636 0000 93.3389 140
-3.2234 0000 93.3430 146
-3.1832 0000 93.3405 131
-3.1430 0000 93.3358 106
-3.1032 0000 93.3660 86
-3.0635 0000 93.3985 85
-3.0233 0000 93.3981 80
-2.9827 0000 93.3694 76
-2.9428 0000 93.3953 79
-2.9027 0000 93.3994 85
-2.8625 0000 93.4012 110
-2.8223 0000 93.4031 143
-2.7821 0000 93.4028 151
-2.7419 0000 93.4024 138
-2.7017 0000 93.4043 129
-2.6616 0000 93.4127 141
-2.6217 0000 93.4386 155
-2.5817 0000 93.4536 164
-2.5418 0000 93.4817 149
-2.5018 0000 93.5033 99
-2.4619 0000 93.5358 88
-2.4219 0000 93.5661 85
-2.3818 0000 93.5724 97
-2.3418 0000 93.5962 155
-2.3016 0000 93.6024 240
-2.2613 0000 93.6043 295
-2.2210 0000 93.5908 264
-2.1807 0000 93.5927 253
-2.1406 0000 93.6121 256
-2.1006 0000 93.6337 186
-2.0604 0000 93.6421 156
-2.0202 0000 93.6462 151
-1.9799 0000 93.6524 168
-1.9399 0000 93.6894 222
-1.8997 0000 93.6978 323
-1.8595 0000 93.7019 382
-1.8193 0000 93.7103 337
-1.7791 0000 93.7188 261
-1.7391 0000 93.7689 208
-1.6989 0000 93.7884 179
-1.6589 0000 93.8408 190
-1.6187 0000 93.8558 218
-1.5784 0000 93.8621 206
-1.5381 0000 93.8596 169
-1.4979 0000 93.8790 151
-1.4577 0000 93.9139 134
-1.4177 0000 93.9774 159
-1.3775 0000 94.0145 185
-1.3372 0000 94.0383 239
-1.2969 0000 94.0424 301
-1.2566 0000 94.0465 375
-1.2163 0000 94.0726 371
-1.1760 0000 94.0921 330
-1.1357 0000 94.1226 288
-1.0954 0000 94.1532 219
-1.0550 0000 94.1616 191
-1.0147 0000 94.1856 176
-0.9743 0000 94.1874 135
-0.9339 0000 94.1849 104
-0.8936 0000 94.2155 95
-0.8533 0000 94.2504 98
-0.8129 0000 94.2810 98
-0.7725 0000 94.2983 112
-0.7321 0000 94.3289 133
-0.6917 0000 94.3286 164
-0.6513 0000 94.3260 172
-0.6108 0000 94.3279 160
-0.5704 0000 94.3276 142
-0.5300 0000 94.3294 131
-0.4896 0000 94.3446 134
-0.4491 0000 94.3906 143
-0.4087 0000 94.3969 149
-0.3682 0000 94.4121 160
-0.3277 0000 94.4538 164
-0.2873 0000 94.4534 141
-0.2469 0000 94.4243 129
-0.2065 0000 94.3974 112
-0.1661 0000 94.3838 117
-0.1257 0000 94.3791 124
-0.0853 0000 94.3898 122
-0.0447 0000 94.4270 132
-0.0043 0000 94.4355 133
0.0362 0000 94.4396 135
0.0767 0000 94.4459 150
0.1172 0000 94.4743 142
0.1579 0000 94.5227 136
0.1984 0000 94.5312 135
0.2388 0000 94.5287 147
0.2792 0000 94.5172 164
0.3195 0000 94.4881 168
0.3599 0000 94.4701 219
0.4004 0000 94.4919 239
0.4411 0000 94.5203 252
0.4816 0000 94.5332 227
0.5221 0000 94.5395 209
0.5626 0000 94.5414 178
0.6032 0000 94.5610 145
0.6438 0000 94.5872 153
0.6843 0000 94.5935 160
0.7248 0000 94.5932 165
0.7652 0000 94.5929 166
0.8057 0000 94.5925 177
0.8462 0000 94.5966 200
0.8868 0000 94.6051 215
0.9274 0000 94.6203 210
0.9678 0000 94.6177 216
1.0081 0000 94.6019 234
1.0486 0000 94.5993 235
1.0890 0000 94.5968 225
1.1295 0000 94.6031 207
1.1701 0000 94.6094 191
1.2105 0000 94.6068 168
1.2509 0000 94.6043 138
1.2914 0000 94.6039 121
1.3318 0000 94.6014 122
1.3723 0000 94.6032 146
1.4128 0000 94.6029 166
1.4531 0000 94.5937 157
1.4934 0000 94.5823 139
1.5337 0000 94.5664 142
1.5742 0000 94.5683 148
1.6146 0000 94.5680 164
1.6553 0000 94.5854 161
1.6957 0000 94.5850 157
1.7362 0000 94.5825 136
1.7763 0000 94.5600 123
1.8167 0000 94.5574 111
1.8572 0000 94.5571 104
1.8976 0000 94.5590 95
1.9381 0000 94.5586 89
1.9784 0000 94.5517 95
2.0187 0000 94.5402 121
2.0589 0000 94.5222 143
2.0993 0000 94.5241 152
2.1398 0000 94.5237 166
2.1803 0000 94.5278 194
2.2207 0000 94.5297 191
2.2610 0000 94.5183 169
2.3011 0000 94.5003 161
2.3413 0000 94.4889 153
2.3811 0000 94.4509 139
2.4213 0000 94.4373 133
2.4617 0000 94.4370 121
2.5023 0000 94.4455 105
2.5426 0000 94.4407 99
2.5829 0000 94.4315 104
2.6233 0000 94.4356 123
2.6638 0000 94.4375 154
2.7042 0000 94.4350 178
2.7444 0000 94.4258 190
2.7841 0000 94.3901 189
2.8244 0000 94.3853 181
2.8651 0000 94.3982 184
2.9054 0000 94.3913 162
2.9453 0000 94.3710 143
2.9856 0000 94.3641 151
3.0259 0000 94.3593 161
3.0663 0000 94.3612 171
3.1069 0000 94.3675 190
3.1474 0000 94.3716 198
3.1878 0000 94.3713 168
3.2281 0000 94.3665 136
3.2678 0000 94.3353 146
3.3080 0000 94.3283 171
3.3484 0000 94.3280 166
3.3887 0000 94.3254 236
3.4287 0000 94.3074 231
3.4690 0000 94.3027 199
3.5093 0000 94.3001 157
3.5495 0000 94.2932 135
3.5893 0000 94.2663 129
3.6294 0000 94.2572 151
3.6691 0000 94.2304 184
3.7093 0000 94.2212 185
3.7496 0000 94.2209 157
3.7901 0000 94.2250 126
3.8298 0000 94.1981 109
3.8692 0000 94.1625 101
3.9093 0000 94.1534 77
3.9505 0000 94.1839 61
3.9917 0000 94.2167 52
4.0312 0000 94.1811 51
4.0696 0000 94.1102 49
4.1069 0000 93.9997 56
4.1447 0000 93.9069 82
4.1854 0000 93.9220 132
4.2257 0000 93.9239 191
4.2671 0000 93.9609 200
4.3093 0000 94.0289 200
4.3506 0000 94.0594 174
4.3935 0000 94.1495 156
4.4342 0000 94.1602 151
4.4744 0000 94.1532 139
4.5129 0000 94.0934 127
4.5521 0000 94.0534 164
4.5915 0000 94.0222 203
4.6314 0000 94.0087 240
4.6717 0000 94.0083 232
4.7120 0000 94.0080 223
4.7519 0000 93.9945 228
4.7909 0000 93.9523 248
4.8310 0000 93.9454 259
4.8711 0000 93.9407 273
4.9109 0000 93.9228 251
4.9497 0000 93.8763 195
4.9896 0000 93.8649 163
5.0298 0000 93.8624 158
5.0711 0000 93.8929 184
5.1126 0000 93.9300 186
5.1542 0000 93.9693 172
5.1958 0000 94.0064 182
5.2364 0000 94.0149 183
5.2768 0000 94.0167 204
5.3158 0000 93.9790 274
5.3553 0000 93.9545 411
5.3954 0000 93.9475 509
5.4353 0000 93.9384 596
5.4757 0000 93.9403 561
5.5159 0000 93.9378 446
5.5569 0000 93.9573 290
5.5984 0000 93.9900 250
5.6391 0000 94.0007 225
5.6805 0000 94.0290 231
5.7219 0000 94.0573 221
5.7624 0000 94.0614 230
5.8024 0000 94.0545 209
5.8427 0000 94.0520 203
5.8834 0000 94.0627 197
5.9250 0000 94.0954 161
5.9680 0000 94.1657 133
6.0092 0000 94.1853 152
6.0505 0000 94.2092 154
6.0905 0000 94.2023 159
6.1306 0000 94.1954 165
6.1711 0000 94.1973 185
6.2117 0000 94.2036 193
6.2525 0000 94.2143 178
6.2948 0000 94.2626 157
6.3354 0000 94.2689 143
6.3757 0000 94.2664 137
6.4150 0000 94.2418 153
6.4541 0000 94.2106 157
6.4943 0000 94.2081 162
6.5349 0000 94.2122 156
6.5754 0000 94.2163 158
6.6175 0000 94.2579 178
6.6581 0000 94.2620 199
6.6983 0000 94.2595 197
6.7388 0000 94.2614 207
6.7793 0000 94.2655 247
6.8198 0000 94.2697 278
6.8604 0000 94.2738 288
6.9020 0000 94.3022 265
6.9447 0000 94.3550 254
6.9858 0000 94.3701 242
7.0284 0000 94.4207 246
7.0693 0000 94.4315 253
7.1099 0000 94.4356 261
7.1499 0000 94.4264 263
7.1889 0000 94.3974 270
7.2282 0000 94.3728 234
7.2673 0000 94.3459 245
7.3073 0000 94.3390 233
7.3498 0000 94.3829 228
7.3924 0000 94.4313 213
7.4346 0000 94.4686 224
7.4750 0000 94.4683 236
7.5152 0000 94.4658 231
7.5559 0000 94.4722 201
7.5967 0000 94.4807 174
7.6383 0000 94.5048 146
7.6778 0000 94.4868 157
7.7178 0000 94.4777 185
7.7578 0000 94.4707 210
7.7968 0000 94.4417 214
7.8359 0000 94.4170 271
7.8761 0000 94.4123 292
7.9161 0000 94.4054 281
7.9563 0000 94.4007 258
7.9971 0000 94.4092 235
8.0401 0000 94.4621 225
8.0838 0000 94.5260 247
8.1264 0000 94.5700 280
8.1686 0000 94.6052 377
8.2102 0000 94.6271 403
8.2508 0000 94.6312 414
8.2914 0000 94.6332 387
8.3312 0000 94.6218 357
8.3715 0000 94.6193 289
8.4114 0000 94.6101 244
8.4517 0000 94.6076 194
8.4928 0000 94.6206 149
8.5360 0000 94.6714 146
8.5771 0000 94.6844 187
8.6177 0000 94.6886 246
8.6590 0000 94.7038 266
8.6997 0000 94.7080 283
8.7406 0000 94.7166 282
8.7823 0000 94.7407 290
8.8235 0000 94.7538 276
8.8642 0000 94.7579 255
8.9045 0000 94.7554 207
8.9451 0000 94.7574 158
8.9874 0000 94.7904 140
9.0296 0000 94.8212 140
9.0715 0000 94.8476 160
9.1119 0000 94.8451 184
9.1524 0000 94.8471 201
9.1945 0000 94.8757 205
9.2371 0000 94.9110 237
9.2782 0000 94.9219 273
9.3190 0000 94.9283 289
9.3607 0000 94.9480 302
9.4013 0000 94.9500 284
9.4401 0000 94.9208 248
9.4788 0000 94.8916 256
9.5191 0000 94.8891 243
9.5596 0000 94.8888 220
9.6002 0000 94.8908 185
9.6408 0000 94.8927 156
9.6825 0000 94.9125 152
9.7231 0000 94.9144 138
9.7620 0000 94.8897 124
9.8037 0000 94.9094 117
9.8443 0000 94.9114 122
9.8834 0000 94.8889 140
9.9242 0000 94.8931 155
9.9663 0000 94.9195 167
10.0087 0000 94.9504 206
10.0497 0000 94.9590 213
10.0904 0000 94.9632 202
10.1311 0000 94.9652 195
10.1718 0000 94.9694 197
10.2121 0000 94.9669 206
10.2522 0000 94.9599 225
10.2927 0000 94.9597 255
10.3343 0000 94.9772 256
10.3752 0000 94.9836 245
10.4154 0000 94.9789 245
10.4566 0000 94.9898 260
10.4956 0000 94.9673 226
10.5353 0000 94.9559 224
10.5757 0000 94.9534 210
10.6169 0000 94.9642 209
10.6581 0000 94.9751 215
10.7001 0000 94.9993 219
10.7421 0000 95.0214 174
10.7827 0000 95.0233 157
10.8230 0000 95.0208 145
10.8638 0000 95.0250 140
10.9052 0000 95.0381 138
10.9470 0000 95.0579 156
10.9874 0000 95.0554 153
11.0272 0000 95.0463 149
11.0665 0000 95.0282 157
11.1070 0000 95.0279 182
11.1468 0000 95.0187 197
11.1867 0000 95.0096 192
11.2267 0000 95.0026 158
11.2659 0000 94.9846 135
11.3078 0000 95.0043 111
11.3484 0000 95.0063 115
11.3879 0000 94.9927 139
11.4284 0000 94.9924 143
11.4684 0000 94.9855 136
11.5086 0000 94.9830 134
11.5493 0000 94.9850 151
11.5895 0000 94.9825 170
11.6298 0000 94.9800 168
11.6701 0000 94.9775 167
11.7106 0000 94.9772 178
11.7513 0000 94.9814 163
11.7921 0000 94.9856 134
11.8330 0000 94.9920 115
11.8738 0000 94.9962 93
11.9139 0000 94.9915 81
11.9542 0000 94.9890 88
11.9945 0000 94.9865 100
12.0349 0000 94.9863 103
12.0732 0000 94.9571 94
12.1126 0000 94.9435 100
12.1526 0000 94.9365 109
12.1923 0000 94.9274 114
12.2304 0000 94.8960 147
12.2687 0000 94.8668 158
12.3082 0000 94.8554 178
12.3479 0000 94.8463 268
12.3883 0000 94.8460 328
12.4289 0000 94.8480 298
12.4700 0000 94.8566 222
12.5078 0000 94.8230 195
12.5472 0000 94.8094 181
12.5874 0000 94.8069 185
12.6272 0000 94.8000 183
12.6666 0000 94.7864 196
12.7070 0000 94.7861 228
12.7473 0000 94.7859 258
12.7872 0000 94.7789 293
12.8251 0000 94.7476 313
12.8646 0000 94.7362 317
12.9042 0000 94.7271 346
12.9444 0000 94.7246 390
12.9842 0000 94.7177 391
13.0226 0000 94.6930 352
13.0610 0000 94.6684 209
13.1003 0000 94.6548 148
13.1402 0000 94.6501 147
13.1813 0000 94.6587 162
13.2221 0000 94.6651 157
13.2642 0000 94.6870 156
13.3051 0000 94.6934 132
13.3450 0000 94.6887 108
13.3843 0000 94.6751 92
13.4195 0000 94.6128 88
13.4560 0000 94.5660 96
13.4943 0000 94.5414 136
13.5348 0000 94.5433 174
13.5752 0000 94.5453 190
13.6157 0000 94.5472 172
13.6565 0000 94.5536 148
13.6995 0000 94.5866 133
13.7408 0000 94.5974 138
13.7829 0000 94.6192 149
13.8239 0000 94.6278 157
13.8640 0000 94.6254 157
13.9013 0000 94.5897 117
13.9358 0000 94.5208 96
13.9728 0000 94.4829 105
14.0123 0000 94.4738 112
14.0499 0000 94.4426 106
14.0877 0000 94.4136 125
14.1268 0000 94.4001 138
14.1647 0000 94.3733 129
14.2064 0000 94.3907 130
14.2470 0000 94.3948 112
14.2867 0000 94.3880 92
14.3246 0000 94.3612 76
14.3596 0000 94.3013 67
14.3995 0000 94.2989 78
14.4391 0000 94.2920 79
14.4785 0000 94.2829 97
14.5181 0000 94.2760 116
14.5577 0000 94.2691 117
14.5938 0000 94.2226 106
14.6328 0000 94.2091 103
14.6723 0000 94.2022 120
14.7131 0000 94.2085 136
14.7546 0000 94.2237 146
14.7985 0000 94.2653 163
14.8389 0000 94.2673 173
14.8792 0000 94.2692 171
14.9194 0000 94.2689 169
14.9573 0000 94.2444 152
14.9972 0000 94.2420 145
15.0380 0000 94.2483 144
15.0799 0000 94.2679 161
15.1201 0000 94.2676 170
15.1604 0000 94.2695 164
15.2006 0000 94.2693 148
15.2405 0000 94.2668 138
15.2810 0000 94.2709 136
15.3210 0000 94.2685 146
15.3611 0000 94.2682 161
15.4017 0000 94.2723 172
15.4438 0000 94.2941 171
15.4798 0000 94.2498 173
15.5191 0000 94.2407 172
15.5595 0000 94.2426 176
15.6046 0000 94.2952 180
15.6455 0000 94.3038 184
15.6859 0000 94.3057 203
15.7258 0000 94.3032 212
15.7615 0000 94.2567 208
15.8003 0000 94.2432 248
15.8398 0000 94.2363 326
15.8805 0000 94.2426 377
15.9217 0000 94.2534 348
15.9633 0000 94.2685 287
16.0008 0000 94.2418 209
16.0401 0000 94.2327 160
16.0795 0000 94.2258 138
16.1194 0000 94.2234 140
16.1595 0000 94.2231 155
16.2013 0000 94.2404 166
16.2407 0000 94.2335 193
16.2804 0000 94.2289 234
16.3202 0000 94.2264 276
16.3601 0000 94.2239 287
16.4002 0000 94.2236 263
16.4405 0000 94.2256 227
16.4781 0000 94.2010 206
16.5175 0000 94.1942 175
16.5547 0000 94.1653 160
16.5928 0000 94.1452 193
16.6329 0000 94.1449 202
16.6747 0000 94.1622 175
16.7152 0000 94.1663 154
16.7554 0000 94.1683 144
16.7959 0000 94.1724 122
16.8369 0000 94.1809 119
16.8798 0000 94.2093 117
16.9255 0000 94.2641 132
16.9689 0000 94.2968 147
17.0126 0000 94.3318 177
17.0561 0000 94.3646 175
17.0966 0000 94.3688 176
17.1367 0000 94.3685 167
17.1768 0000 94.3682 152
17.2166 0000 94.3657 133
17.2540 0000 94.3389 123
17.2943 0000 94.3409 127
17.3353 0000 94.3494 146
17.3760 0000 94.3557 165
17.4163 0000 94.3576 171
17.4564 0000 94.3574 167
17.4969 0000 94.3615 168
17.5426 0000 94.4142 184
17.5836 0000 94.4227 198
17.6241 0000 94.4268 193
17.6668 0000 94.4508 194
17.7071 0000 94.4527 200
17.7490 0000 94.4701 212
17.7896 0000 94.4742 238
17.8309 0000 94.4850 246
17.8759 0000 94.5311 238
17.9172 0000 94.5419 207
17.9606 0000 94.5725 159
18.0055 0000 94.6165 143
18.0526 0000 94.6804 143
18.0927 0000 94.6801 171
18.1292 0000 94.6466 241
18.1686 0000 94.6396 360
18.2092 0000 94.6438 447
18.2498 0000 94.6479 497
18.2870 0000 94.6210 605
18.3263 0000 94.6141 610
18.3674 0000 94.6227 487
18.4097 0000 94.6423 305
18.4490 0000 94.6353 222
18.4864 0000 94.6107 201
18.5265 0000 94.6104 162
18.5691 0000 94.6322 137
18.6107 0000 94.6452 123
18.6572 0000 94.7025 120
18.7013 0000 94.7377 115
18.7421 0000 94.7440 123
18.7830 0000 94.7504 136
18.8266 0000 94.7811 152
18.8702 0000 94.8119 194
18.9116 0000 94.8227 229
18.9548 0000 94.8490 246
18.9954 0000 94.8531 263
19.0365 0000 94.8617 261
19.0825 0000 94.9125 252
19.1300 0000 94.9766 240
19.1725 0000 94.9963 233
19.2183 0000 95.0450 232
19.2594 0000 95.0536 226
19.3004 0000 95.0600 213
19.3400 0000 95.0552 204
19.3802 0000 95.0549 200
19.4209 0000 95.0591 206
19.4595 0000 95.0455 242
19.4992 0000 95.0407 282
19.5385 0000 95.0338 320
19.5782 0000 95.0290 330
19.6183 0000 95.0287 332
19.6585 0000 95.0285 340
19.6986 0000 95.0282 325
19.7417 0000 95.0523 296
19.7868 0000 95.0943 188
19.8346 0000 95.1586 146
19.8814 0000 95.2140 129
19.9240 0000 95.2338 115
19.9676 0000 95.2625 119
20.0118 0000 95.2957 108
20.0534 0000 95.3066 101
20.0971 0000 95.3353 107
20.1375 0000 95.3372 105
20.1788 0000 95.3459 98
20.2231 0000 95.3791 91
20.2636 0000 95.3810 102
20.3040 0000 95.3830 102
20.3481 0000 95.4140 99
20.3921 0000 95.4450 102
20.4337 0000 95.4559 119
20.4772 0000 95.4824 153
20.5204 0000 95.5067 170
20.5617 0000 95.5154 195
20.6031 0000 95.5241 212
20.6441 0000 95.5305 215
20.6849 0000 95.5347 203
20.7298 0000 95.5724 187
20.7723 0000 95.5901 177
20.8178 0000 95.6323 181
20.8622 0000 95.6656 229
20.9033 0000 95.6721 253
20.9444 0000 95.6785 265
20.9849 0000 95.6805 262
21.0244 0000 95.6735 224
21.0646 0000 95.6732 169
21.1130 0000 95.7379 136
21.1620 0000 95.8071 130
21.2076 0000 95.8494 123
21.2530 0000 95.8896 135
21.3000 0000 95.9432 148
21.3409 0000 95.9474 162
21.3804 0000 95.9404 167
21.4207 0000 95.9401 153
21.4610 0000 95.9398 142
21.5015 0000 95.9418 157
21.5427 0000 95.9482 180
21.5838 0000 95.9547 192
21.6253 0000 95.9634 198
21.6687 0000 95.9878 218
21.7122 0000 96.0122 184
21.7545 0000 96.0277 172
21.7956 0000 96.0341 183
21.8365 0000 96.0384 211
21.8794 0000 96.0583 254
21.9194 0000 96.0558 251
21.9600 0000 96.0577 223
22.0038 0000 96.0844 174
22.0464 0000 96.1021 163
22.0905 0000 96.1311 184
22.1317 0000 96.1376 188
22.1746 0000 96.1575 161
22.2158 0000 96.1640 137
22.2561 0000 96.1637 114
22.2958 0000 96.1589 107
22.3328 0000 96.1339 124
22.3728 0000 96.1314 140
22.4158 0000 96.1514 144
22.4563 0000 96.1533 177
22.4969 0000 96.1553 205
22.5381 0000 96.1618 191
22.5822 0000 96.1908 166
22.6270 0000 96.2242 135
22.6676 0000 96.2262 141
22.7075 0000 96.2237 139
22.7478 0000 96.2234 131
22.7884 0000 96.2254 139
22.8283 0000 96.2229 148
22.8659 0000 96.2024 161
22.9055 0000 96.1976 153
22.9455 0000 96.1951 145
22.9854 0000 96.1926 147
23.0247 0000 96.1855 153
23.0647 0000 96.1830 150
23.1022 0000 96.1625 133
23.1415 0000 96.1555 141
23.1811 0000 96.1508 152
23.2219 0000 96.1550 159
23.2627 0000 96.1592 155
23.3020 0000 96.1522 139
23.3401 0000 96.1363 124
23.3729 0000 96.0821 113
23.4118 0000 96.0728 102
23.4486 0000 96.0479 106
23.4875 0000 96.0387 109
23.5230 0000 96.0047 100
23.5622 0000 95.9978 98
23.5983 0000 95.9684 92
23.6341 0000 95.9367 101
23.6739 0000 95.9342 110
23.7137 0000 95.9317 119
23.7539 0000 95.9315 119
23.7940 0000 95.9312 117
23.8275 0000 95.8839 129
23.8666 0000 95.8770 147
23.9055 0000 95.8678 146
23.9361 0000 95.8003 142
23.9695 0000 95.7531 138
24.0052 0000 95.7215 162
24.0446 0000 95.7168 178
24.0840 0000 95.7121 178
24.1202 0000 95.6850 159
24.1587 0000 95.6736 156
24.1949 0000 95.6466 176
24.2349 0000 95.6463 179
24.2752 0000 95.6483 158
24.3143 0000 95.6414 136
24.3530 0000 95.6322 143
24.3898 0000 95.6096 162
24.4292 0000 95.6049 194
24.4685 0000 95.6002 210
24.5053 0000 95.5777 232
24.5440 0000 95.5685 246
24.5830 0000 95.5616 265
24.6226 0000 95.5591 260
24.6623 0000 95.5566 225
24.7026 0000 95.5586 191
24.7429 0000 95.5606 185
24.7822 0000 95.5559 189
24.8189 0000 95.5334 171
24.8592 0000 95.5354 156
24.8988 0000 95.5329 124
24.9289 0000 95.4657 89
24.9574 0000 95.3875 85
24.9934 0000 95.3606 85
25.0326 0000 95.3559 92
25.0719 0000 95.3512 97
25.1118 0000 95.3510 100
25.1514 0000 95.3485 108
25.1909 0000 95.3460 114
25.2269 0000 95.3191 119
25.2635 0000 95.2966 145
25.3027 0000 95.2919 152
25.3419 0000 95.2872 160
25.3815 0000 95.2848 183
25.4210 0000 95.2823 210
25.4599 0000 95.2754 218
25.5001 0000 95.2774 205
25.5437 0000 95.3017 169
25.5846 0000 95.3081 150
25.6238 0000 95.3034 144
25.6600 0000 95.2787 156
