wt=150380999, DLLFiFo=0
-25.0158 0000 88.1352 210
-24.9766 0000 88.1304 240
-24.9372 0000 88.1236 222
-24.8923 0000 88.0800 174
-24.8478 0000 88.0386 190
-24.8060 0000 88.0154 260
-24.7657 0000 88.0025 229
-24.7271 0000 88.0018 198
-24.6886 0000 88.0011 167
-24.6507 0000 88.0045 180
-24.6133 0000 88.0119 226
-24.5762 0000 88.0214 261
-24.5398 0000 88.0350 292
-24.5006 0000 88.0302 236
-24.4612 0000 88.0234 162
-24.4224 0000 88.0207 95
-24.3894 0000 88.0587 87
-24.3570 0000 88.1008 127
-24.3179 0000 88.0961 118
-24.2787 0000 88.0913 94
-24.2405 0000 88.0927 111
-24.2010 0000 88.0858 120
-24.1625 0000 88.0852 97
-24.1248 0000 88.0906 73
-24.0894 0000 88.1124 72
-24.0511 0000 88.1137 73
-24.0129 0000 88.1151 68
-23.9746 0000 88.1164 68
-23.9360 0000 88.1158 86
-23.8960 0000 88.1049 109
-23.8537 0000 88.0777 115
-23.8137 0000 88.0668 119
-23.7734 0000 88.0539 105
-23.7343 0000 88.0491 70
-23.6949 0000 88.0423 53
-23.6569 0000 88.0458 47
-23.6243 0000 88.0879 61
-23.5832 0000 88.0689 98
-23.5474 0000 88.0887 83
-23.5074 0000 88.0778 68
-23.4683 0000 88.0731 66
-23.4280 0000 88.0602 93
-23.3878 0000 88.0473 163
-23.3464 0000 88.0262 216
-23.3070 0000 88.0195 252
-23.2698 0000 88.0290 236
-23.2332 0000 88.0427 183
-23.2008 0000 88.0869 118
-23.1655 0000 88.1108 77
-23.1322 0000 88.1490 65
-23.0997 0000 88.1933 61
-23.0631 0000 88.2070 74
-23.0253 0000 88.2125 91
-22.9861 0000 88.2078 91
-22.9516 0000 88.2379 83
-22.9130 0000 88.2373 83
-22.8744 0000 88.2367 92
-22.8368 0000 88.2442 97
-22.8004 0000 88.2600 92
-22.7658 0000 88.2901 81
-22.7277 0000 88.2936 87
-22.6894 0000 88.2951 99
-22.6529 0000 88.3109 108
-22.6148 0000 88.3144 93
-22.5769 0000 88.3199 73
-22.5386 0000 88.3214 54
-22.5010 0000 88.3290 55
-22.4591 0000 88.3039 51
-22.4175 0000 88.2808 55
-22.3815 0000 88.3007 77
-22.3444 0000 88.3125 129
-22.3087 0000 88.3344 153
-22.2714 0000 88.3441 175
-22.2332 0000 88.3477 184
-22.1937 0000 88.3410 171
-22.1516 0000 88.3138 153
-22.1090 0000 88.2826 116
-22.0682 0000 88.2657 116
-22.0266 0000 88.2426 131
-21.9877 0000 88.2401 134
-21.9482 0000 88.2334 129
-21.9119 0000 88.2513 148
-21.8743 0000 88.2590 142
-21.8369 0000 88.2687 112
-21.7962 0000 88.2518 102
-21.7575 0000 88.2513 104
-21.7196 0000 88.2569 110
-21.6833 0000 88.2749 99
-21.6459 0000 88.2846 84
-21.6087 0000 88.2964 112
-21.5711 0000 88.3041 110
-21.5298 0000 88.2831 98
-21.4883 0000 88.2601 87
-21.4532 0000 88.2883 99
-21.4161 0000 88.3001 91
-21.3789 0000 88.3119 80
-21.3399 0000 88.3094 76
-21.2997 0000 88.2966 76
-21.2615 0000 88.3002 78
-21.2238 0000 88.3080 93
-21.1846 0000 88.3034 113
-21.1446 0000 88.2927 103
-21.1029 0000 88.2677 80
-21.0622 0000 88.2508 105
-21.0240 0000 88.2545 131
-20.9855 0000 88.2560 133
-20.9463 0000 88.2515 129
-20.9074 0000 88.2490 117
-20.8694 0000 88.2547 104
-20.8317 0000 88.2624 112
-20.7963 0000 88.2886 117
-20.7573 0000 88.2861 108
-20.7181 0000 88.2815 108
-20.6799 0000 88.2852 103
-20.6421 0000 88.2929 104
-20.6019 0000 88.2802 107
-20.5618 0000 88.2675 108
-20.5181 0000 88.2261 110
-20.4760 0000 88.1971 113
-20.4373 0000 88.1966 144
-20.3984 0000 88.1941 154
-20.3601 0000 88.1978 138
-20.3234 0000 88.2137 133
-20.2883 0000 88.2440 107
-20.2578 0000 88.3131 108
-20.2239 0000 88.3536 106
-20.1883 0000 88.3799 115
-20.1496 0000 88.3794 119
-20.1079 0000 88.3544 105
-20.0646 0000 88.3151 103
-20.0187 0000 88.2532 97
-19.9754 0000 88.2139 100
-19.9334 0000 88.1849 76
-19.8923 0000 88.1640 61
-19.8574 0000 88.1963 50
-19.8255 0000 88.2552 46
-19.7901 0000 88.2834 61
-19.7490 0000 88.2625 69
-19.7103 0000 88.2621 74
-19.6723 0000 88.2678 80
-19.6347 0000 88.2776 98
-19.5953 0000 88.2710 132
-19.5565 0000 88.2706 170
-19.5175 0000 88.2681 202
-19.4774 0000 88.2554 179
-19.4382 0000 88.2509 159
-19.3999 0000 88.2546 131
-19.3635 0000 88.2746 127
-19.3245 0000 88.2721 138
-19.2837 0000 88.2533 154
-19.2440 0000 88.2447 159
-19.2053 0000 88.2443 115
-19.1684 0000 88.2602 89
-19.1299 0000 88.2618 83
-19.0911 0000 88.2614 100
-19.0521 0000 88.2589 119
-19.0123 0000 88.2483 114
-18.9733 0000 88.2458 85
-18.9345 0000 88.2454 82
-18.8965 0000 88.2511 86
-18.8606 0000 88.2773 81
-18.8235 0000 88.2912 93
-18.7856 0000 88.2990 103
-18.7473 0000 88.3026 95
-18.7121 0000 88.3350 88
-18.6733 0000 88.3346 82
-18.6345 0000 88.3341 71
-18.5957 0000 88.3337 63
-18.5559 0000 88.3230 73
-18.5151 0000 88.3042 121
-18.4750 0000 88.2914 142
-18.4356 0000 88.2849 143
-18.3957 0000 88.2742 106
-18.3562 0000 88.2676 83
-18.3170 0000 88.2631 86
-18.2761 0000 88.2422 95
-18.2354 0000 88.2233 90
-18.1962 0000 88.2188 98
-18.1565 0000 88.2102 89
-18.1167 0000 88.1995 80
-18.0777 0000 88.1970 82
-18.0389 0000 88.1966 84
-17.9978 0000 88.1736 101
-17.9580 0000 88.1629 101
-17.9166 0000 88.1379 75
-17.8751 0000 88.1109 73
-17.8355 0000 88.1023 79
-17.7944 0000 88.0793 86
-17.7563 0000 88.0850 122
-17.7175 0000 88.0846 154
-17.6771 0000 88.0678 148
-17.6371 0000 88.0551 112
-17.5988 0000 88.0587 96
-17.5606 0000 88.0644 106
-17.5227 0000 88.0722 110
-17.4840 0000 88.0717 109
-17.4438 0000 88.0569 114
-17.4023 0000 88.0299 120
-17.3617 0000 88.0111 169
-17.3207 0000 87.9881 286
-17.2807 0000 87.9754 307
-17.2415 0000 87.9709 288
-17.2030 0000 87.9725 238
-17.1667 0000 87.9965 218
-17.1292 0000 88.0084 199
-17.0908 0000 88.0120 171
-17.0519 0000 88.0095 121
-17.0147 0000 88.0254 111
-16.9776 0000 88.0413 121
-16.9376 0000 88.0286 131
-16.8993 0000 88.0322 129
-16.8623 0000 88.0502 138
-16.8241 0000 88.0558 135
-16.7858 0000 88.0595 115
-16.7462 0000 88.0508 97
-16.7060 0000 88.0360 148
-16.6654 0000 88.0172 261
-16.6261 0000 88.0106 338
-16.5871 0000 88.0081 305
-16.5481 0000 88.0056 247
-16.5092 0000 88.0031 177
-16.4688 0000 87.9863 137
-16.4302 0000 87.9878 121
-16.3928 0000 88.0017 149
-16.3546 0000 88.0074 180
-16.3157 0000 88.0048 157
-16.2771 0000 88.0064 146
-16.2383 0000 88.0060 142
-16.1978 0000 87.9871 132
-16.1571 0000 87.9662 144
-16.1164 0000 87.9453 171
-16.0778 0000 87.9469 218
-16.0392 0000 87.9485 195
-16.0003 0000 87.9459 135
-15.9617 0000 87.9475 115
-15.9252 0000 87.9716 158
-15.8872 0000 87.9793 187
-15.8486 0000 87.9809 156
-15.8096 0000 87.9784 133
-15.7708 0000 87.9779 145
-15.7324 0000 87.9815 126
-15.6940 0000 87.9851 96
-15.6552 0000 87.9847 99
-15.6164 0000 87.9842 118
-15.5780 0000 87.9878 154
-15.5395 0000 87.9915 180
-15.5004 0000 87.9869 172
-15.4596 0000 87.9640 184
-15.4197 0000 87.9512 267
-15.3803 0000 87.9446 354
-15.3419 0000 87.9483 416
-15.3035 0000 87.9519 445
-15.2643 0000 87.9473 411
-15.2250 0000 87.9407 329
-15.1860 0000 87.9382 277
-15.1472 0000 87.9378 246
-15.1084 0000 87.9373 201
-15.0696 0000 87.9368 158
-15.0310 0000 87.9384 163
-14.9922 0000 87.9380 255
-14.9536 0000 87.9395 368
-14.9154 0000 87.9452 416
-14.8768 0000 87.9468 384
-14.8388 0000 87.9565 270
-14.7992 0000 87.9459 216
-14.7621 0000 87.9658 173
-14.7251 0000 87.9858 182
-14.6861 0000 87.9833 190
-14.6466 0000 87.9747 221
-14.6076 0000 87.9722 238
-14.5679 0000 87.9615 216
-14.5307 0000 87.9794 237
-14.4922 0000 87.9831 221
-14.4539 0000 87.9888 175
-14.4151 0000 87.9883 147
-14.3761 0000 87.9858 154
-14.3368 0000 87.9792 181
-14.2973 0000 87.9706 217
-14.2583 0000 87.9681 225
-14.2199 0000 87.9717 193
-14.1811 0000 87.9713 166
-14.1412 0000 87.9585 164
-14.1044 0000 87.9826 141
-14.0661 0000 87.9883 147
-14.0275 0000 87.9899 150
-13.9901 0000 88.0079 153
-13.9512 0000 88.0054 152
-13.9138 0000 88.0233 168
-13.8722 0000 87.9881 241
-13.8327 0000 87.9795 353
-13.7937 0000 87.9770 417
-13.7551 0000 87.9786 378
-13.7167 0000 87.9843 314
-13.6781 0000 87.9859 285
-13.6391 0000 87.9834 288
-13.5999 0000 87.9789 314
-13.5610 0000 87.9764 314
-13.5223 0000 87.9780 279
-13.4835 0000 87.9775 267
-13.4450 0000 87.9812 286
-13.4071 0000 87.9930 288
-13.3692 0000 88.0048 257
-13.3323 0000 88.0290 229
-13.2934 0000 88.0285 212
-13.2554 0000 88.0383 225
-13.2176 0000 88.0522 248
-13.1807 0000 88.0763 230
-13.1421 0000 88.0800 227
-13.1033 0000 88.0796 212
-13.0646 0000 88.0812 192
-13.0257 0000 88.0807 182
-12.9858 0000 88.0660 184
-12.9471 0000 88.0676 182
-12.9081 0000 88.0651 182
-12.8684 0000 88.0544 180
-12.8294 0000 88.0520 207
-12.7913 0000 88.0618 242
-12.7538 0000 88.0798 257
-12.7163 0000 88.0978 183
-12.6785 0000 88.1117 144
-12.6425 0000 88.1502 139
-12.6060 0000 88.1826 125
-12.5683 0000 88.1986 174
-12.5280 0000 88.1797 213
-12.4890 0000 88.1772 231
-12.4499 0000 88.1748 223
-12.4107 0000 88.1703 201
-12.3719 0000 88.1698 166
-12.3337 0000 88.1797 156
-12.2965 0000 88.2039 167
-12.2595 0000 88.2301 144
-12.2235 0000 88.2708 157
-12.1876 0000 88.3135 176
-12.1506 0000 88.3419 229
-12.1127 0000 88.3558 187
-12.0752 0000 88.3760 174
-12.0379 0000 88.4003 207
-11.9992 0000 88.4040 195
-11.9605 0000 88.4077 163
-11.9216 0000 88.4073 120
-11.8821 0000 88.3986 86
-11.8435 0000 88.4044 78
-11.8051 0000 88.4122 75
-11.7679 0000 88.4386 74
-11.7309 0000 88.4670 70
-11.6938 0000 88.4954 79
-11.6550 0000 88.4971 87
-11.6156 0000 88.4905 104
-11.5743 0000 88.4551 130
-11.5345 0000 88.4424 222
-11.4947 0000 88.4296 281
-11.4555 0000 88.4272 308
-11.4164 0000 88.4247 302
-11.3776 0000 88.4264 266
-11.3390 0000 88.4322 234
-11.3003 0000 88.4359 218
-11.2616 0000 88.4396 188
-11.2256 0000 88.4866 158
-11.1905 0000 88.5480 158
-11.1525 0000 88.5641 184
-11.1139 0000 88.5699 195
-11.0772 0000 88.6067 187
-11.0395 0000 88.6269 169
-11.0025 0000 88.6596 135
-10.9652 0000 88.6881 139
-10.9258 0000 88.6815 142
-10.8861 0000 88.6708 139
-10.8467 0000 88.6642 130
-10.8064 0000 88.6432 104
-10.7670 0000 88.6366 90
-10.7267 0000 88.6156 89
-10.6894 0000 88.6441 89
-10.6521 0000 88.6726 72
-10.6145 0000 88.6970 72
-10.5737 0000 88.6677 83
-10.5348 0000 88.6694 98
-10.4959 0000 88.6711 106
-10.4564 0000 88.6645 125
-10.4169 0000 88.6559 133
-10.3781 0000 88.6597 113
-10.3395 0000 88.6675 104
-10.3008 0000 88.6734 117
-10.2628 0000 88.6916 142
-10.2251 0000 88.7139 122
-10.1867 0000 88.7259 105
-10.1481 0000 88.7338 93
-10.1121 0000 88.7872 88
-10.0737 0000 88.7992 96
-10.0353 0000 88.8113 118
-9.9967 0000 88.8192 165
-9.9578 0000 88.8229 214
-9.9194 0000 88.8350 237
-9.8807 0000 88.8408 186
-9.8416 0000 88.8404 135
-9.8008 0000 88.8090 90
-9.7615 0000 88.8045 70
-9.7259 0000 88.8683 64
-9.6905 0000 88.9362 68
-9.6535 0000 88.9752 83
-9.6169 0000 89.0226 94
-9.5780 0000 89.0263 106
-9.5379 0000 89.0073 114
-9.4988 0000 89.0090 120
-9.4608 0000 89.0293 119
-9.4216 0000 89.0290 102
-9.3812 0000 89.0037 98
-9.3417 0000 88.9971 125
-9.3025 0000 88.9947 145
-9.2635 0000 88.9964 136
-9.2245 0000 89.0001 121
-9.1865 0000 89.0205 117
-9.1476 0000 89.0263 87
-9.1072 0000 89.0011 68
-9.0683 0000 89.0048 81
-9.0301 0000 89.0231 93
-8.9912 0000 89.0269 89
-8.9549 0000 89.0846 84
-8.9181 0000 89.1299 89
-8.8804 0000 89.1607 108
-8.8422 0000 89.1790 103
-8.8032 0000 89.1828 99
-8.7642 0000 89.1865 92
-8.7248 0000 89.1820 89
-8.6853 0000 89.1733 100
-8.6450 0000 89.1501 113
-8.6059 0000 89.1518 90
-8.5672 0000 89.1597 74
-8.5294 0000 89.1884 73
-8.4886 0000 89.1548 64
-8.4489 0000 89.1419 65
-8.4097 0000 89.1415 71
-8.3708 0000 89.1474 77
-8.3330 0000 89.1761 79
-8.2938 0000 89.1757 85
-8.2545 0000 89.1733 100
-8.2155 0000 89.1750 112
-8.1764 0000 89.1766 99
-8.1371 0000 89.1742 85
-8.0967 0000 89.1468 87
-8.0575 0000 89.1443 81
-8.0186 0000 89.1502 78
-7.9808 0000 89.1810 91
-7.9420 0000 89.1889 99
-7.9036 0000 89.2072 104
-7.8636 0000 89.1881 114
-7.8245 0000 89.1898 145
-7.7855 0000 89.1936 192
-7.7463 0000 89.1932 238
-7.7072 0000 89.1929 241
-7.6683 0000 89.1987 200
-7.6313 0000 89.2503 171
-7.5934 0000 89.2811 152
-7.5552 0000 89.3057 166
-7.5163 0000 89.3116 181
-7.4765 0000 89.2987 203
-7.4369 0000 89.2879 163
-7.3974 0000 89.2792 123
-7.3583 0000 89.2809 107
-7.3192 0000 89.2847 106
-7.2800 0000 89.2843 101
-7.2411 0000 89.2902 95
-7.2028 0000 89.3127 94
-7.1636 0000 89.3144 129
-7.1242 0000 89.3078 165
-7.0843 0000 89.2887 160
-7.0446 0000 89.2758 104
-7.0064 0000 89.3025 71
-6.9689 0000 89.3479 72
-6.9317 0000 89.3996 77
-6.8915 0000 89.3722 77
-6.8519 0000 89.3635 102
-6.8126 0000 89.3610 155
-6.7729 0000 89.3482 204
-6.7333 0000 89.3374 178
-6.6935 0000 89.3204 133
-6.6553 0000 89.3470 121
-6.6161 0000 89.3488 101
-6.5768 0000 89.3463 96
-6.5375 0000 89.3418 98
-6.4981 0000 89.3372 94
-6.4585 0000 89.3265 87
-6.4176 0000 89.2762 84
-6.3781 0000 89.2696 91
-6.3389 0000 89.2671 97
-6.2990 0000 89.2459 83
-6.2605 0000 89.2685 73
-6.2224 0000 89.3014 69
-6.1835 0000 89.3093 71
-6.1452 0000 89.3360 66
-6.1070 0000 89.3669 69
-6.0698 0000 89.4270 63
-6.0336 0000 89.5225 61
-5.9948 0000 89.5368 79
-5.9562 0000 89.5573 105
-5.9162 0000 89.5340 150
-5.8760 0000 89.5044 150
-5.8363 0000 89.4874 147
-5.7968 0000 89.4807 146
-5.7577 0000 89.4846 136
-5.7184 0000 89.4842 111
-5.6785 0000 89.4609 107
-5.6392 0000 89.4606 111
-5.6001 0000 89.4644 119
-5.5608 0000 89.4619 134
-5.5214 0000 89.4574 156
-5.4821 0000 89.4550 162
-5.4429 0000 89.4588 132
-5.4037 0000 89.4605 105
-5.3643 0000 89.4539 99
-5.3250 0000 89.4515 98
-5.2865 0000 89.4782 101
-5.2478 0000 89.4987 140
-5.2092 0000 89.5213 193
-5.1700 0000 89.5252 190
-5.1313 0000 89.5436 156
-5.0924 0000 89.5579 167
-5.0534 0000 89.5679 206
-5.0141 0000 89.5697 219
-4.9747 0000 89.5652 188
-4.9358 0000 89.5773 205
-4.8965 0000 89.5770 221
-4.8569 0000 89.5662 166
-4.8181 0000 89.5847 137
-4.7790 0000 89.5906 129
-4.7397 0000 89.5923 130
-4.7005 0000 89.5941 123
-4.6612 0000 89.5958 137
-4.6220 0000 89.5955 172
-4.5824 0000 89.5847 194
-4.5430 0000 89.5801 200
-4.5043 0000 89.6028 165
-4.4651 0000 89.6066 131
-4.4252 0000 89.5833 111
-4.3859 0000 89.5808 88
-4.3467 0000 89.5868 71
-4.3075 0000 89.5906 71
-4.2681 0000 89.5861 94
-4.2287 0000 89.5774 124
-4.1893 0000 89.5749 143
-4.1501 0000 89.5788 157
-4.1106 0000 89.5680 154
-4.0719 0000 89.5969 156
-4.0327 0000 89.6028 141
-3.9935 0000 89.6046 114
-3.9537 0000 89.5812 89
-3.9143 0000 89.5746 61
-3.8756 0000 89.6077 53
-3.8368 0000 89.6325 59
-3.7975 0000 89.6321 75
-3.7582 0000 89.6318 85
-3.7188 0000 89.6293 81
-3.6790 0000 89.6039 75
-3.6403 0000 89.6370 79
-3.6012 0000 89.6492 105
-3.5623 0000 89.6719 110
-3.5231 0000 89.6799 120
-3.4838 0000 89.6817 124
-3.4444 0000 89.6771 119
-3.4051 0000 89.6747 112
-3.3653 0000 89.6472 117
-3.3258 0000 89.6343 140
-3.2862 0000 89.6172 153
-3.2469 0000 89.6190 152
-3.2076 0000 89.6207 121
-3.1686 0000 89.6371 88
-3.1292 0000 89.6347 63
-3.0899 0000 89.6322 53
-3.0501 0000 89.5985 55
-3.0108 0000 89.5981 67
-2.9712 0000 89.5832 82
-2.9322 0000 89.6058 97
-2.8932 0000 89.6243 113
-2.8536 0000 89.6072 95
-2.8143 0000 89.6048 84
-2.7747 0000 89.5815 86
-2.7354 0000 89.5811 112
-2.6960 0000 89.5787 151
-2.6567 0000 89.5721 169
-2.6173 0000 89.5676 171
-2.5780 0000 89.5714 156
-2.5388 0000 89.5732 113
-2.4993 0000 89.5624 69
-2.4596 0000 89.5245 47
-2.4196 0000 89.4594 40
0.0000 0000 0.0000 0
0.0000 0000 0.0000 0
-2.2991 0000 89.1896 49
-2.2595 0000 89.1560 74
-2.2203 0000 89.1495 97
-2.1813 0000 89.1699 100
-2.1428 0000 89.2570 98
-2.1051 0000 89.4254 117
-2.0663 0000 89.4814 126
-2.0273 0000 89.5249 160
-1.9881 0000 89.5350 215
-1.9489 0000 89.5410 233
-1.9096 0000 89.5448 216
-1.8703 0000 89.5403 181
-1.8309 0000 89.5316 155
-1.7916 0000 89.5375 146
-1.7523 0000 89.5372 141
-1.7130 0000 89.5264 155
-1.6736 0000 89.5177 176
-1.6343 0000 89.5111 173
-1.5949 0000 89.5066 147
-1.5556 0000 89.5063 117
-1.5163 0000 89.5081 88
-1.4769 0000 89.4827 71
-1.4376 0000 89.4803 62
-1.3982 0000 89.4570 63
-1.3589 0000 89.4545 72
-1.3195 0000 89.4250 93
-1.2802 0000 89.4247 134
-1.2409 0000 89.4222 169
-1.2016 0000 89.4157 158
-1.1623 0000 89.4091 129
-1.1231 0000 89.4087 116
-1.0837 0000 89.3855 115
-1.0444 0000 89.3768 129
-1.0052 0000 89.3764 133
-0.9659 0000 89.3740 135
-0.9266 0000 89.3570 155
-0.8873 0000 89.3338 142
-0.8480 0000 89.3209 130
-0.8088 0000 89.3143 117
-0.7695 0000 89.2932 120
-0.7302 0000 89.2887 109
-0.6910 0000 89.2863 98
-0.6517 0000 89.3068 87
-0.6125 0000 89.3127 84
-0.5732 0000 89.2915 92
-0.5340 0000 89.2870 105
-0.4947 0000 89.2846 116
-0.4555 0000 89.2780 113
-0.4163 0000 89.2486 95
-0.3771 0000 89.2441 92
-0.3378 0000 89.2396 105
-0.2986 0000 89.2184 150
-0.2594 0000 89.2181 181
-0.2201 0000 89.2365 157
-0.1809 0000 89.2403 139
-0.1417 0000 89.2338 144
-0.1025 0000 89.2230 154
-0.0633 0000 89.1998 153
-0.0241 0000 89.1953 133
0.0151 0000 89.1971 132
0.0544 0000 89.2176 112
0.0937 0000 89.2193 104
0.1327 0000 89.1753 106
0.1719 0000 89.1750 115
0.2112 0000 89.1767 135
0.2504 0000 89.1806 149
0.2896 0000 89.1803 140
0.3288 0000 89.1695 121
0.3678 0000 89.1359 123
0.4069 0000 89.1127 112
0.4461 0000 89.1124 108
0.4853 0000 89.1163 103
0.5245 0000 89.1139 95
0.5637 0000 89.1156 116
0.6029 0000 89.1174 172
0.6421 0000 89.1212 222
0.6815 0000 89.1396 241
0.7208 0000 89.1539 292
0.7599 0000 89.1431 264
0.7991 0000 89.1428 222
0.8385 0000 89.1633 186
0.8778 0000 89.1651 169
0.9168 0000 89.1461 190
0.9558 0000 89.1187 160
0.9948 0000 89.1059 148
1.0340 0000 89.1077 144
1.0735 0000 89.1302 149
1.1127 0000 89.1320 147
1.1519 0000 89.1275 148
1.1911 0000 89.1293 151
1.2303 0000 89.1352 138
1.2696 0000 89.1370 116
1.3087 0000 89.1305 121
1.3478 0000 89.1260 137
1.3871 0000 89.1299 136
1.4266 0000 89.1524 125
1.4658 0000 89.1542 146
1.5045 0000 89.1144 160
1.5433 0000 89.0850 147
1.5818 0000 89.0307 149
1.6209 0000 89.0283 220
1.6602 0000 89.0342 329
1.6993 0000 89.0297 366
1.7383 0000 89.0211 340
1.7775 0000 89.0188 317
1.8166 0000 89.0185 274
1.8558 0000 89.0202 204
1.8951 0000 89.0262 153
1.9342 0000 89.0217 146
1.9733 0000 89.0152 155
2.0125 0000 89.0190 141
2.0518 0000 89.0250 127
2.0909 0000 89.0226 136
2.1299 0000 89.0161 142
2.1690 0000 89.0116 152
2.2082 0000 89.0093 178
2.2472 0000 89.0027 205
2.2864 0000 89.0045 205
2.3257 0000 89.0146 187
2.3650 0000 89.0185 172
2.4041 0000 89.0140 149
2.4431 0000 89.0075 115
2.4818 0000 88.9844 88
2.5200 0000 88.9322 71
2.5589 0000 88.9216 71
2.5980 0000 88.9213 77
2.6379 0000 88.9562 86
2.6779 0000 89.0016 108
2.7177 0000 89.0304 104
2.7566 0000 89.0176 99
2.7947 0000 88.9675 111
2.8337 0000 88.9631 144
2.8728 0000 88.9607 191
2.9121 0000 88.9646 227
2.9514 0000 88.9726 218
2.9913 0000 89.0055 182
3.0305 0000 89.0094 139
3.0697 0000 89.0112 99
3.1084 0000 88.9901 80
3.1480 0000 89.0127 69
3.1871 0000 89.0103 64
3.2255 0000 88.9789 68
3.2647 0000 88.9807 75
3.3034 0000 88.9596 80
3.3425 0000 88.9573 91
3.3810 0000 88.9342 95
3.4200 0000 88.9277 89
3.4591 0000 88.9274 91
3.4982 0000 88.9250 100
3.5373 0000 88.9227 115
3.5762 0000 88.9141 133
3.6152 0000 88.9117 152
3.6548 0000 88.9301 166
3.6939 0000 88.9278 203
3.7321 0000 88.8943 238
3.7710 0000 88.8837 266
3.8100 0000 88.8813 269
3.8491 0000 88.8810 239
3.8883 0000 88.8849 192
3.9281 0000 88.9074 169
3.9672 0000 88.9071 148
4.0056 0000 88.8840 136
4.0446 0000 88.8775 151
4.0839 0000 88.8855 160
4.1241 0000 88.9246 164
4.1633 0000 88.9264 175
4.2024 0000 88.9262 173
4.2416 0000 88.9279 161
4.2808 0000 88.9318 153
4.3201 0000 88.9357 140
4.3593 0000 88.9395 121
4.3984 0000 88.9393 99
4.4384 0000 88.9680 90
4.4778 0000 88.9760 100
4.5171 0000 88.9820 121
4.5560 0000 88.9755 134
4.5932 0000 88.9150 142
4.6308 0000 88.8671 208
4.6697 0000 88.8606 254
4.7093 0000 88.8748 258
4.7486 0000 88.8828 253
4.7876 0000 88.8805 252
4.8272 0000 88.8947 203
4.8673 0000 88.9255 189
4.9070 0000 88.9418 189
4.9461 0000 88.9436 191
4.9852 0000 88.9412 171
5.0243 0000 88.9410 147
5.0636 0000 88.9469 133
5.1045 0000 88.9985 124
5.1441 0000 89.0148 131
5.1832 0000 89.0124 164
5.2226 0000 89.0204 208
5.2629 0000 89.0534 238
5.3022 0000 89.0593 219
5.3416 0000 89.0673 171
5.3811 0000 89.0754 154
5.4199 0000 89.0668 186
5.4586 0000 89.0561 243
5.4974 0000 89.0475 266
5.5356 0000 89.0203 216
5.5744 0000 89.0117 153
5.6134 0000 89.0093 124
5.6524 0000 89.0070 110
5.6924 0000 89.0295 117
5.7319 0000 89.0396 128
5.7712 0000 89.0435 126
5.8102 0000 89.0411 106
5.8492 0000 89.0367 101
5.8885 0000 89.0426 108
5.9279 0000 89.0485 120
5.9675 0000 89.0628 134
6.0069 0000 89.0687 164
6.0463 0000 89.0747 197
6.0855 0000 89.0765 239
6.1246 0000 89.0762 238
6.1635 0000 89.0717 175
6.2036 0000 89.0943 117
6.2438 0000 89.1210 104
6.2831 0000 89.1249 95
6.3225 0000 89.1308 88
6.3615 0000 89.1285 82
6.3997 0000 89.1053 97
6.4391 0000 89.1113 119
6.4789 0000 89.1276 123
6.5180 0000 89.1273 121
6.5563 0000 89.1083 105
6.5948 0000 89.0935 75
6.6337 0000 89.0870 64
6.6731 0000 89.0929 66
6.7124 0000 89.0968 74
6.7518 0000 89.1028 86
6.7911 0000 89.1087 108
6.8304 0000 89.1126 158
6.8699 0000 89.1206 180
6.9073 0000 89.0808 224
6.9461 0000 89.0743 323
6.9855 0000 89.0803 385
7.0244 0000 89.0758 382
7.0635 0000 89.0755 365
7.1039 0000 89.1023 332
7.1437 0000 89.1186 315
7.1834 0000 89.1308 283
7.2229 0000 89.1367 202
7.2638 0000 89.1759 145
7.3054 0000 89.2276 112
7.3495 0000 89.3314 104
7.3916 0000 89.3915 108
7.4321 0000 89.4184 129
7.4713 0000 89.4181 126
7.5104 0000 89.4157 133
7.5487 0000 89.3988 139
7.5891 0000 89.4235 165
7.6292 0000 89.4420 176
7.6684 0000 89.4417 186
7.7075 0000 89.4393 196
7.7455 0000 89.4161 203
7.7841 0000 89.4033 213
7.8232 0000 89.4010 196
7.8640 0000 89.4340 192
7.9058 0000 89.4838 193
7.9466 0000 89.5149 227
7.9871 0000 89.5396 207
8.0267 0000 89.5477 208
8.0671 0000 89.5704 228
8.1063 0000 89.5701 215
8.1442 0000 89.5448 204
8.1830 0000 89.5362 232
8.2215 0000 89.5234 258
8.2612 0000 89.5315 215
8.3023 0000 89.5667 160
8.3424 0000 89.5832 134
8.3822 0000 89.5933 135
8.4226 0000 89.6161 146
8.4632 0000 89.6409 129
8.5032 0000 89.6552 127
8.5443 0000 89.6884 138
8.5863 0000 89.7384 128
8.6277 0000 89.7758 110
8.6683 0000 89.8007 129
8.7089 0000 89.8235 140
8.7487 0000 89.8337 155
8.7888 0000 89.8481 165
8.8306 0000 89.8919 178
8.8700 0000 89.8937 184
8.9093 0000 89.8935 177
8.9477 0000 89.8786 154
8.9881 0000 89.8972 156
9.0261 0000 89.8759 142
9.0649 0000 89.8673 138
9.1051 0000 89.8838 148
9.1453 0000 89.8983 146
9.1875 0000 89.9484 138
9.2277 0000 89.9628 130
9.2680 0000 89.9794 114
9.3093 0000 90.0127 103
9.3510 0000 90.0524 98
9.3920 0000 90.0816 132
9.4317 0000 90.0876 139
9.4712 0000 90.0895 134
9.5107 0000 90.0934 128
9.5516 0000 90.1184 116
9.5927 0000 90.1476 80
9.6339 0000 90.1769 70
9.6767 0000 90.2335 64
9.7179 0000 90.2627 66
9.7556 0000 90.2372 77
9.7949 0000 90.2348 101
9.8351 0000 90.2493 141
9.8750 0000 90.2575 153
9.9151 0000 90.2699 149
9.9550 0000 90.2781 156
9.9946 0000 90.2821 166
10.0340 0000 90.2819 160
10.0735 0000 90.2837 145
10.1140 0000 90.3025 117
10.1542 0000 90.3149 105
10.1952 0000 90.3399 108
10.2332 0000 90.3186 100
10.2721 0000 90.3121 117
10.3113 0000 90.3097 159
10.3500 0000 90.2989 209
10.3886 0000 90.2882 236
10.4288 0000 90.3006 211
10.4720 0000 90.3573 164
10.5126 0000 90.3760 123
10.5521 0000 90.3779 116
10.5918 0000 90.3819 155
10.6318 0000 90.3922 197
10.6732 0000 90.4215 203
10.7127 0000 90.4234 216
10.7521 0000 90.4232 217
10.7920 0000 90.4314 185
10.8318 0000 90.4375 166
10.8708 0000 90.4309 160
10.9101 0000 90.4307 141
10.9538 0000 90.4917 149
10.9951 0000 90.5189 215
11.0348 0000 90.5229 261
11.0740 0000 90.5206 266
11.1134 0000 90.5203 255
11.1531 0000 90.5243 200
11.1935 0000 90.5389 132
11.2323 0000 90.5302 76
11.2719 0000 90.5321 55
11.3137 0000 90.5657 53
11.3534 0000 90.5697 57
11.3929 0000 90.5716 64
11.4323 0000 90.5714 65
11.4716 0000 90.5691 52
11.5111 0000 90.5709 44
11.5508 0000 90.5749 53
11.5899 0000 90.5705 70
11.6298 0000 90.5766 119
11.6706 0000 90.5954 191
11.7104 0000 90.6016 204
11.7501 0000 90.6056 177
11.7902 0000 90.6138 131
11.8299 0000 90.6178 90
11.8725 0000 90.6599 81
11.9130 0000 90.6745 89
11.9531 0000 90.6827 94
11.9930 0000 90.6889 92
12.0321 0000 90.6844 90
12.0708 0000 90.6757 91
12.1099 0000 90.6713 84
12.1493 0000 90.6711 75
12.1887 0000 90.6709 75
12.2285 0000 90.6749 81
12.2682 0000 90.6789 93
12.3083 0000 90.6872 121
12.3480 0000 90.6912 153
12.3881 0000 90.6994 131
12.4279 0000 90.7035 123
12.4679 0000 90.7117 130
12.5085 0000 90.7263 130
12.5483 0000 90.7303 99
12.5884 0000 90.7386 73
12.6320 0000 90.7913 59
12.6725 0000 90.8038 60
12.7121 0000 90.8058 66
12.7517 0000 90.8077 72
12.7931 0000 90.8329 78
12.8328 0000 90.8348 68
12.8718 0000 90.8304 60
12.9111 0000 90.8280 59
12.9507 0000 90.8299 63
12.9903 0000 90.8319 73
13.0301 0000 90.8359 87
13.0680 0000 90.8166 89
13.1069 0000 90.8100 100
13.1477 0000 90.8268 106
13.1880 0000 90.8372 121
13.2280 0000 90.8433 115
13.2688 0000 90.8601 99
13.3084 0000 90.8620 74
13.3482 0000 90.8660 56
13.3901 0000 90.8955 45
13.4353 0000 90.9632 41
13.4776 0000 90.9970 39
13.5200 0000 91.0308 39
13.5569 0000 91.0008 44
13.5985 0000 91.0261 52
13.6356 0000 90.9983 60
13.6751 0000 90.9981 72
13.7145 0000 90.9979 92
13.7534 0000 90.9913 112
13.7914 0000 90.9741 119
13.8307 0000 90.9718 133
13.8699 0000 90.9694 135
13.9092 0000 90.9671 127
13.9485 0000 90.9648 108
13.9903 0000 90.9922 92
14.0303 0000 90.9983 88
14.0720 0000 91.0236 92
14.1120 0000 91.0297 102
14.1515 0000 91.0295 111
14.1909 0000 91.0293 117
14.2307 0000 91.0334 112
14.2704 0000 91.0353 103
14.3100 0000 91.0372 104
14.3496 0000 91.0391 117
14.3894 0000 91.0431 143
14.4296 0000 91.0514 160
14.4708 0000 91.0703 171
14.5118 0000 91.0871 144
14.5522 0000 91.0975 140
14.5928 0000 91.1101 129
14.6348 0000 91.1375 130
14.6744 0000 91.1394 123
14.7131 0000 91.1307 112
14.7518 0000 91.1220 106
14.7908 0000 91.1175 105
14.8303 0000 91.1173 101
14.8701 0000 91.1213 93
14.9099 0000 91.1253 88
14.9498 0000 91.1294 84
14.9894 0000 91.1313 70
15.0286 0000 91.1289 54
15.0651 0000 91.0968 51
15.1045 0000 91.0966 57
15.1461 0000 91.1197 62
15.1856 0000 91.1195 73
15.2274 0000 91.1448 83
15.2680 0000 91.1573 95
15.3129 0000 91.2146 101
15.3505 0000 91.1952 95
15.3865 0000 91.1588 102
15.4245 0000 91.1437 115
15.4629 0000 91.1328 130
15.5005 0000 91.1134 150
15.5403 0000 91.1175 145
15.5806 0000 91.1257 134
15.6204 0000 91.1298 119
15.6598 0000 91.1295 107
15.7009 0000 91.1463 101
15.7407 0000 91.1503 110
15.7799 0000 91.1480 125
15.8174 0000 91.1286 142
15.8587 0000 91.1475 184
15.8985 0000 91.1515 202
15.9383 0000 91.1556 196
15.9784 0000 91.1617 161
16.0182 0000 91.1657 128
16.0591 0000 91.1804 124
16.0972 0000 91.1674 108
16.1360 0000 91.1608 78
16.1722 0000 91.1287 70
16.2120 0000 91.1327 91
16.2537 0000 91.1558 105
16.2939 0000 91.1641 108
16.3355 0000 91.1851 107
16.3751 0000 91.1870 88
16.4140 0000 91.1825 74
16.4532 0000 91.1802 70
16.4928 0000 91.1821 57
16.5324 0000 91.1840 46
16.5718 0000 91.1837 41
16.6079 0000 91.1516 41
16.6440 0000 91.1195 46
16.6833 0000 91.1193 52
16.7231 0000 91.1233 52
16.7631 0000 91.1294 60
16.8029 0000 91.1334 69
16.8443 0000 91.1523 76
16.8836 0000 91.1521 71
16.9234 0000 91.1561 66
16.9685 0000 91.2112 62
17.0115 0000 91.2450 61
17.0513 0000 91.2490 66
17.0913 0000 91.2551 62
17.1334 0000 91.2804 62
17.1730 0000 91.2823 62
17.2096 0000 91.2565 59
17.2481 0000 91.2478 67
17.2872 0000 91.2454 81
17.3241 0000 91.2218 91
17.3627 0000 91.2152 109
17.4019 0000 91.2128 116
17.4419 0000 91.2190 103
17.4821 0000 91.2272 93
17.5219 0000 91.2313 94
17.5631 0000 91.2480 99
17.6029 0000 91.2521 100
17.6429 0000 91.2582 102
17.6827 0000 91.2622 105
17.7223 0000 91.2641 97
17.7616 0000 91.2639 76
17.8007 0000 91.2615 62
17.8419 0000 91.2783 58
17.8812 0000 91.2781 52
17.9173 0000 91.2481 52
17.9531 0000 91.2159 64
17.9912 0000 91.2051 93
18.0291 0000 91.1921 137
18.0665 0000 91.1749 204
18.1058 0000 91.1746 325
18.1454 0000 91.1765 452
18.1849 0000 91.1784 537
18.2239 0000 91.1760 544
18.2623 0000 91.1673 552
18.3020 0000 91.1713 472
18.3413 0000 91.1711 348
18.3794 0000 91.1602 222
18.4172 0000 91.1473 147
18.4560 0000 91.1428 117
18.4950 0000 91.1404 107
18.5341 0000 91.1381 97
18.5755 0000 91.1569 78
18.6150 0000 91.1588 55
18.6482 0000 91.1055 42
18.6872 0000 91.1032 35
18.7264 0000 91.1029 35
18.7620 0000 91.0709 40
18.8012 0000 91.0706 45
18.8414 0000 91.0789 54
18.8826 0000 91.0956 60
18.9184 0000 91.0657 69
18.9551 0000 91.0443 64
18.9941 0000 91.0419 64
19.0321 0000 91.0311 67
19.0710 0000 91.0287 74
19.1125 0000 91.0476 83
19.1494 0000 91.0282 106
19.1911 0000 91.0492 101
19.2288 0000 91.0362 100
19.2678 0000 91.0339 114
19.3050 0000 91.0167 130
19.3434 0000 91.0101 127
19.3813 0000 90.9993 118
19.4182 0000 90.9800 121
19.4574 0000 90.9797 124
19.4988 0000 90.9985 120
19.5383 0000 91.0004 116
19.5756 0000 90.9853 109
19.6145 0000 90.9830 91
19.6558 0000 90.9997 83
19.6947 0000 90.9973 60
19.7338 0000 90.9971 45
19.7735 0000 91.0011 39
19.8163 0000 91.0305 33
0.0000 0000 0.0000 0
0.0000 0000 0.0000 0
0.0000 0000 0.0000 0
0.0000 0000 0.0000 0
0.0000 0000 0.0000 0
0.0000 0000 0.0000 0
0.0000 0000 0.0000 0
0.0000 0000 0.0000 0
20.1390 0000 90.7892 34
20.1826 0000 90.8249 40
20.2261 0000 90.8606 53
20.2684 0000 90.8857 68
20.3075 0000 90.8854 87
20.3442 0000 90.8662 99
20.3838 0000 90.8701 125
20.4237 0000 90.8762 148
20.4626 0000 90.8739 152
20.5000 0000 90.8609 153
20.5375 0000 90.8480 160
20.5737 0000 90.8245 210
20.6106 0000 90.8074 242
20.6489 0000 90.8008 272
20.6866 0000 90.7900 272
20.7251 0000 90.7855 250
20.7636 0000 90.7811 210
20.8003 0000 90.7618 202
20.8366 0000 90.7405 169
20.8743 0000 90.7297 163
20.9123 0000 90.7210 160
20.9507 0000 90.7166 168
20.9892 0000 90.7121 182
21.0269 0000 90.7013 210
21.0670 0000 90.7096 189
21.1041 0000 90.6946 199
21.1407 0000 90.6753 173
21.1786 0000 90.6667 173
21.2168 0000 90.6601 159
21.2550 0000 90.6536 138
21.2932 0000 90.6471 130
21.3319 0000 90.6447 126
21.3709 0000 90.6445 122
21.4091 0000 90.6380 122
21.4456 0000 90.6188 124
21.4845 0000 90.6186 111
21.5238 0000 90.6205 105
21.5628 0000 90.6203 102
21.6015 0000 90.6180 99
21.6371 0000 90.5925 98
21.6767 0000 90.5965 108
21.7188 0000 90.6195 128
21.7577 0000 90.6193 135
21.7967 0000 90.6191 125
21.8382 0000 90.6379 96
21.8801 0000 90.6588 90
21.9190 0000 90.6586 80
21.9518 0000 90.6121 75
21.9896 0000 90.6035 73
22.0220 0000 90.5548 71
22.0604 0000 90.5504 73
22.0985 0000 90.5440 83
22.1372 0000 90.5417 96
22.1761 0000 90.5415 107
22.2148 0000 90.5393 121
22.2514 0000 90.5223 127
22.2904 0000 90.5221 148
22.3290 0000 90.5199 157
22.3677 0000 90.5176 153
22.4063 0000 90.5154 153
22.4444 0000 90.5089 146
22.4819 0000 90.4983 124
22.5167 0000 90.4687 114
22.5554 0000 90.4665 112
22.5917 0000 90.4474 118
22.6300 0000 90.4431 148
22.6677 0000 90.4345 161
22.7063 0000 90.4323 156
22.7458 0000 90.4364 168
22.7847 0000 90.4363 190
22.8228 0000 90.4299 201
22.8614 0000 90.4277 214
22.9015 0000 90.4360 234
22.9416 0000 90.4443 240
22.9810 0000 90.4485 222
23.0226 0000 90.4673 176
23.0595 0000 90.4525 154
23.0972 0000 90.4440 137
23.1346 0000 90.4334 140
23.1729 0000 90.4291 156
23.2118 0000 90.4290 184
23.2510 0000 90.4311 217
23.2898 0000 90.4310 237
23.3290 0000 90.4330 222
23.3679 0000 90.4329 200
23.4053 0000 90.4224 216
23.4439 0000 90.4202 211
23.4825 0000 90.4180 192
23.5208 0000 90.4138 171
23.5563 0000 90.3906 140
23.5942 0000 90.3842 127
23.6331 0000 90.3841 130
23.6720 0000 90.3841 138
23.7112 0000 90.3861 131
23.7507 0000 90.3903 125
23.7895 0000 90.3902 128
23.8278 0000 90.3860 135
23.8657 0000 90.3796 144
23.9046 0000 90.3796 144
23.9444 0000 90.3859 143
23.9836 0000 90.3879 156
24.0215 0000 90.3816 170
24.0588 0000 90.3710 190
24.0961 0000 90.3604 230
24.1340 0000 90.3541 254
24.1682 0000 90.3225 246
24.2061 0000 90.3161 247
24.2433 0000 90.3056 262
24.2812 0000 90.2992 253
24.3201 0000 90.2992 212
24.3589 0000 90.2992 194
24.3971 0000 90.2949 189
24.4334 0000 90.2781 163
24.4713 0000 90.2717 124
24.5095 0000 90.2675 116
24.5480 0000 90.2653 118
24.5865 0000 90.2632 120
24.6256 0000 90.2653 104
24.6609 0000 90.2421 91
24.6994 0000 90.2400 99
24.7415 0000 90.2610 104
24.7803 0000 90.2609 101
24.8162 0000 90.2420 101
24.8554 0000 90.2441 104
24.8981 0000 90.2693 116
