wt=153294953, DLLFiFo=0
-24.0306 0000 81.5443 143
-23.9901 0000 81.5191 148
-23.9487 0000 81.4883 134
-23.9079 0000 81.4613 136
-23.8668 0000 81.4324 129
-23.8201 0000 81.3659 131
-23.7749 0000 81.3089 139
-23.7459 0000 81.3608 152
-23.7098 0000 81.3658 168
-23.6796 0000 81.4102 184
-23.6433 0000 81.4133 192
-23.6064 0000 81.4126 183
-23.5693 0000 81.4101 162
-23.5283 0000 81.3812 149
-23.4867 0000 81.3486 153
-23.4443 0000 81.3103 211
-23.4072 0000 81.3078 278
-23.3695 0000 81.3015 308
-23.3321 0000 81.2971 320
-23.2947 0000 81.2926 330
-23.2576 0000 81.2901 300
-23.2199 0000 81.2838 252
-23.1822 0000 81.2775 243
-23.1416 0000 81.2506 242
-23.1001 0000 81.2180 262
-23.0570 0000 81.1742 296
-23.0205 0000 81.1755 336
-22.9866 0000 81.1954 301
-22.9538 0000 81.2229 297
-22.9196 0000 81.2410 286
-22.8766 0000 81.1972 304
-22.8381 0000 81.1853 306
-22.8005 0000 81.1790 285
-22.7607 0000 81.1578 271
-22.7236 0000 81.1552 225
-22.6875 0000 81.1602 191
-22.6557 0000 81.1952 188
-22.6239 0000 81.2301 223
-22.5875 0000 81.2332 224
-22.5504 0000 81.2307 199
-22.5125 0000 81.2226 171
-22.4743 0000 81.2126 151
-22.4368 0000 81.2082 141
-22.4005 0000 81.2113 134
-22.3649 0000 81.2200 138
-22.3338 0000 81.2606 152
-22.2901 0000 81.2112 184
-22.2485 0000 81.1769 211
-22.2072 0000 81.1444 243
-22.1662 0000 81.1138 232
-22.1223 0000 81.0627 232
-22.0800 0000 81.0228 245
-22.0390 0000 80.9922 250
-21.9993 0000 80.9711 213
-21.9622 0000 80.9686 202
-21.9253 0000 80.9680 192
-21.8893 0000 80.9729 189
-21.8580 0000 81.0134 217
-21.8219 0000 81.0184 264
-21.7822 0000 80.9973 275
-21.7418 0000 80.9705 310
-21.7039 0000 80.9624 286
-21.6673 0000 80.9637 230
-21.6294 0000 80.9556 195
-21.5849 0000 80.8990 199
-21.5476 0000 80.8947 218
-21.5115 0000 80.8997 241
-21.4748 0000 80.9009 265
-21.4375 0000 80.8966 274
-21.4028 0000 80.9128 275
-21.3667 0000 80.9178 282
-21.3320 0000 80.9340 264
-21.2996 0000 80.9671 261
-21.2652 0000 80.9852 313
-21.2283 0000 80.9846 338
-21.1916 0000 80.9859 343
-21.1552 0000 80.9890 315
-21.1215 0000 81.0127 272
-21.0858 0000 81.0215 214
-21.0486 0000 81.0191 180
-21.0112 0000 81.0148 173
-20.9742 0000 81.0142 207
-20.9363 0000 81.0061 290
-20.8989 0000 81.0018 377
-20.8648 0000 81.0237 382
-20.8281 0000 81.0250 387
-20.7909 0000 81.0226 393
-20.7520 0000 81.0071 378
-20.7129 0000 80.9897 279
-20.6737 0000 80.9723 226
-20.6329 0000 80.9419 208
-20.5899 0000 80.8946 194
-20.5523 0000 80.8885 192
-20.5163 0000 80.8954 174
-20.4853 0000 80.9415 157
-20.4483 0000 80.9410 162
-20.4111 0000 80.9385 171
-20.3737 0000 80.9343 188
-20.3315 0000 80.8926 211
-20.2938 0000 80.8865 226
-20.2564 0000 80.8822 234
-20.2171 0000 80.8630 241
-20.1799 0000 80.8606 201
-20.1467 0000 80.8899 182
-20.1132 0000 80.9174 223
-20.0767 0000 80.9206 218
-20.0388 0000 80.9126 199
-20.0039 0000 80.9289 176
-19.9736 0000 80.9825 159
-19.9389 0000 81.0007 150
-19.9045 0000 81.0207 150
-19.8672 0000 81.0183 126
-19.8270 0000 80.9916 130
-19.7885 0000 80.9799 131
-19.7483 0000 80.9532 130
-19.7097 0000 80.9396 115
-19.6784 0000 80.9858 92
-19.6480 0000 81.0395 82
-19.6071 0000 81.0072 96
-19.5668 0000 80.9805 101
-19.5271 0000 80.9575 108
-19.4905 0000 80.9608 97
-19.4582 0000 80.9995 83
-19.4219 0000 81.0046 71
-19.3855 0000 81.0097 62
-19.3484 0000 81.0092 58
-19.3087 0000 80.9862 61
-19.2685 0000 80.9595 81
-19.2281 0000 80.9310 125
-19.1875 0000 80.9006 155
-19.1398 0000 80.8104 193
-19.0974 0000 80.7651 252
-19.0573 0000 80.7385 261
-19.0172 0000 80.7119 287
-18.9776 0000 80.6890 275
-18.9402 0000 80.6848 302
-18.9032 0000 80.6843 280
-18.8657 0000 80.6800 245
-18.8257 0000 80.6534 185
-18.7845 0000 80.6175 151
-18.7415 0000 80.5649 120
-18.7008 0000 80.5328 103
-18.6606 0000 80.5044 112
-18.6213 0000 80.4834 147
-18.5849 0000 80.4885 180
-18.5460 0000 80.4712 184
-18.5067 0000 80.4503 183
-18.4693 0000 80.4460 186
-18.4324 0000 80.4455 244
-18.3956 0000 80.4469 317
-18.3589 0000 80.4482 374
-18.3222 0000 80.4496 415
-18.2854 0000 80.4509 401
-18.2480 0000 80.4467 314
-18.2127 0000 80.4611 212
-18.1758 0000 80.4606 172
-18.1359 0000 80.4341 176
-18.0983 0000 80.4280 190
-18.0617 0000 80.4312 191
-18.0252 0000 80.4344 185
-17.9874 0000 80.4265 191
-17.9469 0000 80.3944 189
-17.9064 0000 80.3623 209
-17.8640 0000 80.3136 215
-17.8259 0000 80.3019 210
-17.7864 0000 80.2792 185
-17.7464 0000 80.2508 172
-17.7095 0000 80.2503 152
-17.6760 0000 80.2814 134
-17.6423 0000 80.3106 143
-17.6058 0000 80.3138 162
-17.5694 0000 80.3189 180
-17.5327 0000 80.3202 183
-17.4953 0000 80.3160 162
-17.4576 0000 80.3081 134
-17.4204 0000 80.3057 109
-17.3810 0000 80.2830 101
-17.3437 0000 80.2788 106
-17.3063 0000 80.2746 115
-17.2690 0000 80.2704 116
-17.2296 0000 80.2476 107
-17.1899 0000 80.2212 73
-17.1555 0000 80.2448 57
-17.1221 0000 80.2777 51
-17.0913 0000 80.3347 52
-17.0502 0000 80.2953 65
-17.0093 0000 80.2577 95
-16.9682 0000 80.2182 121
-16.9289 0000 80.1955 114
-16.8906 0000 80.1820 117
-16.8482 0000 80.1297 147
-16.8096 0000 80.1125 207
-16.7690 0000 80.0769 271
-16.7309 0000 80.0653 314
-16.6930 0000 80.0555 304
-16.6524 0000 80.0199 248
-16.6153 0000 80.0176 209
-16.5803 0000 80.0356 194
-16.5450 0000 80.0499 218
-16.5086 0000 80.0550 236
-16.4717 0000 80.0545 282
-16.4331 0000 80.0373 306
-16.3962 0000 80.0369 317
-16.3611 0000 80.0549 338
-16.3253 0000 80.0655 334
-16.2909 0000 80.0891 312
-16.2541 0000 80.0904 314
-16.2187 0000 80.1048 319
-16.1806 0000 80.0932 259
-16.1485 0000 80.1409 225
-16.1125 0000 80.1496 211
-16.0771 0000 80.1640 203
-16.0357 0000 80.1190 185
-15.9930 0000 80.0612 197
-15.9517 0000 80.0163 220
-15.9095 0000 79.9622 253
-15.8720 0000 79.9562 281
-15.8349 0000 79.9538 281
-15.7978 0000 79.9515 254
-15.7611 0000 79.9529 230
-15.7248 0000 79.9579 220
-15.6861 0000 79.9390 229
-15.6490 0000 79.9367 224
-15.6114 0000 79.9288 212
-15.5696 0000 79.8785 220
-15.5313 0000 79.8632 253
-15.4898 0000 79.8148 282
-15.4517 0000 79.8014 319
-15.4143 0000 79.7954 324
-15.3774 0000 79.7949 283
-15.3372 0000 79.7594 247
-15.3000 0000 79.7552 224
-15.2632 0000 79.7547 199
-15.2263 0000 79.7543 192
-15.1896 0000 79.7556 196
-15.1575 0000 79.8049 203
-15.1206 0000 79.8045 218
-15.0832 0000 79.7985 248
-15.0448 0000 79.7814 265
-15.0102 0000 79.8049 292
-14.9752 0000 79.8247 290
-14.9380 0000 79.8205 308
-14.9013 0000 79.8219 303
-14.8652 0000 79.8307 271
-14.8311 0000 79.8597 267
-14.7942 0000 79.8592 273
-14.7575 0000 79.8606 263
-14.7228 0000 79.8841 261
-14.6863 0000 79.8874 278
-14.6494 0000 79.8869 292
-14.6112 0000 79.8716 230
-14.5741 0000 79.8693 191
-14.5411 0000 79.9113 181
-14.5045 0000 79.9145 196
-14.4678 0000 79.9159 227
-14.4311 0000 79.9173 244
-14.3943 0000 79.9186 231
-14.3569 0000 79.9126 205
-14.3150 0000 79.8549 190
-14.2748 0000 79.8175 180
-14.2335 0000 79.7672 175
-14.1939 0000 79.7354 177
-14.1551 0000 79.7128 162
-14.1205 0000 79.7382 155
-14.0835 0000 79.7358 151
-14.0468 0000 79.7372 166
-14.0122 0000 79.7625 194
-13.9755 0000 79.7639 229
-13.9385 0000 79.7616 258
-13.9015 0000 79.7593 279
-13.8650 0000 79.7625 279
-13.8300 0000 79.7841 278
-13.7941 0000 79.7947 260
-13.7618 0000 79.8477 262
-13.7276 0000 79.8786 274
-13.6928 0000 79.9022 331
-13.6559 0000 79.9017 345
-13.6190 0000 79.9012 313
-13.5825 0000 79.9044 266
-13.5456 0000 79.9039 246
-13.5082 0000 79.8979 265
-13.4707 0000 79.8900 315
-13.4334 0000 79.8840 356
-13.3973 0000 79.8928 363
-13.3632 0000 79.9255 322
-13.3284 0000 79.9509 301
-13.2920 0000 79.9560 267
-13.2558 0000 79.9647 283
-13.2188 0000 79.9624 321
-13.1813 0000 79.9545 332
-13.1429 0000 79.9356 321
-13.1060 0000 79.9351 326
-13.0672 0000 79.9106 295
-13.0307 0000 79.9156 281
-12.9980 0000 79.9669 290
-12.9635 0000 79.9960 322
-12.9301 0000 80.0399 340
-12.8934 0000 80.0413 351
-12.8560 0000 80.0353 330
-12.8186 0000 80.0292 271
-12.7787 0000 79.9899 220
-12.7409 0000 79.9783 178
-12.7019 0000 79.9520 133
-12.6694 0000 80.0070 117
-12.6354 0000 80.0435 118
-12.5992 0000 80.0523 110
-12.5660 0000 80.0999 96
-12.5321 0000 80.1384 90
-12.4994 0000 80.1935 88
-12.4640 0000 80.2134 110
-12.4254 0000 80.1907 120
-12.3864 0000 80.1642 100
-12.3455 0000 80.1119 91
-12.3084 0000 80.1096 108
-12.2711 0000 80.1035 134
-12.2326 0000 80.0827 149
-12.1917 0000 80.0303 156
-12.1543 0000 80.0225 168
-12.1175 0000 80.0238 185
-12.0796 0000 80.0104 187
-12.0442 0000 80.0303 198
-12.0071 0000 80.0280 192
-11.9700 0000 80.0256 170
-11.9337 0000 80.0326 150
-11.8977 0000 80.0451 141
-11.8605 0000 80.0409 130
-11.8204 0000 79.9978 131
-11.7811 0000 79.9641 141
-11.7423 0000 79.9377 177
-11.7052 0000 79.9354 213
-11.6686 0000 79.9386 240
-11.6319 0000 79.9418 246
-11.5959 0000 79.9543 227
-11.5586 0000 79.9483 231
-11.5202 0000 79.9275 262
-11.4834 0000 79.9289 267
-11.4473 0000 79.9395 250
-11.4123 0000 79.9668 220
-11.3767 0000 79.9848 260
-11.3398 0000 79.9843 301
-11.3013 0000 79.9617 287
-11.2636 0000 79.9501 255
-11.2255 0000 79.9330 239
-11.1885 0000 79.9325 229
-11.1501 0000 79.9099 214
-11.1121 0000 79.8946 210
-11.0736 0000 79.8702 210
-11.0353 0000 79.8494 198
-10.9979 0000 79.8415 236
-10.9596 0000 79.8207 313
-10.9222 0000 79.8129 359
-10.8833 0000 79.7829 366
-10.8455 0000 79.7695 377
-10.8085 0000 79.7672 355
-10.7718 0000 79.7704 300
-10.7355 0000 79.7792 236
-10.7014 0000 79.8212 189
-10.6634 0000 79.8041 164
-10.6279 0000 79.8259 144
-10.5926 0000 79.8494 154
-10.5559 0000 79.8527 155
-10.5189 0000 79.8522 160
-10.4820 0000 79.8518 171
-10.4453 0000 79.8550 176
-10.4087 0000 79.8601 161
-10.3720 0000 79.8633 136
-10.3353 0000 79.8666 114
-10.2985 0000 79.8680 97
-10.2629 0000 79.8897 100
-10.2272 0000 79.9078 111
-10.1919 0000 79.9351 124
-10.1574 0000 79.9735 125
-10.1211 0000 79.9841 119
-10.0857 0000 80.0096 124
-10.0488 0000 80.0092 130
-10.0117 0000 80.0069 125
-9.9731 0000 79.9805 109
-9.9323 0000 79.9172 104
-9.8923 0000 79.8668 120
-9.8538 0000 79.8405 144
-9.8167 0000 79.8382 175
-9.7800 0000 79.8414 201
-9.7462 0000 79.8928 204
-9.7097 0000 79.9016 183
-9.6761 0000 79.9566 169
-9.6398 0000 79.9692 172
-9.6029 0000 79.9687 178
-9.5653 0000 79.9590 190
-9.5266 0000 79.9290 208
-9.4897 0000 79.9286 198
-9.4529 0000 79.9318 170
-9.4151 0000 79.9166 152
-9.3780 0000 79.9143 142
-9.3396 0000 79.8880 155
-9.3020 0000 79.8764 179
-9.2636 0000 79.8501 188
-9.2262 0000 79.8423 167
-9.1893 0000 79.8437 170
-9.1523 0000 79.8415 198
-9.1153 0000 79.8410 211
-9.0785 0000 79.8424 188
-9.0405 0000 79.8235 142
-9.0030 0000 79.8139 124
-8.9660 0000 79.8116 119
-8.9290 0000 79.8112 114
-8.8910 0000 79.7904 113
-8.8525 0000 79.7604 101
-8.8124 0000 79.7009 94
-8.7722 0000 79.6397 91
-8.7334 0000 79.6042 96
-8.6959 0000 79.5909 92
-8.6578 0000 79.5684 81
-8.6198 0000 79.5458 66
-8.5827 0000 79.5417 52
-8.5414 0000 79.4567 44
0.0000 0000 0.0000 0
0.0000 0000 0.0000 0
0.0000 0000 0.0000 0
0.0000 0000 0.0000 0
0.0000 0000 0.0000 0
0.0000 0000 0.0000 0
0.0000 0000 0.0000 0
0.0000 0000 0.0000 0
0.0000 0000 0.0000 0
-8.1570 0000 79.1331 53
-8.1212 0000 79.1529 63
-8.0842 0000 79.1488 71
-8.0461 0000 79.1227 93
-8.0092 0000 79.1187 83
-7.9702 0000 79.0725 61
-7.9318 0000 79.0391 53
-7.8923 0000 78.9820 51
0.0000 0000 0.0000 0
0.0000 0000 0.0000 0
0.0000 0000 0.0000 0
0.0000 0000 0.0000 0
-7.7098 0000 79.0075 57
-7.6717 0000 78.9778 65
-7.6337 0000 78.9518 68
-7.5969 0000 78.9496 68
-7.5589 0000 78.9218 68
-7.5233 0000 78.9470 72
-7.4866 0000 78.9466 85
-7.4548 0000 79.0577 92
-7.4208 0000 79.1196 125
-7.3851 0000 79.1430 188
-7.3481 0000 79.1389 259
-7.3104 0000 79.1184 309
-7.2726 0000 79.0942 369
-7.2344 0000 79.0627 359
-7.1965 0000 79.0366 347
-7.1586 0000 79.0088 280
-7.1204 0000 78.9755 250
-7.0833 0000 78.9660 234
-7.0466 0000 78.9692 230
-7.0109 0000 78.9926 204
-6.9752 0000 79.0178 201
-6.9378 0000 79.0028 193
-6.9008 0000 78.9969 192
-6.8638 0000 78.9910 175
-6.8261 0000 78.9669 162
-6.7883 0000 78.9427 149
-6.7512 0000 78.9332 132
-6.7122 0000 78.8762 126
-6.6731 0000 78.8156 128
-6.6350 0000 78.7823 123
-6.5972 0000 78.7546 130
-6.5595 0000 78.7287 132
-6.5227 0000 78.7247 135
-6.4860 0000 78.7243 128
-6.4505 0000 78.7567 114
-6.4149 0000 78.7837 112
-6.3778 0000 78.7742 123
-6.3391 0000 78.7209 135
-6.3013 0000 78.6914 141
-6.2628 0000 78.6418 137
-6.2257 0000 78.6305 133
-6.1873 0000 78.5846 130
-6.1497 0000 78.5588 135
-6.1112 0000 78.5075 151
-6.0733 0000 78.4726 159
-6.0345 0000 78.4105 169
-5.9954 0000 78.3429 176
-5.9569 0000 78.2882 177
-5.9193 0000 78.2606 179
-5.8825 0000 78.2530 175
-5.8449 0000 78.2236 173
-5.8083 0000 78.2232 166
-5.7712 0000 78.2066 167
-5.7345 0000 78.2026 158
-5.6968 0000 78.1714 153
-5.6583 0000 78.1132 165
-5.6208 0000 78.0839 177
-5.5841 0000 78.0799 181
-5.5470 0000 78.0614 168
-5.5103 0000 78.0574 160
-5.4738 0000 78.0571 148
-5.4371 0000 78.0531 142
-5.3996 0000 78.0220 149
-5.3623 0000 77.9981 152
-5.3258 0000 77.9978 170
-5.2893 0000 78.0010 192
-5.2529 0000 78.0024 201
-5.2161 0000 77.9948 202
-5.1794 0000 77.9872 202
-5.1427 0000 77.9833 192
-5.1054 0000 77.9576 181
-5.0682 0000 77.9320 167
-5.0316 0000 77.9316 170
-4.9952 0000 77.9331 169
-4.9587 0000 77.9345 162
-4.9222 0000 77.9341 174
-4.8855 0000 77.9283 219
-4.8489 0000 77.9262 263
-4.8125 0000 77.9276 276
-4.7753 0000 77.9020 265
-4.7379 0000 77.8710 298
-4.7007 0000 77.8454 307
-4.6641 0000 77.8396 321
-4.6275 0000 77.8375 303
-4.5905 0000 77.8173 286
-4.5545 0000 77.8367 239
-4.5181 0000 77.8400 220
-4.4816 0000 77.8396 214
-4.4451 0000 77.8393 201
-4.4081 0000 77.8173 182
-4.3715 0000 77.8115 149
-4.3344 0000 77.7860 123
-4.2978 0000 77.7820 112
-4.2599 0000 77.7259 121
-4.2227 0000 77.6950 151
-4.1855 0000 77.6605 210
-4.1482 0000 77.6242 330
-4.1108 0000 77.5843 430
-4.0742 0000 77.5768 461
-4.0376 0000 77.5675 394
-4.0012 0000 77.5689 280
-3.9643 0000 77.5488 219
-3.9273 0000 77.5234 253
-3.8909 0000 77.5194 286
-3.8540 0000 77.4994 288
-3.8175 0000 77.4937 276
-3.7806 0000 77.4718 253
-3.7440 0000 77.4625 206
-3.7071 0000 77.4353 174
-3.6707 0000 77.4349 146
-3.6349 0000 77.4615 158
-3.5990 0000 77.4862 173
-3.5622 0000 77.4662 207
-3.5257 0000 77.4604 233
-3.4887 0000 77.4296 243
-3.4518 0000 77.4007 272
-3.4149 0000 77.3753 251
-3.3785 0000 77.3731 237
-3.3426 0000 77.3961 232
-3.3067 0000 77.4244 198
-3.2708 0000 77.4509 192
-3.2344 0000 77.4506 192
-3.1980 0000 77.4484 193
-3.1616 0000 77.4463 188
-3.1252 0000 77.4478 180
-3.0889 0000 77.4546 171
-3.0529 0000 77.4793 151
-3.0167 0000 77.4880 133
-2.9807 0000 77.5145 125
-2.9443 0000 77.5106 118
-2.9071 0000 77.4583 109
-2.8705 0000 77.4437 106
-2.8337 0000 77.4165 111
-2.7973 0000 77.4179 104
-2.7609 0000 77.4158 102
-2.7242 0000 77.3886 105
-2.6874 0000 77.3579 125
-2.6507 0000 77.3325 140
-2.6144 0000 77.3340 156
-2.5783 0000 77.3533 164
-2.5422 0000 77.3745 139
-2.5053 0000 77.3348 131
-2.4689 0000 77.3273 134
-2.4325 0000 77.3252 141
-2.3962 0000 77.3285 158
-2.3598 0000 77.3264 187
-2.3232 0000 77.3010 205
-2.2868 0000 77.2935 216
-2.2502 0000 77.2700 223
-2.2138 0000 77.2679 211
-2.1775 0000 77.2711 206
-2.1414 0000 77.2958 205
-2.1050 0000 77.2919 208
-2.0684 0000 77.2630 223
-2.0320 0000 77.2592 225
-1.9955 0000 77.2374 205
-1.9592 0000 77.2371 190
-1.9229 0000 77.2403 172
-1.8865 0000 77.2365 172
-1.8498 0000 77.1844 188
-1.8134 0000 77.1751 208
-1.7767 0000 77.1284 233
-1.7404 0000 77.1228 261
-1.7041 0000 77.1189 268
-1.6675 0000 77.0776 251
-1.6312 0000 77.0791 221
-1.5951 0000 77.1019 207
-1.5588 0000 77.1016 198
-1.5223 0000 77.0728 201
-1.4860 0000 77.0654 245
-1.4496 0000 77.0437 328
-1.4132 0000 77.0202 358
-1.3768 0000 77.0092 374
-1.3403 0000 76.9608 364
-1.3040 0000 76.9338 323
-1.2677 0000 76.9246 290
-1.2313 0000 76.8959 266
-1.1950 0000 76.8938 248
-1.1588 0000 76.8917 240
-1.1225 0000 76.8932 237
-1.0863 0000 76.8911 240
-1.0500 0000 76.8677 252
-1.0137 0000 76.8657 247
-0.9775 0000 76.8636 246
-0.9412 0000 76.8366 235
-0.9049 0000 76.8097 230
-0.8686 0000 76.8094 215
-0.8324 0000 76.8375 207
-0.7962 0000 76.8924 216
-0.7600 0000 76.9188 248
-0.7237 0000 76.9202 270
-0.6875 0000 76.9200 264
-0.6512 0000 76.9179 264
-0.6149 0000 76.9140 279
-0.5787 0000 76.9120 291
-0.5424 0000 76.8903 326
-0.5062 0000 76.8687 318
-0.4699 0000 76.8666 313
-0.4337 0000 76.8664 291
-0.3974 0000 76.8892 238
-0.3611 0000 76.9120 208
-0.3248 0000 76.9135 189
-0.2885 0000 76.9150 173
-0.2522 0000 76.9432 162
-0.2159 0000 76.9447 151
-0.1796 0000 76.9462 142
-0.1433 0000 76.9477 134
-0.1070 0000 76.9510 129
-0.0707 0000 76.9525 132
-0.0344 0000 76.9754 137
0.0019 0000 76.9769 144
0.0383 0000 76.9962 156
0.0746 0000 76.9960 162
0.1109 0000 77.0010 163
0.1473 0000 77.0257 154
0.1837 0000 77.0272 153
0.2200 0000 77.0305 150
0.2564 0000 77.0552 146
0.2928 0000 77.0603 132
0.3294 0000 77.1117 124
0.3658 0000 77.1133 123
0.4021 0000 77.1148 122
0.4386 0000 77.1413 115
0.4753 0000 77.1892 114
0.5116 0000 77.1890 106
0.5478 0000 77.1637 99
0.5841 0000 77.1581 98
0.6204 0000 77.1578 94
0.6568 0000 77.1593 86
0.6927 0000 77.1126 85
0.7290 0000 77.1141 89
0.7656 0000 77.1389 97
0.8019 0000 77.1422 109
0.8383 0000 77.1437 118
0.8746 0000 77.1399 129
0.9109 0000 77.1325 145
0.9467 0000 77.0822 167
0.9829 0000 77.0730 177
1.0189 0000 77.0460 163
1.0549 0000 77.0154 159
1.0906 0000 76.9652 153
1.1266 0000 76.9365 160
1.1625 0000 76.9041 161
1.1981 0000 76.8523 180
1.2340 0000 76.8200 209
1.2699 0000 76.7913 221
1.3061 0000 76.7892 234
1.3424 0000 76.7907 233
1.3787 0000 76.7923 227
1.4149 0000 76.7938 214
1.4512 0000 76.7953 204
1.4875 0000 76.7986 218
1.5244 0000 76.8446 261
1.5608 0000 76.8479 301
1.5970 0000 76.8476 304
1.6333 0000 76.8491 276
1.6697 0000 76.8560 238
1.7068 0000 76.9056 211
1.7439 0000 76.9570 200
1.7801 0000 76.9549 193
1.8164 0000 76.9565 189
1.8529 0000 76.9651 200
1.8895 0000 76.9862 220
1.9254 0000 76.9592 241
1.9616 0000 76.9519 258
1.9978 0000 76.9498 252
2.0341 0000 76.9514 231
2.0695 0000 76.8994 212
2.1043 0000 76.8155 215
2.1396 0000 76.7637 238
2.1757 0000 76.7546 271
2.2110 0000 76.7064 284
2.2470 0000 76.6955 279
2.2827 0000 76.6668 273
2.3180 0000 76.6186 243
2.3540 0000 76.6095 222
2.3892 0000 76.5543 217
2.4248 0000 76.5257 233
2.4605 0000 76.5024 240
2.4971 0000 76.5217 267
2.5333 0000 76.5214 314
2.5694 0000 76.5176 357
2.6054 0000 76.5121 378
2.6412 0000 76.4924 394
2.6774 0000 76.4921 371
2.7136 0000 76.4919 356
2.7497 0000 76.4899 354
2.7858 0000 76.4879 354
2.8220 0000 76.4876 354
2.8582 0000 76.4874 342
2.8945 0000 76.4907 320
2.9307 0000 76.4922 299
2.9669 0000 76.4938 281
3.0031 0000 76.4953 274
3.0393 0000 76.4933 291
3.0754 0000 76.4913 309
3.1111 0000 76.4716 285
3.1470 0000 76.4625 263
3.1819 0000 76.4110 247
3.2179 0000 76.4072 223
3.2535 0000 76.3840 199
3.2890 0000 76.3590 182
3.3251 0000 76.3570 168
3.3620 0000 76.3851 166
3.4004 0000 76.4698 171
3.4381 0000 76.5262 196
3.4736 0000 76.5012 226
3.5096 0000 76.4957 261
3.5463 0000 76.5114 282
3.5825 0000 76.5129 299
3.6188 0000 76.5163 284
3.6552 0000 76.5249 255
3.6922 0000 76.5530 219
3.7293 0000 76.5847 206
3.7677 0000 76.6590 193
3.8061 0000 76.7334 172
3.8434 0000 76.7705 156
3.8806 0000 76.8022 148
3.9175 0000 76.8251 147
3.9538 0000 76.8249 145
3.9895 0000 76.8069 131
4.0264 0000 76.8281 134
4.0635 0000 76.8545 126
4.1006 0000 76.8828 132
4.1368 0000 76.8808 127
4.1729 0000 76.8770 105
4.2079 0000 76.8377 80
4.2431 0000 76.8037 69
4.2745 0000 76.6578 64
4.3077 0000 76.5672 79
4.3421 0000 76.5139 111
4.3773 0000 76.4836 131
4.4125 0000 76.4551 145
4.4477 0000 76.4266 125
4.4829 0000 76.3998 102
4.5180 0000 76.3714 86
4.5532 0000 76.3429 73
4.5863 0000 76.2597 69
4.6194 0000 76.1749 75
4.6551 0000 76.1641 88
4.6894 0000 76.1146 103
4.7246 0000 76.0898 113
4.7603 0000 76.0808 130
4.7962 0000 76.0771 152
4.8316 0000 76.0593 165
4.8668 0000 76.0380 196
4.9027 0000 76.0343 205
4.9388 0000 76.0341 187
4.9756 0000 76.0551 141
5.0126 0000 76.0813 109
5.0480 0000 76.0635 80
0.0000 0000 0.0000 0
0.0000 0000 0.0000 0
5.1504 0000 75.9188 78
5.1906 0000 76.0241 95
5.2268 0000 76.0274 130
5.2636 0000 76.0466 173
5.2987 0000 76.0253 191
5.3338 0000 76.0023 219
5.3686 0000 75.9722 271
5.4036 0000 75.9475 297
5.4393 0000 75.9403 309
5.4744 0000 75.9173 281
5.5093 0000 75.8908 266
5.5450 0000 75.8853 227
5.5810 0000 75.8834 202
5.6160 0000 75.8604 198
5.6508 0000 75.8340 192
5.6866 0000 75.8285 204
5.7205 0000 75.7810 220
5.7561 0000 75.7739 234
5.7918 0000 75.7667 240
5.8275 0000 75.7613 249
5.8615 0000 75.7173 260
5.8972 0000 75.7119 264
5.9321 0000 75.6890 279
5.9670 0000 75.6661 264
6.0027 0000 75.6589 260
6.0376 0000 75.6377 258
6.0743 0000 75.6551 221
6.1104 0000 75.6584 207
6.1463 0000 75.6565 207
6.1810 0000 75.6301 221
6.2166 0000 75.6230 224
6.2514 0000 75.6001 212
6.2874 0000 75.6016 207
6.3245 0000 75.6277 236
6.3614 0000 75.6485 263
6.3973 0000 75.6484 289
6.4333 0000 75.6482 293
6.4682 0000 75.6271 275
6.5030 0000 75.6042 275
6.5389 0000 75.6040 270
6.5748 0000 75.6039 288
6.6105 0000 75.6002 321
6.6462 0000 75.5948 349
6.6809 0000 75.5719 394
6.7168 0000 75.5718 384
6.7538 0000 75.5926 325
6.7897 0000 75.5942 298
6.8255 0000 75.5905 272
6.8594 0000 75.5519 258
6.8955 0000 75.5553 261
6.9323 0000 75.5743 281
6.9683 0000 75.5759 292
7.0052 0000 75.5950 286
7.0415 0000 75.6036 276
7.0786 0000 75.6262 255
7.1150 0000 75.6365 210
7.1533 0000 75.6818 180
7.1896 0000 75.6887 164
7.2256 0000 75.6903 161
7.2614 0000 75.6884 156
7.2969 0000 75.6812 168
7.3324 0000 75.6723 179
7.3678 0000 75.6634 192
7.4015 0000 75.6213 207
7.4384 0000 75.6404 222
7.4748 0000 75.6507 220
7.5112 0000 75.6593 221
7.5494 0000 75.7012 220
7.5856 0000 75.7063 215
7.6216 0000 75.7079 193
7.6574 0000 75.7060 158
7.6920 0000 75.6831 141
7.7274 0000 75.6724 123
7.7620 0000 75.6495 109
7.7965 0000 75.6249 85
7.8267 0000 75.5234 82
7.8592 0000 75.4639 91
7.8931 0000 75.4306 105
7.9259 0000 75.3764 124
7.9585 0000 75.3205 136
7.9896 0000 75.2385 143
8.0204 0000 75.1514 177
8.0531 0000 75.0992 228
8.0884 0000 75.0904 289
8.1239 0000 75.0867 354
8.1585 0000 75.0675 422
8.1930 0000 75.0448 389
8.2281 0000 75.0342 356
8.2596 0000 74.9630 311
8.2917 0000 74.9022 311
8.3254 0000 74.8692 340
8.3593 0000 74.8396 347
8.3939 0000 74.8204 318
8.4297 0000 74.8220 323
8.4653 0000 74.8219 330
8.5009 0000 74.8200 331
8.5364 0000 74.8164 320
8.5717 0000 74.8111 304
8.6059 0000 74.7868 298
8.6400 0000 74.7624 269
8.6752 0000 74.7537 263
8.7079 0000 74.7069 254
8.7417 0000 74.6774 239
8.7750 0000 74.6410 240
8.8072 0000 74.5857 248
8.8411 0000 74.5597 277
8.8755 0000 74.5406 280
8.9110 0000 74.5388 293
8.9455 0000 74.5214 321
8.9809 0000 74.5196 319
9.0152 0000 74.4988 283
9.0505 0000 74.4952 259
9.0861 0000 74.4951 241
9.1230 0000 74.5157 240
9.1587 0000 74.5173 239
9.1958 0000 74.5395 232
9.2313 0000 74.5394 235
9.2668 0000 74.5376 241
9.3023 0000 74.5358 250
9.3377 0000 74.5339 260
9.3730 0000 74.5304 264
9.4070 0000 74.5061 271
9.4411 0000 74.4854 256
9.4766 0000 74.4835 258
9.5120 0000 74.4817 271
9.5478 0000 74.4851 294
9.5848 0000 74.5056 322
9.6203 0000 74.5055 310
9.6556 0000 74.5020 279
9.6912 0000 74.5019 240
9.7252 0000 74.4794 208
9.7588 0000 74.4517 209
9.7940 0000 74.4465 200
9.8296 0000 74.4481 188
9.8672 0000 74.4773 174
9.9051 0000 74.5099 173
9.9428 0000 74.5408 164
9.9801 0000 74.5648 174
10.0175 0000 74.5905 168
10.0547 0000 74.6129 169
10.0909 0000 74.6214 155
10.1301 0000 74.6713 145
10.1659 0000 74.6747 138
10.2017 0000 74.6780 121
10.2389 0000 74.7004 104
10.2707 0000 74.6485 87
10.3020 0000 74.5898 86
10.3356 0000 74.5639 89
10.3676 0000 74.5156 101
10.4044 0000 74.5327 137
10.4384 0000 74.5120 196
10.4736 0000 74.5085 267
10.5084 0000 74.4981 330
10.5410 0000 74.4602 380
10.5763 0000 74.4566 402
10.6115 0000 74.4531 397
10.6455 0000 74.4324 359
10.6827 0000 74.4547 337
10.7199 0000 74.4770 294
10.7561 0000 74.4855 258
10.7937 0000 74.5130 236
10.8310 0000 74.5353 231
10.8666 0000 74.5370 227
10.9024 0000 74.5404 227
10.9377 0000 74.5368 225
10.9725 0000 74.5282 233
11.0063 0000 74.5057 261
11.0400 0000 74.4833 252
11.0746 0000 74.4712 272
11.1081 0000 74.4471 313
11.1420 0000 74.4264 287
11.1772 0000 74.4229 246
11.2139 0000 74.4383 199
11.2501 0000 74.4469 152
11.2898 0000 74.4984 132
11.3261 0000 74.5087 134
11.3636 0000 74.5327 150
11.4008 0000 74.5533 152
11.4363 0000 74.5533 157
11.4699 0000 74.5292 165
11.5049 0000 74.5239 157
11.5386 0000 74.5015 141
11.5738 0000 74.4980 138
11.6072 0000 74.4722 144
11.6385 0000 74.4223 151
11.6715 0000 74.3931 149
11.7047 0000 74.3656 156
11.7381 0000 74.3415 155
11.7734 0000 74.3397 155
11.8128 0000 74.3860 157
11.8508 0000 74.4152 162
11.8868 0000 74.4220 178
11.9224 0000 74.4237 198
11.9576 0000 74.4202 217
11.9909 0000 74.3944 227
12.0259 0000 74.3892 241
12.0591 0000 74.3635 264
12.0925 0000 74.3394 273
12.1276 0000 74.3359 289
12.1632 0000 74.3376 294
12.1993 0000 74.3444 292
12.2369 0000 74.3684 313
12.2722 0000 74.3667 317
12.3072 0000 74.3615 300
12.3391 0000 74.3220 267
12.3720 0000 74.2928 230
12.4045 0000 74.2602 219
12.4398 0000 74.2584 204
12.4757 0000 74.2636 197
12.5114 0000 74.2669 204
12.5486 0000 74.2858 244
12.5854 0000 74.3012 271
12.6210 0000 74.3029 288
12.6531 0000 74.2668 287
12.6883 0000 74.2634 286
12.7234 0000 74.2599 281
12.7582 0000 74.2530 272
12.7931 0000 74.2478 265
12.8270 0000 74.2307 248
12.8626 0000 74.2323 242
12.8980 0000 74.2323 244
12.9333 0000 74.2306 245
12.9684 0000 74.2271 245
13.0012 0000 74.1997 259
13.0336 0000 74.1671 256
13.0661 0000 74.1363 274
13.0993 0000 74.1123 269
13.1343 0000 74.1088 292
13.1720 0000 74.1327 257
13.2080 0000 74.1395 228
13.2436 0000 74.1412 203
13.2769 0000 74.1189 193
13.3098 0000 74.0932 184
13.3426 0000 74.0658 205
13.3754 0000 74.0385 211
13.4085 0000 74.0145 225
13.4437 0000 74.0128 222
13.4792 0000 74.0144 218
13.5169 0000 74.0383 204
13.5549 0000 74.0656 195
13.5931 0000 74.0947 206
13.6312 0000 74.1220 226
13.6688 0000 74.1442 234
13.7043 0000 74.1459 247
13.7397 0000 74.1459 244
13.7753 0000 74.1475 237
13.8107 0000 74.1475 228
13.8459 0000 74.1458 219
13.8810 0000 74.1423 204
13.9169 0000 74.1474 181
13.9547 0000 74.1713 167
13.9901 0000 74.1713 155
14.0251 0000 74.1678 146
14.0607 0000 74.1695 126
14.0966 0000 74.1746 104
14.1375 0000 74.2294 90
14.1780 0000 74.2791 84
14.2136 0000 74.2808 85
14.2490 0000 74.2807 88
14.2870 0000 74.3064 86
14.3233 0000 74.3150 81
14.3640 0000 74.3664 78
14.4002 0000 74.3733 82
14.4377 0000 74.3938 94
14.4730 0000 74.3921 104
14.5061 0000 74.3697 104
14.5403 0000 74.3577 112
14.5731 0000 74.3319 126
14.6110 0000 74.3559 128
14.6479 0000 74.3696 133
14.6889 0000 74.4228 143
14.7359 0000 74.5345 163
14.7752 0000 74.5707 200
14.8155 0000 74.6171 229
14.8517 0000 74.6240 252
14.8898 0000 74.6481 284
14.9258 0000 74.6532 275
14.9649 0000 74.6876 250
15.0014 0000 74.6962 238
15.0414 0000 74.7393 224
15.0786 0000 74.7548 202
15.1194 0000 74.8049 186
15.1599 0000 74.8515 181
15.1958 0000 74.8549 186
15.2323 0000 74.8635 192
15.2719 0000 74.9015 197
15.3084 0000 74.9101 194
15.3443 0000 74.9135 183
15.3804 0000 74.9187 171
15.4186 0000 74.9428 145
15.4568 0000 74.9670 126
15.5019 0000 75.0553 110
15.5441 0000 75.1159 109
15.5848 0000 75.1627 109
15.6206 0000 75.1644 114
15.6540 0000 75.1435 127
15.6892 0000 75.1400 131
15.7244 0000 75.1365 129
15.7600 0000 75.1365 128
15.7958 0000 75.1381 126
15.8320 0000 75.1433 114
15.8702 0000 75.1675 103
15.9066 0000 75.1744 88
15.9467 0000 75.2143 82
15.9821 0000 75.2125 88
16.0156 0000 75.1934 104
16.0510 0000 75.1916 128
16.0860 0000 75.1863 145
16.1212 0000 75.1828 157
16.1568 0000 75.1828 170
16.1922 0000 75.1810 175
16.2256 0000 75.1619 163
16.2606 0000 75.1566 158
16.2941 0000 75.1375 171
16.3292 0000 75.1340 187
16.3642 0000 75.1288 208
16.3968 0000 75.1027 216
16.4318 0000 75.0975 243
16.4676 0000 75.0992 274
16.5035 0000 75.1026 284
16.5401 0000 75.1112 276
16.5789 0000 75.1389 285
16.6169 0000 75.1597 261
16.6530 0000 75.1649 238
16.6892 0000 75.1700 207
16.7276 0000 75.1943 186
16.7642 0000 75.2029 158
16.8049 0000 75.2463 136
16.8437 0000 75.2740 122
16.8800 0000 75.2792 103
16.9207 0000 75.3226 98
16.9624 0000 75.3747 102
17.0020 0000 75.4077 102
17.0432 0000 75.4547 105
17.0792 0000 75.4581 111
17.1150 0000 75.4599 120
17.1479 0000 75.4372 133
17.1831 0000 75.4337 133
17.2181 0000 75.4285 135
17.2533 0000 75.4250 139
17.2877 0000 75.4145 132
17.3231 0000 75.4128 139
17.3582 0000 75.4093 148
17.3930 0000 75.4023 161
17.4265 0000 75.3849 178
17.4616 0000 75.3814 210
17.4947 0000 75.3606 239
17.5275 0000 75.3380 219
17.5626 0000 75.3345 205
17.5982 0000 75.3345 196
17.6335 0000 75.3328 185
17.6717 0000 75.3536 173
17.7111 0000 75.3849 137
17.7505 0000 75.4162 122
17.7910 0000 75.4562 110
17.8275 0000 75.4632 100
17.8633 0000 75.4650 98
17.8990 0000 75.4667 100
17.9346 0000 75.4667 102
17.9702 0000 75.4668 106
18.0090 0000 75.4929 107
18.0481 0000 75.5208 108
18.0869 0000 75.5469 96
18.1227 0000 75.5487 93
18.1587 0000 75.5522 95
18.1981 0000 75.5819 103
18.2350 0000 75.5924 105
18.2756 0000 75.6325 110
18.3116 0000 75.6361 121
18.3477 0000 75.6396 134
18.3832 0000 75.6396 144
18.4181 0000 75.6344 147
18.4512 0000 75.6153 152
18.4841 0000 75.5945 139
18.5197 0000 75.5945 136
18.5577 0000 75.6137 125
18.5930 0000 75.6120 118
18.6308 0000 75.6295 110
18.6664 0000 75.6296 93
18.7021 0000 75.6314 80
18.7381 0000 75.6350 78
18.7741 0000 75.6385 81
18.8094 0000 75.6368 84
18.8452 0000 75.6386 91
18.8844 0000 75.6666 110
18.9202 0000 75.6684 119
18.9575 0000 75.6824 112
18.9931 0000 75.6825 109
19.0286 0000 75.6826 102
19.0641 0000 75.6826 94
19.0994 0000 75.6810 89
19.1373 0000 75.6985 89
19.1677 0000 75.6602 84
19.1995 0000 75.6324 91
19.2313 0000 75.6046 86
19.2609 0000 75.5611 88
19.2920 0000 75.5281 91
19.3209 0000 75.4795 100
19.3543 0000 75.4639 109
19.3862 0000 75.4379 124
19.4181 0000 75.4119 121
19.4524 0000 75.4033 124
19.4871 0000 75.3982 126
19.5197 0000 75.3774 129
19.5525 0000 75.3584 118
19.5882 0000 75.3602 110
19.6231 0000 75.3568 106
19.6552 0000 75.3326 107
19.6896 0000 75.3258 99
19.7191 0000 75.2825 100
19.7535 0000 75.2756 106
19.7836 0000 75.2376 107
19.8185 0000 75.2342 98
19.8531 0000 75.2291 93
19.8880 0000 75.2257 101
19.9207 0000 75.2067 104
19.9556 0000 75.2033 111
19.9912 0000 75.2051 118
20.0265 0000 75.2052 122
20.0616 0000 75.2036 118
20.0943 0000 75.1846 116
20.1286 0000 75.1778 107
20.1625 0000 75.1675 108
20.1920 0000 75.1260 116
20.2251 0000 75.1105 125
20.2592 0000 75.1019 126
20.2899 0000 75.0692 117
20.3234 0000 75.0571 108
20.3531 0000 75.0175 110
20.3876 0000 75.0124 120
20.4222 0000 75.0073 125
20.4564 0000 75.0005 123
20.4860 0000 74.9608 122
20.5188 0000 74.9436 125
20.5477 0000 74.8989 122
20.5758 0000 74.8490 119
20.6063 0000 74.8163 118
20.6380 0000 74.7923 142
20.6725 0000 74.7872 159
20.7070 0000 74.7821 167
20.7414 0000 74.7770 160
20.7736 0000 74.7565 135
20.8026 0000 74.7135 123
20.8330 0000 74.6810 119
20.8642 0000 74.6535 105
20.8984 0000 74.6468 99
20.9303 0000 74.6245 102
20.9647 0000 74.6194 99
20.9991 0000 74.6144 89
21.0282 0000 74.5733 75
21.0619 0000 74.5631 63
21.0857 0000 74.4860 57
21.1083 0000 74.4004 56
21.1198 0000 74.2397 60
21.1468 0000 74.1851 71
21.1738 0000 74.1306 81
21.2006 0000 74.0744 88
21.2346 0000 74.0677 99
21.2688 0000 74.0627 111
21.2973 0000 74.0184 111
21.3323 0000 74.0185 99
21.3630 0000 73.9897 81
21.3624 0000 73.7499 79
21.3896 0000 73.6974 76
21.4121 0000 73.6144 74
21.4347 0000 73.5314 85
21.4580 0000 73.4536 102
21.4921 0000 73.4487 119
21.5176 0000 73.3862 130
21.5332 0000 73.2579 161
21.5646 0000 73.2344 176
21.5989 0000 73.2311 171
21.6220 0000 73.1536 152
21.6444 0000 73.0711 151
21.6746 0000 73.0409 158
21.7089 0000 73.0377 153
21.7369 0000 72.9923 150
21.7709 0000 72.9874 149
21.7980 0000 72.9371 139
21.8279 0000 72.9052 129
21.8512 0000 72.8298 127
21.8780 0000 72.7778 124
21.8999 0000 72.6941 126
21.9222 0000 72.6138 136
21.9495 0000 72.5654 140
21.9831 0000 72.5588 140
22.0142 0000 72.5355 147
22.0489 0000 72.5356 162
22.0802 0000 72.5140 162
22.1105 0000 72.4857 171
22.1408 0000 72.4574 166
