wt=151521447, DLLFiFo=0
-26.2481 0000 96.5637 149
-26.2079 0000 96.5655 110
-26.1697 0000 96.5808 86
-26.1283 0000 96.5737 84
-26.0878 0000 96.5732 110
-26.0476 0000 96.5751 142
-26.0107 0000 96.5994 187
-25.9725 0000 96.6148 150
-25.9323 0000 96.6166 106
-25.8921 0000 96.6184 70
-25.8777 0000 96.8006 52
-25.8758 0000 97.0714 81
-25.8117 0000 96.9059 91
-25.7747 0000 96.9304 116
-25.7566 0000 97.0883 183
-25.7169 0000 97.0947 177
-25.6731 0000 97.0717 128
-25.6271 0000 97.0328 103
-25.5840 0000 97.0143 79
-25.5377 0000 96.9732 69
-25.4946 0000 96.9547 72
-25.4559 0000 96.9678 88
-25.4163 0000 96.9742 99
-25.3757 0000 96.9738 99
-25.3357 0000 96.9780 96
-25.3002 0000 97.0138 112
-25.2602 0000 97.0179 141
-25.2209 0000 97.0265 152
-25.1832 0000 97.0465 125
-25.1438 0000 97.0552 109
-25.1089 0000 97.0955 117
-25.0723 0000 97.1246 116
-25.0329 0000 97.1333 119
-24.9936 0000 97.1419 123
-24.9564 0000 97.1665 136
-24.9145 0000 97.1570 132
-24.8720 0000 97.1430 122
-24.8252 0000 97.0973 115
-24.7830 0000 97.0856 110
-24.7424 0000 97.0852 110
-24.7104 0000 97.1482 125
-24.6744 0000 97.1819 172
-24.6375 0000 97.2087 176
-24.5965 0000 97.2060 178
-24.5544 0000 97.1943 177
-24.5027 0000 97.1122 186
-24.4608 0000 97.1028 184
-24.4171 0000 97.0797 168
-24.3738 0000 97.0589 183
-24.3338 0000 97.0631 183
-24.2974 0000 97.0944 155
-24.2613 0000 97.1280 149
-24.2213 0000 97.1321 130
-24.1782 0000 97.1136 113
-24.1327 0000 97.0769 104
-24.0858 0000 97.0289 83
-24.0449 0000 97.0263 75
-24.0114 0000 97.0803 88
-23.9801 0000 97.1502 136
-23.9407 0000 97.1589 192
-23.8973 0000 97.1380 186
-23.8543 0000 97.1195 167
-23.8112 0000 97.1010 138
-23.7688 0000 97.0870 115
-23.7293 0000 97.0956 109
-23.6988 0000 97.1724 121
-23.6602 0000 97.1879 137
-23.6224 0000 97.2102 159
-23.5826 0000 97.2166 199
-23.5452 0000 97.2412 198
-23.5057 0000 97.2499 174
-23.4703 0000 97.2904 161
-23.4302 0000 97.2945 160
-23.3894 0000 97.2941 165
-23.3484 0000 97.2915 162
-23.3077 0000 97.2911 144
-23.2717 0000 97.3271 139
-23.2382 0000 97.3835 157
-23.1955 0000 97.3672 185
-23.1544 0000 97.3646 227
-23.1140 0000 97.3664 248
-23.0735 0000 97.3683 258
-23.0351 0000 97.3861 252
-22.9938 0000 97.3812 242
-22.9527 0000 97.3785 227
-22.9103 0000 97.3645 231
-22.8701 0000 97.3686 212
-22.8293 0000 97.3682 180
-22.7915 0000 97.3906 150
-22.7533 0000 97.4107 156
-22.7082 0000 97.3762 194
-22.6655 0000 97.3598 240
-22.6207 0000 97.3276 258
-22.5789 0000 97.3181 231
-22.5367 0000 97.3063 194
-22.4928 0000 97.2809 180
-22.4515 0000 97.2760 141
-22.4083 0000 97.2551 111
-22.3672 0000 97.2525 126
-22.3248 0000 97.2385 112
-22.2771 0000 97.1813 125
-22.2353 0000 97.1718 163
-22.1968 0000 97.1896 163
-22.1691 0000 97.2960 163
-22.1519 0000 97.4892 173
-22.1153 0000 97.5230 195
-22.0745 0000 97.5226 198
-22.0375 0000 97.5542 197
-21.9972 0000 97.5584 199
-21.9564 0000 97.5580 198
-21.9117 0000 97.5257 206
-21.8709 0000 97.5253 217
-21.8306 0000 97.5295 239
-21.7904 0000 97.5337 262
-21.7509 0000 97.5447 274
-21.7112 0000 97.5534 282
-21.6747 0000 97.5896 307
-21.6347 0000 97.5961 324
-21.5965 0000 97.6185 367
-21.5551 0000 97.6136 373
-21.5135 0000 97.6064 350
-21.4740 0000 97.6174 308
-21.4323 0000 97.6102 303
-21.3904 0000 97.6007 303
-21.3500 0000 97.6049 314
-21.3105 0000 97.6159 330
-21.2705 0000 97.6224 341
-21.2304 0000 97.6289 326
-21.1903 0000 97.6354 290
-21.1489 0000 97.6305 252
-21.1041 0000 97.5959 239
-21.0606 0000 97.5727 210
-21.0200 0000 97.5746 199
-20.9789 0000 97.5720 178
-20.9370 0000 97.5625 151
-20.8930 0000 97.5347 138
-20.8519 0000 97.5321 133
-20.8110 0000 97.5318 127
-20.7699 0000 97.5291 106
-20.7317 0000 97.5516 94
-20.6999 0000 97.6312 72
-20.6492 0000 97.5441 61
-20.5923 0000 97.4023 78
-20.5477 0000 97.3678 114
-20.5048 0000 97.3492 111
-20.4663 0000 97.3694 110
-20.4295 0000 97.4055 110
-20.3905 0000 97.4211 133
-20.3499 0000 97.4230 139
-20.3088 0000 97.4204 139
-20.2672 0000 97.4133 137
-20.2267 0000 97.4152 139
-20.1863 0000 97.4194 134
-20.1460 0000 97.4236 114
-20.1084 0000 97.4529 95
-20.0718 0000 97.4914 102
-20.0317 0000 97.4979 108
-19.9966 0000 97.5501 100
-19.9570 0000 97.5612 77
-19.9119 0000 97.5220 77
-19.8702 0000 97.5148 78
-19.8289 0000 97.5100 73
-19.7883 0000 97.5119 76
-19.7730 0000 97.7493 120
-19.7388 0000 97.8108 191
-19.6988 0000 97.8196 248
-19.6596 0000 97.8353 241
-19.6184 0000 97.8327 220
-19.5779 0000 97.8370 206
-19.5375 0000 97.8413 200
-19.4953 0000 97.8295 187
-19.4500 0000 97.7879 167
-19.4054 0000 97.7533 159
-19.3703 0000 97.8079 155
-19.3337 0000 97.8488 161
-19.2929 0000 97.8508 163
-19.2520 0000 97.8505 201
-19.2112 0000 97.8525 247
-19.1710 0000 97.8590 239
-19.1310 0000 97.8679 201
-19.0900 0000 97.8676 171
-19.0519 0000 97.8948 157
-19.0111 0000 97.8968 137
-18.9609 0000 97.8071 110
-18.9068 0000 97.6785 136
-18.8597 0000 97.6188 203
-18.8172 0000 97.6024 259
-18.7746 0000 97.5861 257
-18.7342 0000 97.5904 258
-18.6928 0000 97.5855 221
-18.6502 0000 97.5692 167
-18.6075 0000 97.5506 125
-18.5719 0000 97.6028 86
-18.5360 0000 97.6528 107
-18.4962 0000 97.6639 161
-18.4541 0000 97.6522 153
-18.4141 0000 97.6610 120
-18.3750 0000 97.6790 80
-18.3379 0000 97.7176 78
-18.3214 0000 97.9626 117
-18.2799 0000 97.9577 190
-18.2387 0000 97.9550 231
-18.1979 0000 97.9570 237
-18.1564 0000 97.9521 245
-18.1111 0000 97.9082 249
-18.0753 0000 97.9607 247
-18.0356 0000 97.9741 264
-17.9950 0000 97.9784 282
-17.9565 0000 98.0034 296
-17.9217 0000 98.0674 237
-17.8882 0000 98.1452 214
-17.8478 0000 98.1518 194
-17.8056 0000 98.1400 182
-17.7612 0000 98.1052 191
-17.7171 0000 98.0727 204
-17.6734 0000 98.0448 184
-17.6297 0000 98.0169 178
-17.5880 0000 98.0097 164
-17.5472 0000 98.0117 200
-17.5100 0000 98.0527 287
-17.4696 0000 98.0593 338
-17.4290 0000 98.0636 325
-17.3908 0000 98.0931 257
-17.3534 0000 98.1319 195
-17.3103 0000 98.1109 167
-17.2693 0000 98.1105 152
-17.2312 0000 98.1424 179
-17.1937 0000 98.1812 201
-17.1546 0000 98.2016 220
-17.1115 0000 98.1806 177
-17.0696 0000 98.1710 164
-17.0285 0000 98.1707 168
-16.9861 0000 98.1566 176
-16.9450 0000 98.1563 173
-16.9024 0000 98.1398 176
-16.8569 0000 98.0912 176
-16.8154 0000 98.0863 164
-16.7768 0000 98.1135 139
-16.7416 0000 98.1776 126
-16.7055 0000 98.2326 120
-16.6614 0000 98.2000 147
-16.6201 0000 98.1974 173
-16.5800 0000 98.2086 183
-16.5375 0000 98.1921 182
-16.4955 0000 98.1826 186
-16.4538 0000 98.1753 187
-16.4110 0000 98.1566 206
-16.3699 0000 98.1562 209
-16.3288 0000 98.1559 216
-16.2881 0000 98.1602 212
-16.2471 0000 98.1621 181
-16.2056 0000 98.1572 147
-16.1637 0000 98.1476 127
-16.1222 0000 98.1427 118
-16.0818 0000 98.1516 120
-16.0461 0000 98.2134 140
-16.0070 0000 98.2361 172
-15.9682 0000 98.2634 199
-15.9266 0000 98.2585 196
-15.8847 0000 98.2489 198
-15.8422 0000 98.2324 197
-15.8012 0000 98.2344 198
-15.7593 0000 98.2248 151
-15.7169 0000 98.2107 115
-15.6754 0000 98.2057 118
-15.6370 0000 98.2376 127
-15.6016 0000 98.3064 160
-15.5618 0000 98.3222 199
-15.5229 0000 98.3495 252
-15.4821 0000 98.3538 266
-15.4407 0000 98.3512 230
-15.3974 0000 98.3254 168
-15.3559 0000 98.3205 147
-15.3147 0000 98.3201 147
-15.2731 0000 98.3151 151
-15.2290 0000 98.2802 142
-15.1841 0000 98.2337 132
-15.1395 0000 98.1919 159
-15.0983 0000 98.1916 188
-15.0566 0000 98.1843 167
-15.0156 0000 98.1862 136
-14.9742 0000 98.1836 138
-14.9325 0000 98.1763 154
-14.8926 0000 98.1921 137
-14.8518 0000 98.1963 125
-14.8112 0000 98.2029 123
-14.7731 0000 98.2417 148
-14.7327 0000 98.2505 191
-14.6924 0000 98.2617 197
-14.6512 0000 98.2613 162
-14.6107 0000 98.2702 147
-14.5698 0000 98.2745 153
-14.5290 0000 98.2787 159
-14.4880 0000 98.2806 133
-14.4448 0000 98.2549 112
-14.4032 0000 98.2499 115
-14.3641 0000 98.2772 141
-14.3254 0000 98.3092 160
-14.2842 0000 98.3088 162
-14.2428 0000 98.3061 158
-14.2032 0000 98.3265 175
-14.1630 0000 98.3400 184
-14.1261 0000 98.3974 182
-14.0875 0000 98.4317 159
-14.0445 0000 98.4082 152
-14.0020 0000 98.3917 140
-13.9632 0000 98.4237 154
-13.9238 0000 98.4487 154
-13.8812 0000 98.4299 182
-13.8389 0000 98.4156 208
-13.7964 0000 98.3991 236
-13.7538 0000 98.3802 230
-13.7142 0000 98.4030 242
-13.6735 0000 98.4095 232
-13.6341 0000 98.4346 228
-13.5916 0000 98.4181 270
-13.5503 0000 98.4177 274
-13.5092 0000 98.4196 278
-13.4680 0000 98.4193 291
-13.4267 0000 98.4189 287
-13.3856 0000 98.4209 273
-13.3444 0000 98.4228 284
-13.3035 0000 98.4271 312
-13.2622 0000 98.4267 297
-13.2199 0000 98.4125 246
-13.1772 0000 98.3913 199
-13.1318 0000 98.3332 164
-13.0876 0000 98.2913 143
-13.0460 0000 98.2863 111
-13.0054 0000 98.2952 104
-12.9650 0000 98.3063 107
-12.9261 0000 98.3406 103
-12.8850 0000 98.3426 110
-12.8410 0000 98.3029 130
-12.7974 0000 98.2680 131
-12.7561 0000 98.2676 123
-12.7153 0000 98.2742 111
-12.6753 0000 98.2923 126
-12.6339 0000 98.2896 124
-12.5926 0000 98.2892 113
-12.5514 0000 98.2889 111
-12.5071 0000 98.2447 110
-12.4637 0000 98.2120 97
-12.4188 0000 98.1563 88
-12.3794 0000 98.1836 90
-12.3407 0000 98.2225 99
-12.3004 0000 98.2360 130
-12.2590 0000 98.2333 138
-12.2169 0000 98.2214 128
-12.1757 0000 98.2210 116
-12.1347 0000 98.2253 108
-12.0936 0000 98.2273 104
-12.0563 0000 98.2892 111
-12.0217 0000 98.3928 142
-11.9831 0000 98.4341 182
-11.9453 0000 98.4893 199
-11.9065 0000 98.5282 186
-11.8651 0000 98.5279 193
-11.8216 0000 98.4928 224
-11.7800 0000 98.4878 240
-11.7352 0000 98.4320 240
-11.6902 0000 98.3738 239
-11.6482 0000 98.3619 228
-11.6068 0000 98.3592 205
-11.5653 0000 98.3566 185
-11.5241 0000 98.3585 179
-11.4831 0000 98.3628 182
-11.4417 0000 98.3601 187
-11.4002 0000 98.3575 195
-11.3586 0000 98.3525 218
-11.3163 0000 98.3360 260
-11.2759 0000 98.3495 219
-11.2347 0000 98.3514 175
-11.1917 0000 98.3234 159
-11.1499 0000 98.3138 148
-11.1085 0000 98.3134 129
-11.0668 0000 98.3061 108
-11.0235 0000 98.2712 100
-10.9810 0000 98.2500 87
-10.9405 0000 98.2635 86
-10.8992 0000 98.2632 96
-10.8572 0000 98.2513 107
-10.8142 0000 98.2209 111
-10.7707 0000 98.1813 94
-10.7249 0000 98.1026 77
-10.6796 0000 98.0308 75
-10.6381 0000 98.0259 82
-10.5969 0000 98.0255 99
-10.5579 0000 98.0666 110
-10.5164 0000 98.0616 141
-10.4740 0000 98.0406 154
-10.4331 0000 98.0471 154
-10.3936 0000 98.0790 165
-10.3527 0000 98.0856 182
-10.3118 0000 98.0921 191
-10.2707 0000 98.0941 191
-10.2294 0000 98.0937 186
-10.1866 0000 98.0657 177
-10.1450 0000 98.0584 182
-10.1008 0000 98.0028 185
-10.0609 0000 98.0278 192
-10.0191 0000 98.0182 206
-9.9794 0000 98.0478 237
-9.9400 0000 98.0820 300
-9.9002 0000 98.1116 295
-9.8590 0000 98.1112 272
-9.8161 0000 98.0809 268
-9.7722 0000 98.0298 275
-9.7306 0000 98.0226 285
-9.6891 0000 98.0176 291
-9.6465 0000 97.9919 262
-9.6049 0000 97.9846 239
-9.5637 0000 97.9843 215
-9.5224 0000 97.9839 191
-9.4810 0000 97.9812 190
-9.4393 0000 97.9717 213
-9.3968 0000 97.9460 234
-9.3551 0000 97.9364 200
-9.3137 0000 97.9337 170
-9.2723 0000 97.9311 156
-9.2307 0000 97.9238 137
-9.1890 0000 97.9142 122
-9.1473 0000 97.9046 120
-9.1045 0000 97.8721 131
-9.0608 0000 97.8188 153
-9.0178 0000 97.7817 157
-8.9759 0000 97.7675 136
-8.9349 0000 97.7718 127
-8.8946 0000 97.7921 134
-8.8573 0000 97.8768 144
-8.8166 0000 97.8879 154
-8.7725 0000 97.8254 141
-8.7290 0000 97.7768 140
-8.6874 0000 97.7672 144
-8.6478 0000 97.8036 158
-8.6076 0000 97.8263 195
-8.5693 0000 97.8903 224
-8.5281 0000 97.8922 243
-8.4856 0000 97.8642 276
-8.4437 0000 97.8501 285
-8.4004 0000 97.8014 271
-8.3582 0000 97.7804 247
-8.3146 0000 97.7249 231
-8.2726 0000 97.7061 210
-8.2312 0000 97.7012 180
-8.1909 0000 97.7238 166
-8.1513 0000 97.7601 133
-8.1105 0000 97.7713 133
-8.0696 0000 97.7778 150
-8.0283 0000 97.7774 169
-7.9868 0000 97.7702 194
-7.9435 0000 97.7193 227
-7.9020 0000 97.7120 223
-7.8605 0000 97.7048 190
-7.8207 0000 97.7411 173
-7.7809 0000 97.7752 209
-7.7408 0000 97.8047 246
-7.6996 0000 97.8044 291
-7.6584 0000 97.8063 338
-7.6173 0000 97.8082 367
-7.5760 0000 97.8079 335
-7.5342 0000 97.7937 286
-7.4910 0000 97.7405 288
-7.4494 0000 97.7310 332
-7.4079 0000 97.7237 351
-7.3657 0000 97.6981 362
-7.3241 0000 97.6886 306
-7.2818 0000 97.6584 203
-7.2380 0000 97.5892 162
-7.1957 0000 97.5590 174
-7.1535 0000 97.5312 155
-7.1131 0000 97.5514 133
-7.0717 0000 97.5465 122
-7.0304 0000 97.5416 134
-6.9888 0000 97.5297 176
-6.9472 0000 97.5179 233
-6.9047 0000 97.4809 262
-6.8635 0000 97.4806 275
-6.8223 0000 97.4779 279
-6.7809 0000 97.4730 266
-6.7391 0000 97.4520 241
-6.6987 0000 97.4746 254
-6.6576 0000 97.4765 262
-6.6162 0000 97.4693 293
-6.5749 0000 97.4644 296
-6.5336 0000 97.4595 279
-6.4924 0000 97.4591 262
-6.4522 0000 97.4862 221
-6.4111 0000 97.4905 188
-6.3699 0000 97.4878 158
-6.3277 0000 97.4554 150
-6.2865 0000 97.4551 150
-6.2457 0000 97.4639 160
-6.2064 0000 97.5231 178
-6.1663 0000 97.5572 198
-6.1255 0000 97.5683 236
-6.0852 0000 97.5977 298
-6.0442 0000 97.6043 331
-6.0032 0000 97.6108 344
-5.9621 0000 97.6128 345
-5.9216 0000 97.6354 321
-5.8805 0000 97.6396 323
-5.8391 0000 97.6324 311
-5.7971 0000 97.6022 283
-5.7564 0000 97.6202 298
-5.7155 0000 97.6291 314
-5.6745 0000 97.6379 331
-5.6337 0000 97.6490 305
-5.5944 0000 97.7176 278
-5.5551 0000 97.7884 296
-5.5147 0000 97.8157 308
-5.4734 0000 97.8130 321
-5.4313 0000 97.7805 350
-5.3898 0000 97.7710 346
-5.3484 0000 97.7638 323
-5.3072 0000 97.7657 299
-5.2659 0000 97.7631 282
-5.2247 0000 97.7605 283
-5.1823 0000 97.7165 284
-5.1409 0000 97.7092 274
-5.0991 0000 97.6860 286
-5.0579 0000 97.6833 274
-5.0166 0000 97.6807 260
-4.9755 0000 97.6826 257
-4.9349 0000 97.7076 240
-4.8943 0000 97.7348 252
-4.8534 0000 97.7459 247
-4.8129 0000 97.7754 224
-4.7719 0000 97.7843 230
-4.7312 0000 97.8092 284
-4.6902 0000 97.8181 340
-4.6495 0000 97.8384 343
-4.6083 0000 97.8427 322
-4.5671 0000 97.8447 278
-4.5255 0000 97.8282 259
-4.4847 0000 97.8463 225
-4.4439 0000 97.8666 240
-4.4041 0000 97.9353 284
-4.3637 0000 97.9718 336
-4.3229 0000 97.9945 306
-4.2816 0000 97.9942 313
-4.2404 0000 97.9961 327
-4.1992 0000 98.0004 315
-4.1586 0000 98.0323 294
-4.1180 0000 98.0688 320
-4.0774 0000 98.1054 329
-4.0367 0000 98.1350 374
-3.9957 0000 98.1485 390
-3.9548 0000 98.1689 452
-3.9136 0000 98.1732 516
-3.8724 0000 98.1821 564
-3.8311 0000 98.1840 573
-3.7898 0000 98.1791 585
-3.7481 0000 98.1603 545
-3.7069 0000 98.1622 498
-3.6655 0000 98.1573 439
-3.6241 0000 98.1523 409
-3.5827 0000 98.1474 398
-3.5414 0000 98.1470 393
-3.5002 0000 98.1513 391
-3.4593 0000 98.1786 412
-3.4185 0000 98.2083 364
-3.3773 0000 98.2172 345
-3.3362 0000 98.2284 366
-3.2956 0000 98.2765 400
-3.2545 0000 98.2947 413
-3.2139 0000 98.3429 416
-3.1727 0000 98.3518 406
-3.1314 0000 98.3537 397
-3.0901 0000 98.3557 386
-3.0484 0000 98.3322 382
-3.0068 0000 98.3088 316
-2.9654 0000 98.3038 284
-2.9240 0000 98.3011 262
-2.8830 0000 98.3262 264
-2.8420 0000 98.3513 235
-2.8006 0000 98.3510 224
-2.7591 0000 98.3367 228
-2.7177 0000 98.3341 210
-2.6762 0000 98.3153 202
-2.6345 0000 98.2826 217
-2.5931 0000 98.2776 192
-2.5518 0000 98.2749 158
-2.5102 0000 98.2492 144
-2.4687 0000 98.2350 187
-2.4274 0000 98.2300 228
-2.3861 0000 98.2343 225
-2.3450 0000 98.2524 209
-2.3041 0000 98.3029 207
-2.2629 0000 98.3118 205
-2.2215 0000 98.3138 191
-2.1803 0000 98.3296 162
-2.1393 0000 98.3663 139
-2.0981 0000 98.3914 102
-2.0567 0000 98.3725 89
-2.0156 0000 98.4184 76
-1.9748 0000 98.4852 77
-1.9338 0000 98.5428 77
-1.8927 0000 98.5912 85
-1.8515 0000 98.6140 84
-1.8099 0000 98.5951 85
-1.7681 0000 98.5159 92
-1.7264 0000 98.4577 117
-1.6850 0000 98.4550 147
-1.6439 0000 98.5056 170
-1.6027 0000 98.5401 173
-1.5616 0000 98.6093 145
-1.5204 0000 98.6437 101
-1.4788 0000 98.6063 90
-1.4373 0000 98.5851 94
-1.3959 0000 98.5870 103
-1.3547 0000 98.6284 100
-1.3134 0000 98.6815 106
-1.2722 0000 98.7346 107
-1.2308 0000 98.7784 132
-1.1895 0000 98.7989 150
-1.1479 0000 98.7359 161
-1.1064 0000 98.7053 146
-1.0648 0000 98.6377 117
-1.0233 0000 98.5747 100
-0.9819 0000 98.5674 88
-0.9405 0000 98.5786 90
-0.8992 0000 98.6154 94
-0.8578 0000 98.6244 106
-0.8164 0000 98.6287 117
-0.7750 0000 98.6562 138
-0.7335 0000 98.7115 160
-0.6921 0000 98.7507 188
-0.6506 0000 98.8061 239
-0.6092 0000 98.7918 261
-0.5677 0000 98.7938 283
-0.5263 0000 98.8191 286
-0.4848 0000 98.8304 303
-0.4433 0000 98.8602 331
-0.4018 0000 98.8646 326
-0.3604 0000 98.8596 289
-0.3190 0000 98.8011 255
-0.2776 0000 98.7961 247
-0.2361 0000 98.7981 252
-0.1947 0000 98.8024 261
-0.1531 0000 98.8300 250
-0.1116 0000 98.8599 268
-0.0701 0000 98.8665 279
-0.0286 0000 98.8731 263
0.0131 0000 98.9263 237
0.0546 0000 98.9400 233
0.0962 0000 98.9652 266
0.1377 0000 98.9649 257
0.1790 0000 98.9320 276
0.2205 0000 98.9246 258
0.2620 0000 98.9336 226
0.3037 0000 98.9729 215
0.3456 0000 99.0401 221
0.3873 0000 99.0607 236
0.4288 0000 99.0651 223
0.4702 0000 99.0531 208
0.5117 0000 99.0504 219
0.5533 0000 99.0570 225
0.5949 0000 99.0707 198
0.6362 0000 99.0424 200
0.6778 0000 99.0607 182
0.7194 0000 99.0650 178
0.7609 0000 99.0623 173
0.8018 0000 98.9967 156
0.8428 0000 98.9428 153
0.8839 0000 98.8959 163
0.9253 0000 98.8863 181
0.9664 0000 98.8464 187
1.0075 0000 98.8112 241
1.0488 0000 98.7945 309
1.0899 0000 98.7570 360
1.1312 0000 98.7451 363
1.1726 0000 98.7447 333
1.2143 0000 98.7699 355
1.2562 0000 98.8068 360
1.2978 0000 98.8227 419
1.3396 0000 98.8456 467
1.3813 0000 98.8732 357
1.4229 0000 98.8799 284
1.4643 0000 98.8772 207
1.5058 0000 98.8769 132
1.5474 0000 98.8835 89
1.5893 0000 98.9181 75
1.6308 0000 98.9224 63
1.6728 0000 98.9570 58
1.7147 0000 98.9916 59
1.7562 0000 98.9912 64
1.8018 0000 99.2780 65
1.8441 0000 99.3267 83
1.8862 0000 99.3615 103
1.9277 0000 99.3611 123
1.9693 0000 99.3608 144
2.0109 0000 99.3605 164
2.0525 0000 99.3601 162
2.0940 0000 99.3551 139
2.1354 0000 99.3477 122
2.1767 0000 99.3263 130
2.2188 0000 99.3588 129
2.2609 0000 99.3912 148
2.3026 0000 99.3979 179
2.3443 0000 99.4022 219
2.3859 0000 99.4042 211
2.4270 0000 99.3734 150
2.4673 0000 99.3006 112
2.5079 0000 99.2512 95
2.5494 0000 99.2438 88
2.5910 0000 99.2481 105
2.6325 0000 99.2455 172
2.6741 0000 99.2475 256
2.7159 0000 99.2565 285
2.7577 0000 99.2725 246
2.7989 0000 99.2535 226
2.8403 0000 99.2438 173
2.8818 0000 99.2411 137
2.9234 0000 99.2454 132
2.9651 0000 99.2521 167
3.0072 0000 99.2775 229
3.0491 0000 99.2912 217
3.0907 0000 99.2932 162
3.1328 0000 99.3162 107
3.1754 0000 99.3674 93
3.2188 0000 99.4490 92
3.2611 0000 99.4791 111
3.3032 0000 99.4999 116
3.3450 0000 99.5066 139
3.3873 0000 99.5390 158
3.4293 0000 99.5528 187
3.4728 0000 99.6346 201
3.5155 0000 99.6788 225
3.5573 0000 99.6855 248
3.5994 0000 99.7017 268
3.6405 0000 99.6802 289
3.6822 0000 99.6822 279
3.7239 0000 99.6842 249
3.7654 0000 99.6768 209
3.8061 0000 99.6389 170
3.8468 0000 99.6034 174
3.8883 0000 99.5960 171
3.9302 0000 99.6051 182
3.9720 0000 99.6141 208
4.0136 0000 99.6115 221
4.0544 0000 99.5783 193
4.0952 0000 99.5498 160
4.1331 0000 99.4112 151
4.1736 0000 99.3711 212
4.2147 0000 99.3567 274
4.2568 0000 99.3728 224
4.2993 0000 99.4052 175
4.3428 0000 99.4751 150
4.3867 0000 99.5545 134
4.4289 0000 99.5730 147
4.4708 0000 99.5844 189
4.5127 0000 99.5911 239
4.5549 0000 99.6119 261
4.5965 0000 99.6115 273
4.6383 0000 99.6159 260
4.6808 0000 99.6437 238
4.7225 0000 99.6458 195
4.7642 0000 99.6501 161
4.8071 0000 99.6897 151
4.8509 0000 99.7575 157
4.8942 0000 99.8089 178
4.9352 0000 99.7898 185
4.9765 0000 99.7777 201
5.0181 0000 99.7750 203
5.0600 0000 99.7818 200
5.1019 0000 99.7885 203
5.1437 0000 99.7929 204
5.1854 0000 99.7949 192
5.2270 0000 99.7899 172
5.2675 0000 99.7566 164
5.3077 0000 99.7140 139
5.3472 0000 99.6503 129
5.3885 0000 99.6405 118
5.4301 0000 99.6379 109
5.4727 0000 99.6681 119
5.5150 0000 99.6842 145
5.5572 0000 99.7003 193
5.6002 0000 99.7399 246
5.6422 0000 99.7490 301
5.6839 0000 99.7510 333
5.7247 0000 99.7272 291
5.7659 0000 99.7128 243
5.8062 0000 99.6772 207
5.8475 0000 99.6675 170
5.8890 0000 99.6648 145
5.9307 0000 99.6668 133
5.9748 0000 99.7323 151
6.0178 0000 99.7672 176
6.0598 0000 99.7763 195
6.1014 0000 99.7736 212
6.1421 0000 99.7498 252
6.1835 0000 99.7424 253
6.2248 0000 99.7327 215
6.2642 0000 99.6760 160
6.3041 0000 99.6311 128
6.3425 0000 99.5510 118
6.3817 0000 99.4897 161
6.4225 0000 99.4707 226
6.4650 0000 99.4938 316
6.5071 0000 99.5052 310
6.5488 0000 99.5072 296
6.5908 0000 99.5186 247
6.6339 0000 99.5534 225
6.6771 0000 99.5930 190
6.7225 0000 99.6842 194
6.7673 0000 99.7590 228
6.8095 0000 99.7728 249
6.8511 0000 99.7701 233
6.8897 0000 99.6993 198
6.9258 0000 99.5699 173
6.9650 0000 99.5133 159
7.0054 0000 99.4872 164
7.0498 0000 99.5502 167
7.0945 0000 99.6202 192
7.1369 0000 99.6387 221
7.1793 0000 99.6572 238
7.2193 0000 99.6193 196
7.2585 0000 99.5650 190
7.2980 0000 99.5201 192
7.3405 0000 99.5386 212
7.3833 0000 99.5664 175
7.4262 0000 99.5942 158
7.4708 0000 99.6596 153
7.5132 0000 99.6757 158
7.5549 0000 99.6777 163
7.5960 0000 99.6657 158
7.6366 0000 99.6442 145
7.6755 0000 99.5876 143
7.7139 0000 99.5193 159
7.7542 0000 99.4908 179
7.7951 0000 99.4765 188
7.8372 0000 99.4879 175
7.8836 0000 99.5883 136
7.9294 0000 99.6748 113
7.9681 0000 99.6158 95
8.0064 0000 99.5475 104
8.0457 0000 99.5003 149
8.0878 0000 99.5117 192
8.1316 0000 99.5559 205
8.1753 0000 99.5978 200
8.2196 0000 99.6514 217
8.2626 0000 99.6793 201
8.3086 0000 99.7682 169
8.3510 0000 99.7820 158
8.3913 0000 99.7558 166
8.4292 0000 99.6827 187
8.4694 0000 99.6542 230
8.5108 0000 99.6515 227
8.5541 0000 99.6840 191
8.6001 0000 99.7683 149
8.6454 0000 99.8385 159
8.6905 0000 99.9040 173
8.7324 0000 99.9084 180
8.7740 0000 99.9081 171
8.8142 0000 99.8795 160
8.8535 0000 99.8368 131
8.8933 0000 99.8012 141
8.9343 0000 99.7892 155
8.9723 0000 99.7231 191
9.0131 0000 99.7063 249
9.0550 0000 99.7130 288
9.0970 0000 99.7197 273
9.1402 0000 99.7476 187
9.1863 0000 99.8295 135
9.2334 0000 99.9280 132
9.2758 0000 99.9418 127
9.3177 0000 99.9462 124
9.3579 0000 99.9199 120
9.3991 0000 99.9125 121
9.4394 0000 99.8887 110
9.4726 0000 99.7379 114
9.5104 0000 99.6719 134
9.5505 0000 99.6457 157
9.5922 0000 99.6477 190
9.6357 0000 99.6803 195
9.6783 0000 99.6987 165
9.7209 0000 99.7148 139
9.7659 0000 99.7732 132
9.8117 0000 99.8457 138
9.8565 0000 99.8995 153
9.9017 0000 99.9603 187
9.9439 0000 99.9694 203
9.9854 0000 99.9667 193
10.0261 0000 99.9499 163
10.0653 0000 99.9096 133
10.1031 0000 99.8458 99
10.1392 0000 99.7538 103
10.1784 0000 99.7135 110
10.2187 0000 99.6921 147
10.2602 0000 99.6917 164
10.3027 0000 99.7055 129
10.3460 0000 99.7333 109
10.3903 0000 99.7776 83
10.4371 0000 99.8619 85
10.4853 0000 99.9675 96
10.5318 0000 100.0448 113
10.5736 0000 100.0469 120
10.6099 0000 99.9617 115
10.6423 0000 99.8156 110
10.6799 0000 99.7518 119
10.7214 0000 99.7515 118
10.7633 0000 99.7559 118
10.8047 0000 99.7532 125
10.8460 0000 99.7481 143
10.8876 0000 99.7478 150
10.9296 0000 99.7545 140
10.9713 0000 99.7565 131
11.0124 0000 99.7492 117
11.0518 0000 99.7160 100
11.0927 0000 99.7063 107
11.1346 0000 99.7106 132
11.1766 0000 99.7173 164
11.2183 0000 99.7193 187
11.2613 0000 99.7401 184
11.3033 0000 99.7469 187
11.3488 0000 99.8052 190
11.3928 0000 99.8402 205
11.4362 0000 99.8680 206
11.4781 0000 99.8724 214
11.5200 0000 99.8768 200
11.5602 0000 99.8553 181
11.5971 0000 99.7868 159
11.6362 0000 99.7513 148
11.6735 0000 99.6899 137
11.7133 0000 99.6638 132
11.7528 0000 99.6353 110
11.7942 0000 99.6326 108
11.8360 0000 99.6370 97
11.8817 0000 99.6953 77
11.9212 0000 99.6668 61
11.9591 0000 99.6149 56
11.9964 0000 99.5560 58
12.0316 0000 99.4667 78
12.0715 0000 99.4453 85
12.1126 0000 99.4403 95
12.1560 0000 99.4657 102
12.1998 0000 99.4982 118
12.2377 0000 99.4487 150
12.2786 0000 99.4414 181
12.3179 0000 99.4106 186
12.3574 0000 99.3846 190
12.3982 0000 99.3749 174
12.4391 0000 99.3676 162
12.4802 0000 99.3626 151
12.5232 0000 99.3833 146
12.5650 0000 99.3877 125
12.6059 0000 99.3803 113
12.6424 0000 99.3146 129
12.6829 0000 99.3026 165
12.7243 0000 99.3023 191
12.7659 0000 99.3043 207
12.8079 0000 99.3110 239
12.8500 0000 99.3200 269
12.8941 0000 99.3547 258
12.9396 0000 99.4082 276
12.9821 0000 99.4219 304
13.0241 0000 99.4286 319
13.0657 0000 99.4306 319
13.1087 0000 99.4514 307
13.1507 0000 99.4581 310
13.1922 0000 99.4578 303
13.2308 0000 99.4224 311
13.2695 0000 99.3870 300
13.3085 0000 99.3563 330
13.3483 0000 99.3349 384
13.3893 0000 99.3299 400
13.4283 0000 99.2992 333
13.4688 0000 99.2872 272
13.5099 0000 99.2846 237
13.5532 0000 99.3076 246
13.5948 0000 99.3097 249
13.6356 0000 99.3023 249
13.6785 0000 99.3207 238
13.7178 0000 99.2947 233
13.7586 0000 99.2874 244
13.7969 0000 99.2497 255
13.8379 0000 99.2447 247
13.8779 0000 99.2281 258
13.9229 0000 99.2721 247
13.9662 0000 99.2951 252
14.0107 0000 99.3322 270
14.0526 0000 99.3389 300
14.0925 0000 99.3199 323
14.1313 0000 99.2892 275
14.1709 0000 99.2679 236
14.2084 0000 99.2209 231
14.2471 0000 99.1902 231
14.2885 0000 99.1899 260
14.3302 0000 99.1943 278
14.3717 0000 99.1963 257
14.4129 0000 99.1936 208
14.4536 0000 99.1863 158
14.4949 0000 99.1860 124
14.5419 0000 99.2510 118
14.5866 0000 99.2904 146
14.6290 0000 99.3018 170
14.6707 0000 99.3061 185
14.7117 0000 99.3011 185
14.7514 0000 99.2821 168
14.7901 0000 99.2514 142
14.8318 0000 99.2558 133
14.8736 0000 99.2601 123
14.9205 0000 99.3229 117
14.9655 0000 99.3646 108
15.0104 0000 99.4041 105
15.0521 0000 99.4084 99
15.0933 0000 99.4058 92
15.1336 0000 99.3937 82
15.1566 0000 99.1879 89
15.1898 0000 99.0966 106
15.2305 0000 99.0893 130
15.2716 0000 99.0866 135
15.3133 0000 99.0910 131
15.3568 0000 99.1163 122
15.4007 0000 99.1439 122
15.4443 0000 99.1693 119
15.4866 0000 99.1806 115
15.5286 0000 99.1873 102
15.5724 0000 99.2150 75
15.6152 0000 99.2310 67
15.6653 0000 99.3264 74
15.7159 0000 99.4266 81
15.7592 0000 99.4473 100
15.8034 0000 99.4774 111
15.8467 0000 99.4981 132
15.8867 0000 99.4837 155
15.9261 0000 99.4624 147
15.9668 0000 99.4550 133
16.0066 0000 99.4383 100
16.0416 0000 99.3701 75
16.0780 0000 99.3184 75
16.1134 0000 99.2550 86
16.1538 0000 99.2453 110
16.1931 0000 99.2240 133
16.2352 0000 99.2330 185
16.2790 0000 99.2583 265
16.3209 0000 99.2650 280
16.3622 0000 99.2647 239
16.4028 0000 99.2573 171
16.4439 0000 99.2547 108
16.4858 0000 99.2613 69
16.5300 0000 99.2913 55
16.5808 0000 99.3891 53
16.6374 0000 99.5456 55
16.6876 0000 99.6366 64
16.7386 0000 99.7348 85
16.7829 0000 99.7649 87
16.8186 0000 99.7059 81
16.8541 0000 99.6470 79
16.8946 0000 99.6372 90
16.9368 0000 99.6463 108
16.9819 0000 99.6834 123
17.0309 0000 99.7605 140
17.0844 0000 99.8823 159
17.1305 0000 99.9290 213
17.1745 0000 99.9545 285
17.2187 0000 99.9824 319
17.2604 0000 99.9844 343
17.3015 0000 99.9817 319
17.3396 0000 99.9484 262
17.3756 0000 99.8940 239
17.4127 0000 99.8513 216
17.4497 0000 99.8087 161
17.4906 0000 99.8036 113
17.5327 0000 99.8103 96
17.5800 0000 99.8687 98
17.6255 0000 99.9083 96
17.6741 0000 99.9785 107
17.7172 0000 99.9946 123
17.7617 0000 100.0248 131
17.8072 0000 100.0645 112
17.8518 0000 100.0947 107
17.8929 0000 100.0920 95
17.9341 0000 100.0893 90
17.9765 0000 100.0984 97
18.0225 0000 100.1428 107
18.0676 0000 100.1778 128
18.1095 0000 100.1821 127
18.1512 0000 100.1841 112
18.1710 0000 99.9789 81
18.1745 0000 99.6195 104
18.2190 0000 99.6496 132
18.2610 0000 99.6562 140
18.3043 0000 99.6746 135
18.3463 0000 99.6813 103
18.3903 0000 99.7068 71
18.4291 0000 99.6830 50
18.4734 0000 99.7107 49
18.5127 0000 99.6916 57
18.5544 0000 99.6960 63
18.5967 0000 99.7050 66
18.6413 0000 99.7351 66
18.6851 0000 99.7582 53
18.7337 0000 99.8259 39
18.7960 0000 100.0182 46
18.8409 0000 100.0508 60
18.8832 0000 100.0598 80
18.9279 0000 100.0900 99
18.9708 0000 100.1038 118
19.0132 0000 100.1128 120
19.0573 0000 100.1384 119
19.0990 0000 100.1404 108
19.1406 0000 100.1424 99
19.1837 0000 100.1585 98
19.2251 0000 100.1581 87
19.2669 0000 100.1625 83
19.3091 0000 100.1692 83
19.3535 0000 100.1970 76
19.3962 0000 100.2085 71
19.4407 0000 100.2364 63
19.4860 0000 100.2714 54
19.5316 0000 100.3087 64
19.5799 0000 100.3697 83
19.6231 0000 100.3858 97
19.6653 0000 100.3925 111
19.7061 0000 100.3875 128
19.7432 0000 100.3493 132
19.7808 0000 100.3159 154
19.8222 0000 100.3156 172
19.8649 0000 100.3270 193
19.9068 0000 100.3313 190
19.9481 0000 100.3310 154
19.9916 0000 100.3495 119
20.0322 0000 100.3420 122
20.0683 0000 100.2969 149
20.1086 0000 100.2871 167
20.1483 0000 100.2726 196
20.1872 0000 100.2510 174
20.2274 0000 100.2412 151
20.2712 0000 100.2620 128
20.3166 0000 100.2970 95
20.3596 0000 100.3108 89
20.4070 0000 100.3623 95
20.4494 0000 100.3714 106
20.4913 0000 100.3758 113
20.5366 0000 100.4084 112
20.5813 0000 100.4364 119
20.6232 0000 100.4408 114
20.6651 0000 100.4451 115
20.7078 0000 100.4566 124
20.7495 0000 100.4586 123
20.7908 0000 100.4582 118
20.8322 0000 100.4578 123
20.8746 0000 100.4669 124
20.9219 0000 100.5162 114
20.9658 0000 100.5371 108
21.0146 0000 100.5982 108
21.0588 0000 100.6215 127
21.1042 0000 100.6542 135
21.1490 0000 100.6823 130
21.1904 0000 100.6819 112
21.2301 0000 100.6674 101
21.2646 0000 100.6102 106
21.3059 0000 100.6099 121
21.3508 0000 100.6379 126
21.3962 0000 100.6707 110
21.4422 0000 100.7082 106
21.4917 0000 100.7742 115
21.5302 0000 100.7501 120
21.5713 0000 100.7474 123
21.6119 0000 100.7400 125
21.6477 0000 100.6946 134
21.6805 0000 100.6257 140
21.7213 0000 100.6206 143
21.7644 0000 100.6345 154
21.8105 0000 100.6720 177
21.8563 0000 100.7071 160
21.9018 0000 100.7399 161
21.9400 0000 100.7135 147
21.9780 0000 100.6872 154
22.0191 0000 100.6844 146
22.0605 0000 100.6841 135
22.1021 0000 100.6861 129
22.1489 0000 100.7284 134
22.1923 0000 100.7446 135
22.2397 0000 100.7917 124
22.2835 0000 100.8103 120
22.3291 0000 100.8431 112
22.3756 0000 100.8831 133
22.4192 0000 100.8994 161
22.4648 0000 100.9323 156
22.5068 0000 100.9367 128
22.5442 0000 100.9055 93
22.5795 0000 100.8577 61
22.6007 0000 100.7010 45
22.6224 0000 100.5493 41
22.8011 0000 101.6090 45
22.7019 0000 100.5250 55
22.7481 0000 100.5624 71
22.7885 0000 100.5550 82
22.8221 0000 100.4956 92
22.8627 0000 100.4905 120
22.9040 0000 100.4902 155
22.9465 0000 100.4993 166
22.9924 0000 100.5344 162
23.0321 0000 100.5222 175
23.0740 0000 100.5266 158
23.1534 0000 100.8150 94
23.2108 0000 100.9356 89
23.2666 0000 101.0445 83
23.3320 0000 101.2248 115
23.3746 0000 101.2340 119
23.4189 0000 101.2551 110
23.4606 0000 101.2571 103
23.5023 0000 101.2591 93
23.5453 0000 101.2707 89
23.5880 0000 101.2799 95
23.6307 0000 101.2890 98
23.6791 0000 101.3411 98
23.7228 0000 101.3574 108
23.7652 0000 101.3642 116
23.8072 0000 101.3686 120
23.8480 0000 101.3635 122
23.8891 0000 101.3607 118
23.9373 0000 101.4104 114
23.9806 0000 101.4244 117
24.0302 0000 101.4837 126
24.0725 0000 101.4905 136
24.1146 0000 101.4949 128
24.1645 0000 101.5566 120
24.2158 0000 101.6279 125
24.2592 0000 101.6418 127
24.3006 0000 101.6415 116
24.3430 0000 101.6483 117
24.3858 0000 101.6574 119
24.4275 0000 101.6594 101
24.4683 0000 101.6543 82
24.5094 0000 101.6515 77
24.5491 0000 101.6392 73
24.5802 0000 101.5647 70
24.6166 0000 101.5285 82
24.6560 0000 101.5138 89
24.6970 0000 101.5111 85
24.7394 0000 101.5179 73
24.7811 0000 101.5199 61
24.8181 0000 101.4885 64
24.8591 0000 101.4857 68
24.9042 0000 101.5116 63
24.9472 0000 101.5231 67
24.9930 0000 101.5538 89
25.0330 0000 101.5438 97
25.0804 0000 101.5864 94
25.1269 0000 101.6219 79
25.1792 0000 101.6980 79
25.2274 0000 101.7454 83
25.2784 0000 101.8120 94
25.3205 0000 101.8164 108
25.3626 0000 101.8208 117
25.4040 0000 101.8204 114
25.4430 0000 101.8033 111
25.4785 0000 101.7622 121
25.5147 0000 101.7259 126
25.5568 0000 101.7303 141
25.5989 0000 101.7347 156
25.6447 0000 101.7654 153
25.6875 0000 101.7746 138
25.7313 0000 101.7909 131
25.7790 0000 101.8336 134
25.8228 0000 101.8500 127
25.8677 0000 101.8736 121
25.9134 0000 101.9019 118
25.9551 0000 101.9039 126
25.9972 0000 101.9083 127
26.0421 0000 101.9319 119
26.0832 0000 101.9291 99
26.1253 0000 101.9335 85
26.1706 0000 101.9595 77
26.2113 0000 101.9543 75
26.2570 0000 101.9827 81
26.3048 0000 102.0255 92
26.3530 0000 102.0707 105
26.3984 0000 102.0967 128
26.4399 0000 102.0963 137
26.4813 0000 102.0959 141
26.5184 0000 102.0667 155
26.5595 0000 102.0639 149
26.5937 0000 102.0155 137
26.6334 0000 102.0031 138
26.6708 0000 101.9763 155
