wt=150808148, DLLFiFo=0
-25.1434 0000 89.0024 262
-25.1049 0000 89.0038 240
-25.0658 0000 89.0011 210
-25.0271 0000 89.0004 200
-24.9892 0000 89.0059 242
-24.9514 0000 89.0114 291
-24.9123 0000 89.0087 273
-24.8753 0000 89.0204 245
-24.8381 0000 89.0300 222
-24.8032 0000 89.0561 210
-24.7650 0000 89.0596 203
-24.7268 0000 89.0630 203
-24.6907 0000 89.0809 249
-24.6534 0000 89.0905 276
-24.6155 0000 89.0961 291
-24.5729 0000 89.0686 300
-24.5315 0000 89.0493 336
-24.4889 0000 89.0218 350
-24.4498 0000 89.0191 292
-24.4110 0000 89.0184 223
-24.3734 0000 89.0260 161
-24.3414 0000 89.0728 133
-24.3029 0000 89.0742 132
-24.2612 0000 89.0529 125
-24.2221 0000 89.0502 130
-24.1857 0000 89.0660 156
-24.1451 0000 89.0530 148
-24.1061 0000 89.0502 123
-24.0641 0000 89.0269 101
-24.0247 0000 89.0221 85
-23.9834 0000 89.0029 89
-23.9452 0000 89.0064 98
-23.9107 0000 89.0367 107
-23.8688 0000 89.0133 102
-23.8331 0000 89.0354 109
-23.7961 0000 89.0471 117
-23.7618 0000 89.0795 141
-23.7265 0000 89.1036 186
-23.6868 0000 89.0968 240
-23.6412 0000 89.0466 265
-23.6004 0000 89.0315 265
-23.5582 0000 89.0061 280
-23.5172 0000 88.9890 265
-23.4784 0000 88.9883 256
-23.4407 0000 88.9960 268
-23.4019 0000 88.9953 268
-23.3640 0000 89.0009 234
-23.3274 0000 89.0168 196
-23.2937 0000 89.0533 177
-23.2588 0000 89.0816 197
-23.2239 0000 89.1099 181
-23.1884 0000 89.1341 179
-23.1499 0000 89.1355 194
-23.1099 0000 89.1267 237
-23.0678 0000 89.1013 280
-23.0262 0000 89.0800 383
-22.9876 0000 89.0815 438
-22.9491 0000 89.0830 458
-22.9102 0000 89.0824 438
-22.8714 0000 89.0818 363
-22.8320 0000 89.0771 290
-22.7918 0000 89.0662 276
-22.7519 0000 89.0573 289
-22.7131 0000 89.0567 325
-22.6748 0000 89.0603 377
-22.6368 0000 89.0659 414
-22.5988 0000 89.0716 481
-22.5608 0000 89.0772 519
-22.5227 0000 89.0828 436
-22.4860 0000 89.0988 298
-22.4458 0000 89.0879 251
-22.4073 0000 89.0894 197
-22.3703 0000 89.1033 179
-22.3306 0000 89.0966 152
-22.2907 0000 89.0878 131
-22.2470 0000 89.0501 142
-22.2093 0000 89.0578 152
-22.1702 0000 89.0552 150
-22.1292 0000 89.0382 172
-22.0903 0000 89.0376 210
-22.0541 0000 89.0578 212
-22.0171 0000 89.0717 222
-21.9791 0000 89.0774 244
-21.9405 0000 89.0789 270
-21.9013 0000 89.0764 280
-21.8622 0000 89.0738 257
-21.8236 0000 89.0753 224
-21.7892 0000 89.1100 211
-21.7511 0000 89.1157 220
-21.7122 0000 89.1152 258
-21.6733 0000 89.1147 307
-21.6344 0000 89.1142 340
-21.5955 0000 89.1137 317
-21.5561 0000 89.1091 267
-21.5149 0000 89.0900 221
-21.4758 0000 89.0874 184
-21.4397 0000 89.1097 155
-21.3988 0000 89.0927 129
-21.3599 0000 89.0922 130
-21.3210 0000 89.0917 146
-21.2816 0000 89.0871 181
-21.2425 0000 89.0846 215
-21.2038 0000 89.0862 226
-21.1667 0000 89.1002 251
-21.1281 0000 89.1018 249
-21.0894 0000 89.1034 264
-21.0510 0000 89.1071 287
-21.0129 0000 89.1128 286
-20.9750 0000 89.1206 304
-20.9358 0000 89.1181 337
-20.8962 0000 89.1115 314
-20.8568 0000 89.1069 243
-20.8184 0000 89.1106 212
-20.7794 0000 89.1101 233
-20.7403 0000 89.1076 273
-20.7006 0000 89.1010 288
-20.6612 0000 89.0964 267
-20.6189 0000 89.0670 270
-20.5799 0000 89.0666 295
-20.5428 0000 89.0806 293
-20.5046 0000 89.0864 296
-20.4691 0000 89.1149 270
-20.4334 0000 89.1413 196
-20.3952 0000 89.1471 172
-20.3543 0000 89.1301 181
-20.3149 0000 89.1256 191
-20.2748 0000 89.1148 208
-20.2359 0000 89.1144 227
-20.1981 0000 89.1243 239
-20.1628 0000 89.1549 225
-20.1270 0000 89.1814 228
-20.0879 0000 89.1789 204
-20.0494 0000 89.1826 201
-20.0112 0000 89.1884 219
-19.9722 0000 89.1879 237
-19.9326 0000 89.1813 248
-19.8932 0000 89.1768 230
-19.8537 0000 89.1722 198
-19.8143 0000 89.1676 176
-19.7758 0000 89.1714 169
-19.7405 0000 89.2020 223
-19.7027 0000 89.2119 288
-19.6642 0000 89.2157 284
-19.6245 0000 89.2090 230
-19.5830 0000 89.1859 191
-19.5438 0000 89.1834 214
-19.5046 0000 89.1809 271
-19.4652 0000 89.1763 343
-19.4256 0000 89.1697 368
-19.3864 0000 89.1672 293
-19.3474 0000 89.1668 200
-19.3092 0000 89.1726 179
-19.2712 0000 89.1805 180
-19.2375 0000 89.2277 168
-19.2047 0000 89.2833 191
-19.1662 0000 89.2870 237
-19.1270 0000 89.2845 241
-19.0883 0000 89.2862 213
-19.0495 0000 89.2879 193
-19.0101 0000 89.2833 184
-18.9690 0000 89.2642 194
-18.9303 0000 89.2659 176
-18.8920 0000 89.2717 159
-18.8532 0000 89.2734 184
-18.8140 0000 89.2709 245
-18.7768 0000 89.2871 244
-18.7387 0000 89.2950 222
-18.6997 0000 89.2946 217
-18.6607 0000 89.2941 219
-18.6233 0000 89.3083 190
-18.5847 0000 89.3120 187
-18.5491 0000 89.3427 217
-18.5154 0000 89.3921 234
-18.4828 0000 89.4520 255
-18.4458 0000 89.4703 251
-18.4056 0000 89.4595 227
-18.3589 0000 89.3863 221
-18.3157 0000 89.3465 258
-18.2760 0000 89.3398 283
-18.2348 0000 89.3187 272
-18.1938 0000 89.2996 295
-18.1552 0000 89.3033 291
-18.1164 0000 89.3050 267
-18.0768 0000 89.2984 210
-18.0362 0000 89.2834 187
-17.9964 0000 89.2747 196
-17.9554 0000 89.2556 207
-17.9166 0000 89.2573 200
-17.8776 0000 89.2569 215
-17.8386 0000 89.2564 228
-17.8000 0000 89.2602 226
-17.7627 0000 89.2763 229
-17.7239 0000 89.2780 276
-17.6853 0000 89.2817 317
-17.6463 0000 89.2813 334
-17.6073 0000 89.2809 343
-17.5684 0000 89.2825 337
-17.5324 0000 89.3111 304
-17.4956 0000 89.3335 387
-17.4551 0000 89.3186 399
-17.4159 0000 89.3161 384
-17.3770 0000 89.3177 379
-17.3386 0000 89.3235 368
-17.3039 0000 89.3667 312
-17.2661 0000 89.3787 241
-17.2275 0000 89.3824 190
-17.1903 0000 89.4007 176
-17.1489 0000 89.3774 156
-17.1101 0000 89.3790 152
-17.0739 0000 89.4077 182
-17.0389 0000 89.4488 206
-17.0004 0000 89.4546 215
-16.9615 0000 89.4563 236
-16.9220 0000 89.4517 288
-16.8830 0000 89.4512 333
-16.8427 0000 89.4383 299
-16.8040 0000 89.4420 256
-16.7703 0000 89.4977 230
-16.7328 0000 89.5139 213
-16.6991 0000 89.5697 210
-16.6626 0000 89.5963 238
-16.6243 0000 89.6042 250
-16.5863 0000 89.6163 254
-16.5516 0000 89.6617 256
-16.5148 0000 89.6862 250
-16.4778 0000 89.7087 240
-16.4389 0000 89.7104 216
-16.4001 0000 89.7141 197
-16.3621 0000 89.7262 156
-16.3231 0000 89.7278 148
-16.2849 0000 89.7378 156
-16.2463 0000 89.7436 171
-16.2075 0000 89.7473 195
-16.1719 0000 89.7844 216
-16.1335 0000 89.7923 228
-16.0945 0000 89.7940 231
-16.0558 0000 89.7998 225
-16.0174 0000 89.8077 200
-15.9801 0000 89.8281 185
-15.9409 0000 89.8277 243
-15.9027 0000 89.8377 304
-15.8646 0000 89.8498 283
-15.8298 0000 89.8974 202
-15.7953 0000 89.9493 173
-15.7612 0000 90.0053 139
-15.7223 0000 90.0091 123
-15.6827 0000 90.0044 153
-15.6436 0000 90.0061 193
-15.6060 0000 90.0245 173
-15.5671 0000 90.0282 108
-15.5251 0000 89.9964 91
-15.4854 0000 89.9917 77
-15.4462 0000 89.9913 83
-15.4067 0000 89.9887 106
-15.3654 0000 89.9653 139
-15.3251 0000 89.9523 201
-15.2840 0000 89.9309 176
-15.2442 0000 89.9241 127
-15.2047 0000 89.9216 106
-15.1653 0000 89.9191 130
-15.1279 0000 89.9395 179
-15.0890 0000 89.9433 173
-15.0501 0000 89.9470 149
-15.0123 0000 89.9633 117
-14.9733 0000 89.9671 95
-14.9323 0000 89.9457 92
-14.8930 0000 89.9452 105
-14.8543 0000 89.9511 111
-14.8154 0000 89.9548 100
-14.7756 0000 89.9481 109
-14.7356 0000 89.9393 137
-14.6960 0000 89.9347 139
-14.6570 0000 89.9384 123
-14.6185 0000 89.9463 126
-14.5795 0000 89.9501 131
-14.5411 0000 89.9601 123
-14.5029 0000 89.9722 124
-14.4648 0000 89.9865 127
-14.4247 0000 89.9756 159
-14.3849 0000 89.9688 192
-14.3445 0000 89.9558 210
-14.3047 0000 89.9491 184
-14.2649 0000 89.9424 163
-14.2258 0000 89.9440 141
-14.1882 0000 89.9646 133
-14.1496 0000 89.9725 154
-14.1106 0000 89.9763 155
-14.0719 0000 89.9821 135
-14.0331 0000 89.9880 111
-13.9958 0000 90.0127 105
-13.9570 0000 90.0186 115
-13.9176 0000 90.0181 140
-13.8788 0000 90.0240 142
-13.8377 0000 90.0005 157
-13.7972 0000 89.9854 151
-13.7574 0000 89.9787 135
-13.7184 0000 89.9825 115
-13.6781 0000 89.9695 95
-13.6388 0000 89.9690 98
-13.5981 0000 89.9497 168
-13.5584 0000 89.9451 219
-13.5193 0000 89.9468 162
-13.4817 0000 89.9694 114
-13.4428 0000 89.9732 132
-13.4046 0000 89.9875 135
-13.3649 0000 89.9828 116
-13.3234 0000 89.9531 125
-13.2855 0000 89.9715 129
-13.2477 0000 89.9921 148
-13.2086 0000 89.9937 157
-13.1689 0000 89.9891 159
-13.1298 0000 89.9908 133
-13.0904 0000 89.9904 101
-13.0505 0000 89.9816 81
-13.0081 0000 89.9393 67
-12.9703 0000 89.9598 63
-12.9304 0000 89.9510 73
-12.8897 0000 89.9317 90
-12.8506 0000 89.9355 112
-12.8115 0000 89.9372 130
-12.7731 0000 89.9494 132
-12.7337 0000 89.9490 150
-12.6947 0000 89.9528 158
-12.6554 0000 89.9523 150
-12.6147 0000 89.9331 175
-12.5741 0000 89.9138 189
-12.5350 0000 89.9176 239
-12.4959 0000 89.9193 272
-12.4555 0000 89.9042 252
-12.4152 0000 89.8892 239
-12.3753 0000 89.8804 268
-12.3348 0000 89.8632 326
-12.2942 0000 89.8440 279
-12.2548 0000 89.8436 263
-12.2167 0000 89.8599 273
-12.1777 0000 89.8637 225
-12.1385 0000 89.8654 192
-12.0998 0000 89.8734 195
-12.0607 0000 89.8772 181
-12.0213 0000 89.8747 132
-11.9817 0000 89.8701 93
-11.9439 0000 89.8928 92
-11.9058 0000 89.9112 91
-11.8670 0000 89.9192 100
-11.8274 0000 89.9147 117
-11.7863 0000 89.8870 118
-11.7466 0000 89.8804 108
-11.7074 0000 89.8821 91
-11.6667 0000 89.8607 82
-11.6290 0000 89.8855 81
-11.5895 0000 89.8830 89
-11.5498 0000 89.8763 95
-11.5106 0000 89.8780 89
-11.4699 0000 89.8567 75
-11.4307 0000 89.8584 80
-11.3917 0000 89.8622 97
-11.3522 0000 89.8598 105
-11.3129 0000 89.8594 96
-11.2738 0000 89.8632 87
-11.2369 0000 89.9005 91
-11.1965 0000 89.8834 89
-11.1572 0000 89.8830 86
-11.1180 0000 89.8847 85
-11.0785 0000 89.8822 100
-11.0389 0000 89.8777 121
-10.9993 0000 89.8731 126
-10.9599 0000 89.8706 116
-10.9212 0000 89.8807 117
-10.8834 0000 89.9055 137
-10.8443 0000 89.9093 139
-10.8052 0000 89.9131 147
-10.7660 0000 89.9148 159
-10.7269 0000 89.9186 152
-10.6878 0000 89.9225 123
-10.6497 0000 89.9430 97
-10.6105 0000 89.9448 84
-10.5709 0000 89.9402 89
-10.5299 0000 89.9126 86
-10.4920 0000 89.9373 89
-10.4544 0000 89.9663 105
-10.4165 0000 89.9911 105
-10.3759 0000 89.9698 120
-10.3360 0000 89.9589 163
-10.2956 0000 89.9418 185
-10.2563 0000 89.9414 153
-10.2171 0000 89.9431 115
-10.1766 0000 89.9239 126
-10.1372 0000 89.9214 137
-10.0982 0000 89.9273 137
-10.0590 0000 89.9290 125
-10.0194 0000 89.9245 113
-9.9799 0000 89.9220 107
-9.9424 0000 89.9552 108
-9.9034 0000 89.9611 106
-9.8643 0000 89.9649 96
-9.8250 0000 89.9666 102
-9.7866 0000 89.9830 154
-9.7485 0000 90.0057 197
-9.7094 0000 90.0095 274
-9.6701 0000 90.0112 333
-9.6308 0000 90.0130 289
-9.5921 0000 90.0252 200
-9.5519 0000 90.0080 177
-9.5130 0000 90.0160 174
-9.4749 0000 90.0408 143
-9.4363 0000 90.0551 125
-9.4002 0000 90.1177 117
-9.3629 0000 90.1573 110
-9.3237 0000 90.1611 110
-9.2825 0000 90.1250 125
-9.2425 0000 90.1120 146
-9.2029 0000 90.1074 158
-9.1625 0000 90.0881 158
-9.1244 0000 90.1130 129
-9.0853 0000 90.1189 126
-9.0461 0000 90.1227 127
-9.0080 0000 90.1475 126
-8.9689 0000 90.1534 117
-8.9296 0000 90.1552 115
-8.8901 0000 90.1527 114
-8.8493 0000 90.1229 106
-8.8096 0000 90.1162 116
-8.7699 0000 90.1095 156
-8.7303 0000 90.1049 190
-8.6912 0000 90.1108 195
-8.6519 0000 90.1126 202
-8.6125 0000 90.1122 224
-8.5732 0000 90.1118 254
-8.5338 0000 90.1114 256
-8.4944 0000 90.1110 211
-8.4551 0000 90.1127 166
-8.4160 0000 90.1186 157
-8.3769 0000 90.1246 175
-8.3377 0000 90.1284 189
-8.2985 0000 90.1322 190
-8.2595 0000 90.1402 176
-8.2218 0000 90.1777 163
-8.1832 0000 90.1941 188
-8.1441 0000 90.2021 217
-8.1045 0000 90.1975 191
-8.0649 0000 90.1929 154
-8.0258 0000 90.1989 153
-7.9867 0000 90.2048 162
-7.9472 0000 90.2023 168
-7.9077 0000 90.1998 173
-7.8680 0000 90.1931 183
-7.8285 0000 90.1906 184
-7.7892 0000 90.1945 162
-7.7498 0000 90.1941 141
-7.7102 0000 90.1874 141
-7.6704 0000 90.1786 157
-7.6308 0000 90.1740 152
-7.5914 0000 90.1736 130
-7.5518 0000 90.1691 137
-7.5121 0000 90.1603 172
-7.4723 0000 90.1515 205
-7.4320 0000 90.1280 274
-7.3921 0000 90.1150 248
-7.3529 0000 90.1209 187
-7.3150 0000 90.1584 170
-7.2756 0000 90.1580 202
-7.2361 0000 90.1555 213
-7.1967 0000 90.1530 186
-7.1566 0000 90.1359 152
-7.1171 0000 90.1334 126
-7.0775 0000 90.1267 134
-7.0373 0000 90.1074 162
-6.9978 0000 90.1029 260
-6.9581 0000 90.0962 360
-6.9186 0000 90.0916 351
-6.8794 0000 90.0975 268
-6.8407 0000 90.1140 197
-6.8017 0000 90.1262 158
-6.7623 0000 90.1237 144
-6.7226 0000 90.1171 152
-6.6831 0000 90.1125 159
-6.6434 0000 90.1037 154
-6.6037 0000 90.0950 148
-6.5636 0000 90.0757 167
-6.5238 0000 90.0648 168
-6.4838 0000 90.0456 142
-6.4443 0000 90.0431 133
-6.4047 0000 90.0364 132
-6.3652 0000 90.0340 129
-6.3262 0000 90.0441 128
-6.2884 0000 90.0900 135
-6.2494 0000 90.1022 153
-6.2102 0000 90.1060 160
-6.1707 0000 90.1036 146
-6.1312 0000 90.1011 125
-6.0918 0000 90.1008 97
-6.0524 0000 90.1004 76
-6.0133 0000 90.1106 80
-5.9748 0000 90.1375 109
-5.9353 0000 90.1330 137
-5.8952 0000 90.1116 155
-5.8556 0000 90.1070 178
-5.8161 0000 90.1025 212
-5.7766 0000 90.0979 253
-5.7373 0000 90.1018 259
-5.6979 0000 90.1014 256
-5.6583 0000 90.0969 243
-5.6190 0000 90.0986 204
-5.5797 0000 90.1004 186
-5.5401 0000 90.0937 197
-5.5004 0000 90.0850 200
-5.4609 0000 90.0804 178
-5.4215 0000 90.0801 142
-5.3822 0000 90.0839 106
-5.3431 0000 90.0941 85
-5.3039 0000 90.1021 79
-5.2641 0000 90.0871 76
-5.2236 0000 90.0468 74
-5.1843 0000 90.0507 58
-5.1459 0000 90.0881 44
-5.1082 0000 90.1529 42
-5.0706 0000 90.2199 49
-5.0313 0000 90.2238 62
-4.9919 0000 90.2255 78
-4.9524 0000 90.2231 81
-4.9123 0000 90.1996 89
-4.8728 0000 90.1972 127
-4.8329 0000 90.1779 152
-4.7929 0000 90.1544 202
-4.7531 0000 90.1372 262
-4.7133 0000 90.1222 271
-4.6744 0000 90.1429 348
-4.6354 0000 90.1593 431
-4.5963 0000 90.1758 495
-4.5574 0000 90.1965 515
-4.5175 0000 90.1772 500
-4.4780 0000 90.1727 493
-4.4385 0000 90.1723 460
-4.3999 0000 90.2099 411
-4.3608 0000 90.2243 381
-4.3214 0000 90.2239 346
-4.2818 0000 90.2194 334
-4.2423 0000 90.2148 331
-4.2029 0000 90.2166 288
-4.1634 0000 90.2163 229
-4.1241 0000 90.2222 206
-4.0849 0000 90.2324 217
-4.0460 0000 90.2637 227
-4.0068 0000 90.2738 222
-3.9674 0000 90.2777 224
-3.9277 0000 90.2668 236
-3.8881 0000 90.2560 234
-3.8485 0000 90.2514 232
-3.8087 0000 90.2300 264
-3.7693 0000 90.2339 317
-3.7300 0000 90.2441 323
-3.6903 0000 90.2290 367
-3.6507 0000 90.2202 315
-3.6113 0000 90.2241 229
-3.5727 0000 90.2701 194
-3.5338 0000 90.3056 182
-3.4948 0000 90.3305 202
-3.4553 0000 90.3302 193
-3.4157 0000 90.3235 189
-3.3756 0000 90.2832 234
-3.3360 0000 90.2786 349
-3.2965 0000 90.2740 480
-3.2571 0000 90.2758 545
-3.2177 0000 90.2839 538
-3.1783 0000 90.2899 458
-3.1391 0000 90.3064 314
-3.0999 0000 90.3271 261
-3.0606 0000 90.3373 225
-3.0212 0000 90.3433 224
-2.9817 0000 90.3409 203
-2.9421 0000 90.3363 161
-2.9024 0000 90.3170 164
-2.8624 0000 90.2766 202
-2.8227 0000 90.2595 236
-2.7827 0000 90.2191 307
-2.7431 0000 90.2040 410
-2.7036 0000 90.1974 431
-2.6642 0000 90.2013 345
-2.6248 0000 90.2093 237
-2.5856 0000 90.2322 164
-2.5464 0000 90.2550 191
-2.5069 0000 90.2504 227
-2.4674 0000 90.2522 223
-2.4279 0000 90.2498 238
-2.3885 0000 90.2473 273
-2.3490 0000 90.2449 263
-2.3093 0000 90.2235 249
-2.2698 0000 90.2232 248
-2.2303 0000 90.2165 209
-2.1908 0000 90.2099 149
-2.1513 0000 90.2074 121
-2.1118 0000 90.2071 115
-2.0725 0000 90.2257 112
-2.0331 0000 90.2338 93
-1.9939 0000 90.2566 75
-1.9544 0000 90.2605 60
-1.9150 0000 90.2623 60
-1.8755 0000 90.2599 66
-1.8359 0000 90.2385 72
-1.7964 0000 90.2444 82
-1.7569 0000 90.2420 82
-1.7175 0000 90.2417 73
-1.6782 0000 90.2708 87
-1.6388 0000 90.2895 95
-1.5994 0000 90.2934 98
-1.5600 0000 90.3247 105
-1.5206 0000 90.3412 125
-1.4813 0000 90.3641 133
-1.4418 0000 90.3658 102
-1.4023 0000 90.3613 79
-1.3627 0000 90.3589 77
-1.3233 0000 90.3670 90
-1.2838 0000 90.3709 101
-1.2443 0000 90.3621 99
-1.2048 0000 90.3576 94
-1.1653 0000 90.3889 88
-1.1259 0000 90.4033 98
-1.0865 0000 90.4347 114
-1.0470 0000 90.4618 136
-1.0075 0000 90.4699 137
-0.9680 0000 90.4781 135
-0.9285 0000 90.5306 136
-0.8890 0000 90.5620 156
-0.8495 0000 90.5849 168
-0.8100 0000 90.5888 203
-0.7704 0000 90.5885 200
-0.7309 0000 90.5903 170
-0.6913 0000 90.5963 178
-0.6518 0000 90.5960 220
-0.6122 0000 90.5851 266
-0.5727 0000 90.5763 292
-0.5331 0000 90.5781 274
-0.4936 0000 90.5820 249
-0.4540 0000 90.5859 243
-0.4145 0000 90.5877 226
-0.3749 0000 90.5916 197
-0.3354 0000 90.5871 177
-0.2958 0000 90.5868 165
-0.2562 0000 90.5864 155
-0.2167 0000 90.5798 162
-0.1772 0000 90.5773 168
-0.1376 0000 90.5770 159
-0.0981 0000 90.5725 156
-0.0586 0000 90.5552 180
-0.0191 0000 90.5359 159
0.0205 0000 90.5567 124
0.0601 0000 90.5733 119
0.0995 0000 90.5476 147
0.1390 0000 90.5262 173
0.1785 0000 90.5153 245
0.2180 0000 90.5107 305
0.2575 0000 90.5083 307
0.2970 0000 90.5037 278
0.3365 0000 90.5013 235
0.3760 0000 90.4841 171
0.4155 0000 90.4859 150
0.4552 0000 90.5109 160
0.4948 0000 90.5170 140
0.5342 0000 90.5082 119
0.5737 0000 90.5036 121
0.6133 0000 90.5054 139
0.6528 0000 90.5115 163
0.6924 0000 90.5111 169
0.7319 0000 90.5066 153
0.7714 0000 90.5063 139
0.8108 0000 90.4869 141
0.8501 0000 90.4612 132
0.8895 0000 90.4525 160
0.9289 0000 90.4353 201
0.9680 0000 90.3948 216
1.0073 0000 90.3797 195
1.0467 0000 90.3646 171
1.0858 0000 90.3242 161
1.1252 0000 90.3218 160
1.1648 0000 90.3341 172
1.2043 0000 90.3359 231
1.2439 0000 90.3398 306
1.2834 0000 90.3416 357
1.3230 0000 90.3561 411
1.3626 0000 90.3579 398
1.4020 0000 90.3575 376
1.4413 0000 90.3425 348
1.4807 0000 90.3316 377
1.5200 0000 90.3186 430
1.5592 0000 90.2972 499
1.5986 0000 90.2927 526
1.6381 0000 90.2903 552
1.6776 0000 90.2942 527
1.7171 0000 90.2981 477
1.7569 0000 90.3209 406
1.7965 0000 90.3291 355
1.8361 0000 90.3330 318
1.8754 0000 90.3263 322
1.9148 0000 90.3197 330
1.9540 0000 90.3004 340
1.9934 0000 90.2937 334
2.0328 0000 90.2892 328
2.0726 0000 90.3142 265
2.1124 0000 90.3329 232
2.1528 0000 90.3853 239
2.1924 0000 90.3934 251
2.2323 0000 90.4184 277
2.2715 0000 90.3991 281
2.3109 0000 90.3967 312
2.3505 0000 90.4006 327
2.3900 0000 90.4045 333
2.4295 0000 90.4021 350
2.4688 0000 90.3954 373
2.5081 0000 90.3846 392
2.5472 0000 90.3632 420
2.5866 0000 90.3565 406
2.6259 0000 90.3478 449
2.6648 0000 90.3221 511
2.7040 0000 90.3092 610
2.7430 0000 90.2836 717
2.7824 0000 90.2811 700
2.8223 0000 90.3019 592
2.8620 0000 90.3121 526
2.9015 0000 90.3139 498
2.9410 0000 90.3178 485
2.9806 0000 90.3239 430
3.0201 0000 90.3257 391
3.0594 0000 90.3190 382
3.0987 0000 90.3103 365
3.1377 0000 90.2889 362
3.1770 0000 90.2865 314
3.2165 0000 90.2862 249
3.2560 0000 90.2880 206
3.2955 0000 90.2919 199
3.3352 0000 90.3000 207
3.3748 0000 90.3081 234
3.4143 0000 90.3120 264
3.4537 0000 90.3075 260
3.4930 0000 90.3030 228
3.5323 0000 90.2963 211
3.5714 0000 90.2813 224
3.6101 0000 90.2515 243
3.6491 0000 90.2364 309
3.6885 0000 90.2361 318
3.7278 0000 90.2295 287
3.7672 0000 90.2292 273
3.8069 0000 90.2373 293
3.8468 0000 90.2581 269
3.8867 0000 90.2746 262
3.9260 0000 90.2701 240
3.9649 0000 90.2509 228
4.0043 0000 90.2484 228
4.0436 0000 90.2460 221
4.0829 0000 90.2415 225
4.1225 0000 90.2454 223
4.1625 0000 90.2683 232
4.2020 0000 90.2701 254
4.2414 0000 90.2677 291
4.2807 0000 90.2632 326
4.3201 0000 90.2650 381
4.3595 0000 90.2626 437
4.3990 0000 90.2644 455
4.4384 0000 90.2662 447
4.4779 0000 90.2680 420
4.5173 0000 90.2656 362
4.5569 0000 90.2716 300
4.5964 0000 90.2755 265
4.6357 0000 90.2710 229
4.6752 0000 90.2749 187
4.7148 0000 90.2810 179
4.7544 0000 90.2870 199
4.7950 0000 90.3225 209
4.8346 0000 90.3264 207
4.8742 0000 90.3325 201
4.9140 0000 90.3448 182
4.9537 0000 90.3529 151
4.9945 0000 90.3927 119
5.0341 0000 90.3987 98
5.0736 0000 90.4005 100
5.1133 0000 90.4066 119
5.1530 0000 90.4147 166
5.1927 0000 90.4208 275
5.2322 0000 90.4226 384
5.2715 0000 90.4202 419
5.3109 0000 90.4178 443
5.3502 0000 90.4154 468
5.3898 0000 90.4172 454
5.4300 0000 90.4401 405
5.4698 0000 90.4482 396
5.5092 0000 90.4479 348
5.5484 0000 90.4413 275
5.5871 0000 90.4199 227
5.6264 0000 90.4175 160
5.6670 0000 90.4489 125
5.7067 0000 90.4549 130
5.7459 0000 90.4483 188
5.7851 0000 90.4417 210
5.8238 0000 90.4203 165
5.8629 0000 90.4116 174
5.9021 0000 90.4071 187
5.9417 0000 90.4110 184
5.9813 0000 90.4149 187
6.0213 0000 90.4294 187
6.0615 0000 90.4481 142
6.1015 0000 90.4626 134
6.1416 0000 90.4771 129
6.1820 0000 90.5000 129
6.2224 0000 90.5251 122
6.2626 0000 90.5417 154
6.3043 0000 90.5963 201
6.3453 0000 90.6341 218
6.3861 0000 90.6634 257
6.4266 0000 90.6885 264
6.4666 0000 90.6988 298
6.5064 0000 90.7070 313
6.5468 0000 90.7279 339
6.5866 0000 90.7340 318
6.6260 0000 90.7316 256
6.6655 0000 90.7313 197
6.7048 0000 90.7268 181
6.7442 0000 90.7244 183
6.7837 0000 90.7220 220
6.8230 0000 90.7175 254
6.8626 0000 90.7193 247
6.9025 0000 90.7296 227
6.9424 0000 90.7378 192
6.9822 0000 90.7439 149
7.0228 0000 90.7669 121
7.0637 0000 90.7963 92
7.1047 0000 90.8299 105
7.1453 0000 90.8508 113
7.1854 0000 90.8633 154
7.2254 0000 90.8736 221
7.2652 0000 90.8797 262
7.3057 0000 90.8985 247
7.3461 0000 90.9174 262
7.3861 0000 90.9256 226
7.4259 0000 90.9317 171
7.4660 0000 90.9420 124
7.5066 0000 90.9630 108
7.5465 0000 90.9691 94
7.5873 0000 90.9943 82
7.6284 0000 91.0259 90
7.6695 0000 91.0575 78
7.7111 0000 91.0977 72
7.7527 0000 91.1378 68
7.7940 0000 91.1716 86
7.8347 0000 91.1926 92
7.8749 0000 91.2030 94
7.9159 0000 91.2305 113
7.9557 0000 91.2344 149
7.9947 0000 91.2214 157
8.0340 0000 91.2147 150
8.0739 0000 91.2209 149
8.1159 0000 91.2654 183
8.1555 0000 91.2651 227
8.1945 0000 91.2542 237
8.2322 0000 91.2155 197
8.2711 0000 91.2025 161
8.3108 0000 91.2044 165
8.3508 0000 91.2105 191
8.3906 0000 91.2145 212
8.4304 0000 91.2185 217
8.4711 0000 91.2374 229
8.5120 0000 91.2606 174
8.5538 0000 91.3008 130
8.6015 0000 91.4479 126
8.6472 0000 91.5566 169
8.6876 0000 91.5692 210
8.7292 0000 91.6032 256
8.7696 0000 91.6158 335
8.8093 0000 91.6155 360
8.8491 0000 91.6174 276
8.8907 0000 91.6514 172
8.9318 0000 91.6747 112
8.9751 0000 91.7387 91
9.0155 0000 91.7492 79
9.0583 0000 91.8026 69
9.0983 0000 91.8066 66
9.1384 0000 91.8128 71
9.1802 0000 91.8490 80
9.2219 0000 91.8809 97
9.2634 0000 91.9107 104
9.3045 0000 91.9341 140
9.3444 0000 91.9360 185
9.3843 0000 91.9379 226
9.4242 0000 91.9398 246
9.4639 0000 91.9374 240
9.5019 0000 91.9092 225
9.5409 0000 91.8960 223
9.5802 0000 91.8872 213
9.6200 0000 91.8891 188
9.6623 0000 91.9296 195
9.7032 0000 91.9487 226
9.7438 0000 91.9613 248
9.7854 0000 91.9912 258
9.8257 0000 91.9995 248
9.8659 0000 92.0057 230
9.9063 0000 92.0162 212
9.9469 0000 92.0288 183
9.9892 0000 92.0695 159
10.0298 0000 92.0821 149
10.0699 0000 92.0862 149
10.1122 0000 92.1247 146
10.1528 0000 92.1373 152
10.1931 0000 92.1457 180
10.2334 0000 92.1519 222
10.2736 0000 92.1581 251
10.3141 0000 92.1686 247
10.3563 0000 92.2050 224
10.3966 0000 92.2133 209
10.4367 0000 92.2174 209
10.4770 0000 92.2236 204
10.5171 0000 92.2277 181
10.5580 0000 92.2447 178
10.5981 0000 92.2487 165
10.6390 0000 92.2636 153
10.6788 0000 92.2633 188
10.7179 0000 92.2523 210
10.7594 0000 92.2779 254
10.7998 0000 92.2863 269
10.8395 0000 92.2839 263
10.8782 0000 92.2664 238
10.9181 0000 92.2683 216
10.9575 0000 92.2615 194
10.9967 0000 92.2527 187
11.0365 0000 92.2524 179
11.0768 0000 92.2586 179
11.1184 0000 92.2843 193
11.1603 0000 92.3142 167
11.2023 0000 92.3442 157
11.2429 0000 92.3547 133
11.2867 0000 92.4106 120
11.3291 0000 92.4471 115
11.3708 0000 92.4728 146
11.4110 0000 92.4769 169
11.4515 0000 92.4853 155
11.4932 0000 92.5110 140
11.5351 0000 92.5389 118
11.5764 0000 92.5581 121
11.6183 0000 92.5860 137
11.6588 0000 92.5944 143
11.6988 0000 92.5964 144
11.7389 0000 92.5983 142
11.7791 0000 92.6024 153
11.8193 0000 92.6065 161
11.8590 0000 92.6041 157
11.8985 0000 92.5995 164
11.9391 0000 92.6079 170
11.9791 0000 92.6099 183
12.0195 0000 92.6161 180
12.0598 0000 92.6224 168
12.1000 0000 92.6265 154
12.1402 0000 92.6306 152
12.1806 0000 92.6368 155
12.2223 0000 92.6604 174
12.2640 0000 92.6840 174
12.3042 0000 92.6881 206
12.3446 0000 92.6944 227
12.3853 0000 92.7050 207
12.4269 0000 92.7265 209
12.4685 0000 92.7479 200
12.5092 0000 92.7585 205
12.5498 0000 92.7670 186
12.5916 0000 92.7906 187
12.6337 0000 92.8186 187
12.6741 0000 92.8249 197
12.7137 0000 92.8203 197
12.7534 0000 92.8179 213
12.7926 0000 92.8090 218
12.8311 0000 92.7914 232
12.8722 0000 92.8063 202
12.9125 0000 92.8105 195
12.9522 0000 92.8081 205
12.9905 0000 92.7883 220
13.0320 0000 92.8076 256
13.0728 0000 92.8182 257
13.1130 0000 92.8223 265
13.1526 0000 92.8178 261
13.1917 0000 92.8089 243
13.2297 0000 92.7848 215
13.2681 0000 92.7672 226
13.3078 0000 92.7648 227
13.3477 0000 92.7646 233
13.3876 0000 92.7643 216
13.4276 0000 92.7663 209
13.4677 0000 92.7682 258
13.5097 0000 92.7940 330
13.5501 0000 92.8003 344
13.5907 0000 92.8087 320
13.6308 0000 92.8107 294
13.6707 0000 92.8105 238
13.7089 0000 92.7907 180
13.7478 0000 92.7796 122
13.7871 0000 92.7729 108
13.8253 0000 92.7532 112
13.8631 0000 92.7291 144
13.9002 0000 92.6964 144
13.9389 0000 92.6831 140
13.9781 0000 92.6764 146
14.0161 0000 92.6545 184
14.0539 0000 92.6305 196
14.0933 0000 92.6259 213
14.1329 0000 92.6235 188
14.1714 0000 92.6082 140
14.2061 0000 92.5495 115
14.2432 0000 92.5190 123
14.2822 0000 92.5102 138
14.3199 0000 92.4862 154
14.3595 0000 92.4838 176
14.3990 0000 92.4814 182
14.4386 0000 92.4790 194
14.4782 0000 92.4766 212
14.5170 0000 92.4656 209
14.5529 0000 92.4221 219
14.5916 0000 92.4111 242
14.6306 0000 92.4023 234
14.6699 0000 92.3977 216
14.7093 0000 92.3932 211
14.7475 0000 92.3757 232
14.7868 0000 92.3711 231
14.8251 0000 92.3558 204
14.8637 0000 92.3426 187
14.9018 0000 92.3251 154
14.9405 0000 92.3141 132
14.9780 0000 92.2901 147
15.0153 0000 92.2640 123
15.0544 0000 92.2573 109
15.0925 0000 92.2399 123
15.1316 0000 92.2332 131
15.1675 0000 92.1920 123
15.2021 0000 92.1380 144
15.2409 0000 92.1291 173
15.2804 0000 92.1268 183
15.3206 0000 92.1330 197
15.3605 0000 92.1349 215
15.4036 0000 92.1712 222
15.4443 0000 92.1817 223
15.4837 0000 92.1793 230
15.5224 0000 92.1683 246
15.5593 0000 92.1401 244
15.5988 0000 92.1377 230
15.6384 0000 92.1375 216
15.6797 0000 92.1544 213
15.7177 0000 92.1370 160
15.7565 0000 92.1281 134
15.7973 0000 92.1408 128
15.8370 0000 92.1406 121
15.8768 0000 92.1425 118
15.9166 0000 92.1444 118
15.9544 0000 92.1248 106
15.9938 0000 92.1224 100
16.0330 0000 92.1178 98
16.0701 0000 92.0918 108
16.1097 0000 92.0915 112
16.1495 0000 92.0934 110
16.1893 0000 92.0953 103
16.2315 0000 92.1209 103
16.2732 0000 92.1421 125
16.3126 0000 92.1397 137
16.3501 0000 92.1180 137
16.3890 0000 92.1113 149
16.4288 0000 92.1132 172
16.4689 0000 92.1172 203
16.5087 0000 92.1191 245
16.5480 0000 92.1167 282
16.5874 0000 92.1143 277
16.6263 0000 92.1076 251
16.6653 0000 92.1009 238
16.7044 0000 92.0963 228
16.7422 0000 92.0789 191
16.7820 0000 92.0808 186
16.8238 0000 92.1020 222
16.8636 0000 92.1039 225
16.9030 0000 92.1015 191
16.9408 0000 92.0841 165
16.9801 0000 92.0817 132
17.0190 0000 92.0750 129
17.0583 0000 92.0726 174
17.0981 0000 92.0745 199
17.1361 0000 92.0592 160
17.1754 0000 92.0568 131
17.2163 0000 92.0694 124
17.2561 0000 92.0713 129
17.2961 0000 92.0753 119
17.3384 0000 92.1009 102
17.3786 0000 92.1070 105
17.4213 0000 92.1369 120
17.4646 0000 92.1710 126
17.5050 0000 92.1794 144
17.5446 0000 92.1791 172
17.5839 0000 92.1767 193
17.6242 0000 92.1829 218
17.6642 0000 92.1869 275
17.7038 0000 92.1867 351
17.7433 0000 92.1864 388
17.7833 0000 92.1904 355
17.8250 0000 92.2095 267
17.8669 0000 92.2308 232
17.9074 0000 92.2391 181
17.9481 0000 92.2496 137
17.9935 0000 92.3032 117
18.0333 0000 92.3051 113
18.0736 0000 92.3113 120
18.1139 0000 92.3175 136
18.1534 0000 92.3172 153
18.1951 0000 92.3363 161
18.2350 0000 92.3382 189
18.2748 0000 92.3401 215
18.3150 0000 92.3463 212
18.3577 0000 92.3741 202
18.3980 0000 92.3803 177
18.4361 0000 92.3671 154
18.4694 0000 92.3108 147
18.5082 0000 92.3041 159
18.5512 0000 92.3340 154
18.5934 0000 92.3574 159
18.6329 0000 92.3571 168
18.6730 0000 92.3612 205
18.7113 0000 92.3501 260
18.7521 0000 92.3606 261
18.7924 0000 92.3668 293
18.8329 0000 92.3752 271
18.8729 0000 92.3792 214
18.9132 0000 92.3854 175
18.9572 0000 92.4240 160
18.9978 0000 92.4323 161
19.0388 0000 92.4450 159
19.0841 0000 92.4943 154
19.1244 0000 92.5005 162
19.1617 0000 92.4808 165
19.2008 0000 92.4763 169
19.2401 0000 92.4738 163
19.2794 0000 92.4714 162
19.3191 0000 92.4733 161
19.3610 0000 92.4925 164
19.4005 0000 92.4922 171
19.4403 0000 92.4941 178
19.4811 0000 92.5046 180
19.5212 0000 92.5087 203
19.5607 0000 92.5084 234
19.6031 0000 92.5319 240
19.6434 0000 92.5381 249
19.6835 0000 92.5421 244
19.7269 0000 92.5742 246
19.7711 0000 92.6128 223
19.8130 0000 92.6320 249
19.8520 0000 92.6274 266
19.8916 0000 92.6272 290
19.9317 0000 92.6312 309
19.9712 0000 92.6310 324
20.0118 0000 92.6394 328
20.0545 0000 92.6650 293
20.0957 0000 92.6777 282
20.1387 0000 92.7056 285
20.1819 0000 92.7356 231
20.2223 0000 92.7418 201
20.2624 0000 92.7459 175
20.3049 0000 92.7695 167
20.3458 0000 92.7800 176
20.3891 0000 92.8101 198
20.4319 0000 92.8358 241
20.4723 0000 92.8421 259
20.5119 0000 92.8418 255
20.5520 0000 92.8459 227
20.5921 0000 92.8500 205
20.6322 0000 92.8541 200
20.6762 0000 92.8885 202
20.7168 0000 92.8969 187
20.7583 0000 92.9118 170
20.7998 0000 92.9268 164
20.8422 0000 92.9482 175
20.8820 0000 92.9501 163
20.9225 0000 92.9564 155
20.9626 0000 92.9605 156
21.0025 0000 92.9624 155
21.0451 0000 92.9861 151
21.0878 0000 93.0097 168
21.1285 0000 93.0182 163
21.1683 0000 93.0201 166
21.2077 0000 93.0177 164
21.2470 0000 93.0153 176
21.2871 0000 93.0194 195
21.3301 0000 93.0453 171
21.3714 0000 93.0581 150
21.4149 0000 93.0883 153
21.4551 0000 93.0924 153
21.4950 0000 93.0943 142
21.5343 0000 93.0919 131
21.5736 0000 93.0896 136
21.6135 0000 93.0915 161
21.6534 0000 93.0935 180
21.6921 0000 93.0867 165
21.7311 0000 93.0822 157
21.7676 0000 93.0581 165
21.8069 0000 93.0557 183
21.8479 0000 93.0664 197
21.8932 0000 93.1096 209
21.9337 0000 93.1159 204
21.9735 0000 93.1179 176
22.0131 0000 93.1177 134
22.0533 0000 93.1219 104
22.0964 0000 93.1477 103
22.1360 0000 93.1475 104
22.1758 0000 93.1495 105
22.2154 0000 93.1493 96
22.2547 0000 93.1470 91
22.2946 0000 93.1490 92
22.3347 0000 93.1531 91
22.3775 0000 93.1769 85
22.4171 0000 93.1767 86
22.4599 0000 93.2004 95
22.4966 0000 93.1785 109
22.5361 0000 93.1783 110
22.5733 0000 93.1607 107
22.6194 0000 93.2084 120
22.6605 0000 93.2191 129
22.6974 0000 93.1994 121
22.7354 0000 93.1883 123
22.7741 0000 93.1816 127
22.8145 0000 93.1880 131
22.8577 0000 93.2139 147
22.8979 0000 93.2181 162
22.9350 0000 93.2006 171
22.9770 0000 93.2178 201
23.0168 0000 93.2198 185
23.0591 0000 93.2392 139
23.0996 0000 93.2456 125
23.1391 0000 93.2454 125
23.1787 0000 93.2453 138
23.2182 0000 93.2451 146
23.2541 0000 93.2189 149
23.2893 0000 93.1883 134
23.3286 0000 93.1860 142
23.3678 0000 93.1837 154
23.4064 0000 93.1770 174
23.4456 0000 93.1747 202
23.4845 0000 93.1702 205
23.5206 0000 93.1462 179
23.5592 0000 93.1396 203
23.5959 0000 93.1199 277
23.6351 0000 93.1176 329
23.6749 0000 93.1196 342
23.7141 0000 93.1173 303
23.7533 0000 93.1150 248
23.7922 0000 93.1106 235
23.8317 0000 93.1105 236
23.8715 0000 93.1125 207
23.9113 0000 93.1146 203
23.9514 0000 93.1188 226
23.9905 0000 93.1165 203
24.0278 0000 93.1012 153
24.0598 0000 93.0491 133
24.0980 0000 93.0403 133
24.1368 0000 93.0358 134
24.1757 0000 93.0314 148
24.2110 0000 93.0031 160
24.2476 0000 92.9836 180
24.2868 0000 92.9813 171
24.3253 0000 92.9747 165
24.3638 0000 92.9681 170
24.3988 0000 92.9377 174
24.4341 0000 92.9095 196
24.4726 0000 92.9030 202
24.5110 0000 92.8964 225
24.5438 0000 92.8509 256
24.5822 0000 92.8444 264
24.6197 0000 92.8313 214
24.6508 0000 92.7751 164
24.6886 0000 92.7643 146
24.7306 0000 92.7815 142
24.7703 0000 92.7836 122
24.8072 0000 92.7662 109
24.8449 0000 92.7554 126
24.8834 0000 92.7488 148
24.9225 0000 92.7466 152
24.9593 0000 92.7293 165
24.9951 0000 92.7055 159
25.0325 0000 92.6925 150
25.0674 0000 92.6623 127
25.1032 0000 92.6386 139
25.1406 0000 92.6256 153
25.1748 0000 92.5911 157
25.2103 0000 92.5653 187
25.2480 0000 92.5545 202
