wt=150592006, DLLFiFo=0
-25.1437 0000 89.0045 96
-25.1016 0000 88.9812 96
-25.0646 0000 88.9928 97
-25.0268 0000 88.9983 115
-24.9916 0000 89.0224 151
-24.9538 0000 89.0279 160
-24.9162 0000 89.0355 148
-24.8771 0000 89.0327 135
-24.8384 0000 89.0320 122
-24.8008 0000 89.0396 127
-24.7626 0000 89.0431 172
-24.7250 0000 89.0506 190
-24.6869 0000 89.0541 198
-24.6493 0000 89.0617 194
-24.6120 0000 89.0713 222
-24.5732 0000 89.0706 234
-24.5374 0000 89.0906 204
-24.4997 0000 89.0982 179
-24.4604 0000 89.0934 140
-24.4192 0000 89.0762 111
-24.3816 0000 89.0838 107
-24.3449 0000 89.0976 137
-24.3081 0000 89.1113 144
-24.2696 0000 89.1127 150
-24.2320 0000 89.1203 150
-24.1958 0000 89.1383 163
-24.1562 0000 89.1314 168
-24.1145 0000 89.1101 164
-24.0751 0000 89.1053 174
-24.0366 0000 89.1067 162
-23.9984 0000 89.1102 148
-23.9601 0000 89.1137 144
-23.9219 0000 89.1172 154
-23.8823 0000 89.1103 194
-23.8426 0000 89.1035 237
-23.8049 0000 89.1111 273
-23.7707 0000 89.1435 303
-23.7325 0000 89.1470 284
-23.6942 0000 89.1505 225
-23.6554 0000 89.1498 167
-23.6149 0000 89.1368 152
-23.5758 0000 89.1341 195
-23.5372 0000 89.1355 256
-23.4979 0000 89.1308 242
-23.4582 0000 89.1239 197
-23.4199 0000 89.1275 173
-23.3814 0000 89.1289 155
-23.3426 0000 89.1283 168
-23.3038 0000 89.1277 187
-23.2647 0000 89.1250 148
-23.2261 0000 89.1264 114
-23.1909 0000 89.1527 142
-23.1546 0000 89.1707 145
-23.1166 0000 89.1763 155
-23.0777 0000 89.1757 157
-23.0384 0000 89.1709 160
-22.9998 0000 89.1724 172
-22.9618 0000 89.1780 187
-22.9238 0000 89.1836 193
-22.8852 0000 89.1851 176
-22.8471 0000 89.1907 144
-22.8083 0000 89.1902 113
-22.7689 0000 89.1854 97
-22.7295 0000 89.1807 100
-22.6898 0000 89.1740 125
-22.6526 0000 89.1858 162
-22.6143 0000 89.1894 218
-22.5757 0000 89.1909 221
-22.5355 0000 89.1800 200
-22.4971 0000 89.1836 159
-22.4591 0000 89.1892 127
-22.4202 0000 89.1887 100
-22.3805 0000 89.1819 86
-22.3406 0000 89.1731 67
-22.2977 0000 89.1415 50
-22.2580 0000 89.1348 36
0.0000 0000 0.0000 0
0.0000 0000 0.0000 0
0.0000 0000 0.0000 0
-22.0983 0000 89.0996 36
-22.0676 0000 89.1632 42
-22.0346 0000 89.2082 60
-21.9968 0000 89.2159 82
-21.9608 0000 89.2382 84
-21.9227 0000 89.2439 94
-21.8824 0000 89.2330 109
-21.8406 0000 89.2098 125
-21.7973 0000 89.1741 141
-21.7581 0000 89.1715 147
-21.7198 0000 89.1752 142
-21.6809 0000 89.1747 140
-21.6417 0000 89.1721 143
-21.6038 0000 89.1799 132
-21.5704 0000 89.2229 123
-21.5333 0000 89.2369 139
-21.4946 0000 89.2384 153
-21.4557 0000 89.2380 145
-21.4188 0000 89.2541 135
-21.3802 0000 89.2557 167
-21.3402 0000 89.2469 225
-21.3003 0000 89.2381 276
-21.2611 0000 89.2356 282
-21.2224 0000 89.2372 263
-21.1840 0000 89.2409 236
-21.1466 0000 89.2529 204
-21.1089 0000 89.2627 186
-21.0705 0000 89.2664 173
-21.0323 0000 89.2722 150
-20.9967 0000 89.2987 137
-20.9590 0000 89.3086 131
-20.9198 0000 89.3061 134
-20.8803 0000 89.3015 117
-20.8414 0000 89.3010 104
-20.8024 0000 89.3006 108
-20.7644 0000 89.3084 95
-20.7277 0000 89.3266 93
-20.6890 0000 89.3283 107
-20.6483 0000 89.3133 138
-20.6091 0000 89.3108 158
-20.5701 0000 89.3104 136
-20.5324 0000 89.3203 117
-20.4962 0000 89.3427 122
-20.4577 0000 89.3464 111
-20.4202 0000 89.3584 105
-20.3856 0000 89.3953 117
-20.3434 0000 89.3679 146
-20.3015 0000 89.3426 208
-20.2606 0000 89.3256 176
-20.2224 0000 89.3314 144
-20.1861 0000 89.3538 135
-20.1473 0000 89.3554 112
-20.1088 0000 89.3592 95
-20.0701 0000 89.3608 82
-20.0326 0000 89.3728 81
-19.9936 0000 89.3724 92
-19.9567 0000 89.3907 129
-19.9180 0000 89.3923 208
-19.8809 0000 89.4085 256
-19.8412 0000 89.4019 258
-19.8022 0000 89.4015 226
-19.7632 0000 89.4011 168
-19.7242 0000 89.4006 154
-19.6852 0000 89.4002 145
-19.6455 0000 89.3936 148
-19.6039 0000 89.3703 124
-19.5647 0000 89.3679 104
-19.5264 0000 89.3737 86
-19.4897 0000 89.3940 86
-19.4512 0000 89.3978 94
-19.4131 0000 89.4057 103
-19.3741 0000 89.4053 116
-19.3344 0000 89.3986 132
-19.2973 0000 89.4148 123
-19.2590 0000 89.4206 115
-19.2206 0000 89.4265 107
-19.1802 0000 89.4136 120
-19.1410 0000 89.4111 116
-19.1022 0000 89.4128 88
-19.0664 0000 89.4415 70
-19.0279 0000 89.4452 76
-18.9909 0000 89.4635 81
-18.9523 0000 89.4672 81
-18.9144 0000 89.4772 80
-18.8788 0000 89.5080 101
-18.8427 0000 89.5346 119
-18.8043 0000 89.5405 138
-18.7650 0000 89.5380 120
-18.7253 0000 89.5313 90
-18.6851 0000 89.5205 90
-18.6452 0000 89.5118 105
-18.6024 0000 89.4761 98
-18.5615 0000 89.4590 88
-18.5218 0000 89.4524 87
-18.4828 0000 89.4520 83
-18.4447 0000 89.4599 88
-18.4065 0000 89.4678 91
-18.3679 0000 89.4715 89
-18.3291 0000 89.4732 106
-18.2929 0000 89.4998 128
-18.2540 0000 89.5015 123
-18.2161 0000 89.5115 113
-18.1783 0000 89.5235 152
-18.1408 0000 89.5377 208
-18.1017 0000 89.5373 223
-18.0635 0000 89.5452 180
-18.0255 0000 89.5552 168
-17.9867 0000 89.5568 166
-17.9480 0000 89.5606 166
-17.9085 0000 89.5560 191
-17.8671 0000 89.5327 210
-17.8276 0000 89.5281 248
-17.7900 0000 89.5423 272
-17.7518 0000 89.5502 213
-17.7182 0000 89.6039 156
-17.6806 0000 89.6180 140
-17.6430 0000 89.6322 148
-17.6033 0000 89.6255 140
-17.5635 0000 89.6189 131
-17.5229 0000 89.6038 134
-17.4847 0000 89.6118 141
-17.4468 0000 89.6238 145
-17.4090 0000 89.6359 101
-17.3701 0000 89.6376 89
-17.3312 0000 89.6392 107
-17.2921 0000 89.6388 121
-17.2533 0000 89.6425 121
-17.2148 0000 89.6483 119
-17.1763 0000 89.6541 136
-17.1376 0000 89.6579 168
-17.0983 0000 89.6554 162
-17.0592 0000 89.6549 148
-17.0204 0000 89.6586 151
-16.9815 0000 89.6603 133
-16.9422 0000 89.6578 103
-16.9028 0000 89.6552 84
-16.8641 0000 89.6590 73
-16.8254 0000 89.6627 71
-16.7899 0000 89.6998 74
-16.7489 0000 89.6806 86
-16.7094 0000 89.6760 95
-16.6694 0000 89.6672 105
-16.6263 0000 89.6250 162
-16.5843 0000 89.5954 265
-16.5446 0000 89.5887 307
-16.5059 0000 89.5924 231
-16.4689 0000 89.6149 170
-16.4329 0000 89.6478 171
-16.3940 0000 89.6494 160
-16.3550 0000 89.6511 159
-16.3168 0000 89.6610 156
-16.2794 0000 89.6794 125
-16.2422 0000 89.6998 113
-16.2023 0000 89.6910 140
-16.1621 0000 89.6801 218
-16.1216 0000 89.6650 225
-16.0815 0000 89.6542 189
-16.0425 0000 89.6558 145
-16.0049 0000 89.6720 124
-15.9678 0000 89.6945 110
-15.9296 0000 89.7045 96
-15.8910 0000 89.7103 105
-15.8532 0000 89.7245 107
-15.8138 0000 89.7219 88
-15.7746 0000 89.7215 85
-15.7358 0000 89.7252 95
-15.6951 0000 89.7080 101
-15.6553 0000 89.7013 104
-15.6165 0000 89.7050 112
-15.5788 0000 89.7213 147
-15.5413 0000 89.7396 153
-15.5019 0000 89.7371 144
-15.4646 0000 89.7575 167
-15.4276 0000 89.7821 178
-15.3890 0000 89.7879 187
-15.3499 0000 89.7896 175
-15.3113 0000 89.7954 162
-15.2728 0000 89.8033 165
-15.2339 0000 89.8070 184
-15.1945 0000 89.8045 189
-15.1549 0000 89.7999 174
-15.1150 0000 89.7910 163
-15.0752 0000 89.7843 187
-15.0349 0000 89.7713 269
-14.9951 0000 89.7646 316
-14.9552 0000 89.7558 340
-14.9160 0000 89.7554 378
-14.8776 0000 89.7654 380
-14.8388 0000 89.7691 403
-14.7999 0000 89.7728 370
-14.7612 0000 89.7787 290
-14.7235 0000 89.7970 238
-14.6873 0000 89.8321 277
-14.6495 0000 89.8484 271
-14.6106 0000 89.8521 260
-14.5718 0000 89.8580 240
-14.5331 0000 89.8638 222
-14.4945 0000 89.8717 199
-14.4586 0000 89.9111 202
-14.4202 0000 89.9211 225
-14.3807 0000 89.9186 224
-14.3426 0000 89.9328 197
-14.3035 0000 89.9344 203
-14.2642 0000 89.9340 204
-14.2255 0000 89.9399 176
-14.1864 0000 89.9415 142
-14.1466 0000 89.9348 149
-14.1071 0000 89.9323 132
-14.0663 0000 89.9130 98
-14.0268 0000 89.9105 89
-13.9892 0000 89.9310 92
-13.9494 0000 89.9243 122
-13.9103 0000 89.9259 125
-13.8717 0000 89.9339 121
-13.8324 0000 89.9334 132
-13.7942 0000 89.9477 138
-13.7543 0000 89.9389 159
-13.7122 0000 89.9028 181
-13.6732 0000 89.9066 208
-13.6343 0000 89.9104 215
-13.5948 0000 89.9079 208
-13.5554 0000 89.9053 231
-13.5157 0000 89.9007 277
-13.4763 0000 89.8982 280
-13.4391 0000 89.9250 207
-13.4023 0000 89.9581 169
-13.3633 0000 89.9619 146
-13.3243 0000 89.9657 145
-13.2849 0000 89.9631 173
-13.2455 0000 89.9627 210
-13.2062 0000 89.9623 214
-13.1667 0000 89.9598 192
-13.1273 0000 89.9573 165
-13.0881 0000 89.9590 134
-13.0502 0000 89.9774 131
-13.0126 0000 90.0001 179
-12.9731 0000 89.9975 194
-12.9334 0000 89.9929 176
-12.8926 0000 89.9716 154
-12.8545 0000 89.9879 150
-12.8165 0000 90.0064 183
-12.7776 0000 90.0123 234
-12.7389 0000 90.0203 292
-12.7001 0000 90.0282 302
-12.6611 0000 90.0320 258
-12.6216 0000 90.0295 214
-12.5823 0000 90.0291 211
-12.5431 0000 90.0308 218
-12.5041 0000 90.0367 219
-12.4652 0000 90.0426 207
-12.4259 0000 90.0422 181
-12.3879 0000 90.0607 192
-12.3500 0000 90.0813 288
-12.3129 0000 90.1145 322
-12.2749 0000 90.1330 350
-12.2365 0000 90.1473 357
-12.1955 0000 90.1238 245
-12.1543 0000 90.0961 188
-12.1139 0000 90.0810 181
-12.0738 0000 90.0701 196
-12.0346 0000 90.0718 173
-11.9974 0000 90.1029 129
-11.9602 0000 90.1361 139
-11.9227 0000 90.1630 144
-11.8837 0000 90.1690 131
-11.8449 0000 90.1770 110
-11.8069 0000 90.1976 102
-11.7669 0000 90.1888 102
-11.7256 0000 90.1590 125
-11.6837 0000 90.1208 151
-11.6442 0000 90.1183 164
-11.6050 0000 90.1200 132
-11.5657 0000 90.1217 98
-11.5267 0000 90.1277 92
-11.4905 0000 90.1756 93
-11.4544 0000 90.2278 90
-11.4154 0000 90.2337 87
-11.3736 0000 90.1955 99
-11.3307 0000 90.1404 123
-11.2905 0000 90.1275 138
-11.2486 0000 90.0872 158
-11.2094 0000 90.0889 179
-11.1697 0000 90.0843 183
-11.1302 0000 90.0818 171
-11.0914 0000 90.0899 142
-11.0536 0000 90.1147 142
-11.0146 0000 90.1206 184
-10.9763 0000 90.1391 190
-10.9386 0000 90.1661 181
-10.9014 0000 90.2014 146
-10.8627 0000 90.2137 158
-10.8238 0000 90.2217 184
-10.7847 0000 90.2255 185
-10.7451 0000 90.2230 159
-10.7051 0000 90.2122 134
-10.6637 0000 90.1781 125
-10.6227 0000 90.1504 170
-10.5839 0000 90.1606 222
-10.5455 0000 90.1770 295
-10.5072 0000 90.1956 269
-10.4700 0000 90.2330 203
-10.4310 0000 90.2411 183
-10.3908 0000 90.2260 182
-10.3521 0000 90.2382 188
-10.3128 0000 90.2399 200
-10.2743 0000 90.2564 200
-10.2353 0000 90.2623 192
-10.1957 0000 90.2598 156
-10.1564 0000 90.2616 130
-10.1177 0000 90.2738 125
-10.0789 0000 90.2840 125
-10.0394 0000 90.2836 112
-9.9994 0000 90.2727 88
-9.9581 0000 90.2387 78
-9.9187 0000 90.2383 74
-9.8798 0000 90.2463 76
-9.8410 0000 90.2586 87
-9.8040 0000 90.3024 100
-9.7645 0000 90.2999 111
-9.7248 0000 90.2953 117
-9.6854 0000 90.2949 129
-9.6465 0000 90.3051 174
-9.6083 0000 90.3278 222
-9.5692 0000 90.3338 262
-9.5300 0000 90.3376 263
-9.4907 0000 90.3393 269
-9.4516 0000 90.3453 266
-9.4124 0000 90.3512 231
-9.3750 0000 90.3888 188
-9.3361 0000 90.3989 161
-9.2965 0000 90.3964 161
-9.2566 0000 90.3876 205
-9.2169 0000 90.3830 316
-9.1770 0000 90.3721 491
-9.1372 0000 90.3654 524
-9.0966 0000 90.3418 397
-9.0565 0000 90.3288 273
-9.0167 0000 90.3221 172
-8.9774 0000 90.3238 146
-8.9382 0000 90.3277 175
-8.8994 0000 90.3399 211
-8.8620 0000 90.3817 204
-8.8239 0000 90.4087 184
-8.7866 0000 90.4526 188
-8.7473 0000 90.4564 200
-8.7080 0000 90.4581 223
-8.6685 0000 90.4577 254
-8.6289 0000 90.4552 247
-8.5895 0000 90.4570 202
-8.5503 0000 90.4608 154
-8.5113 0000 90.4709 122
-8.4730 0000 90.4959 122
-8.4334 0000 90.4934 112
-8.3938 0000 90.4888 134
-8.3538 0000 90.4778 180
-8.3132 0000 90.4521 254
-8.2729 0000 90.4349 334
-8.2324 0000 90.4113 397
-8.1925 0000 90.4004 519
-8.1533 0000 90.4063 549
-8.1140 0000 90.4102 548
-8.0752 0000 90.4245 476
-8.0366 0000 90.4431 477
-7.9972 0000 90.4449 458
-7.9578 0000 90.4445 460
-7.9186 0000 90.4504 478
-7.8791 0000 90.4500 465
-7.8398 0000 90.4539 370
-7.8007 0000 90.4619 280
-7.7614 0000 90.4658 220
-7.7218 0000 90.4612 154
-7.6831 0000 90.4798 106
-7.6441 0000 90.4899 77
-7.6073 0000 90.5550 83
-7.5689 0000 90.5800 126
-7.5294 0000 90.5796 199
-7.4897 0000 90.5750 269
-7.4498 0000 90.5661 333
-7.4102 0000 90.5637 341
-7.3707 0000 90.5633 282
-7.3308 0000 90.5523 245
-7.2922 0000 90.5731 175
-7.2529 0000 90.5791 149
-7.2130 0000 90.5681 186
-7.1735 0000 90.5677 263
-7.1346 0000 90.5822 288
-7.0956 0000 90.5966 256
-7.0568 0000 90.6131 235
-7.0178 0000 90.6275 177
-6.9784 0000 90.6293 151
-6.9384 0000 90.6183 146
-6.8992 0000 90.6243 136
-6.8598 0000 90.6282 120
-6.8204 0000 90.6299 108
-6.7815 0000 90.6486 102
-6.7419 0000 90.6461 103
-6.7024 0000 90.6457 103
-6.6629 0000 90.6454 103
-6.6242 0000 90.6704 121
-6.5856 0000 90.6954 121
-6.5465 0000 90.7077 116
-6.5073 0000 90.7180 109
-6.4685 0000 90.7388 112
-6.4299 0000 90.7638 105
-6.3906 0000 90.7719 109
-6.3512 0000 90.7758 108
-6.3120 0000 90.7882 116
-6.2724 0000 90.7857 117
-6.2330 0000 90.7917 126
-6.1937 0000 90.7998 145
-6.1549 0000 90.8206 135
-6.1154 0000 90.8245 105
-6.0748 0000 90.7924 87
-6.0344 0000 90.7645 112
-5.9950 0000 90.7705 129
-5.9556 0000 90.7765 161
-5.9161 0000 90.7783 177
-5.8768 0000 90.7864 231
-5.8379 0000 90.8072 309
-5.7985 0000 90.8111 346
-5.7593 0000 90.8256 322
-5.7192 0000 90.8083 232
-5.6793 0000 90.7974 203
-5.6397 0000 90.7949 209
-5.6002 0000 90.7988 228
-5.5609 0000 90.8048 244
-5.5214 0000 90.8087 240
-5.4817 0000 90.8041 226
-5.4416 0000 90.7868 240
-5.4014 0000 90.7632 297
-5.3619 0000 90.7671 297
-5.3224 0000 90.7688 262
-5.2827 0000 90.7621 240
-5.2430 0000 90.7576 227
-5.2035 0000 90.7615 224
-5.1640 0000 90.7611 254
-5.1243 0000 90.7587 281
-5.0848 0000 90.7583 280
-5.0452 0000 90.7601 261
-5.0057 0000 90.7597 223
-4.9663 0000 90.7679 192
-4.9271 0000 90.7824 190
-4.8885 0000 90.8223 228
-4.8490 0000 90.8241 307
-4.8095 0000 90.8259 341
-4.7698 0000 90.8234 286
-4.7300 0000 90.8146 232
-4.6903 0000 90.8079 214
-4.6508 0000 90.8139 198
-4.6114 0000 90.8220 215
-4.5720 0000 90.8281 254
-4.5327 0000 90.8383 277
-4.4930 0000 90.8359 278
-4.4533 0000 90.8292 249
-4.4136 0000 90.8267 207
-4.3742 0000 90.8327 179
-4.3352 0000 90.8621 179
-4.2964 0000 90.8978 273
-4.2571 0000 90.9123 408
-4.2176 0000 90.9184 502
-4.1782 0000 90.9286 423
-4.1386 0000 90.9283 313
-4.0986 0000 90.9088 248
-4.0585 0000 90.8852 236
-4.0188 0000 90.8827 266
-3.9792 0000 90.8824 296
-3.9396 0000 90.8799 302
-3.9001 0000 90.8838 275
-3.8605 0000 90.8856 259
-3.8209 0000 90.8853 257
-3.7813 0000 90.8849 236
-3.7417 0000 90.8846 201
-3.7020 0000 90.8842 172
-3.6629 0000 90.9115 151
-3.6235 0000 90.9218 141
-3.5842 0000 90.9427 157
-3.5443 0000 90.9232 190
-3.5042 0000 90.8974 153
-3.4643 0000 90.8801 111
-3.4237 0000 90.8182 92
-3.3830 0000 90.7501 98
-3.3429 0000 90.7158 117
-3.3033 0000 90.7134 117
-3.2642 0000 90.7427 126
-3.2252 0000 90.7805 179
-3.1860 0000 90.8077 286
-3.1465 0000 90.8159 336
-3.1072 0000 90.8346 316
-3.0677 0000 90.8364 315
-3.0280 0000 90.8339 299
-2.9881 0000 90.8124 316
-2.9482 0000 90.7909 317
-2.9087 0000 90.7905 330
-2.8694 0000 90.8135 334
-2.8299 0000 90.8217 286
-2.7905 0000 90.8425 252
-2.7509 0000 90.8422 337
-2.7113 0000 90.8419 496
-2.6717 0000 90.8436 632
-2.6322 0000 90.8475 707
-2.5926 0000 90.8536 711
-2.5531 0000 90.8554 632
-2.5134 0000 90.8529 524
-2.4736 0000 90.8314 458
-2.4339 0000 90.8204 319
-2.3943 0000 90.8222 197
-2.3551 0000 90.8643 134
-2.3156 0000 90.8746 127
-2.2760 0000 90.8785 147
-2.2364 0000 90.8782 165
-2.1968 0000 90.8821 154
-2.1572 0000 90.8754 127
-2.1174 0000 90.8623 123
-2.0778 0000 90.8620 133
-2.0382 0000 90.8638 135
-1.9989 0000 90.8953 137
-1.9595 0000 90.9289 160
-1.9200 0000 90.9392 179
-1.8804 0000 90.9431 215
-1.8407 0000 90.9449 236
-1.8011 0000 90.9467 227
-1.7616 0000 90.9634 200
-1.7218 0000 90.9375 213
-1.6821 0000 90.9287 228
-1.6425 0000 90.9263 270
-1.6030 0000 90.9451 279
-1.5634 0000 90.9554 278
-1.5238 0000 90.9678 265
-1.4844 0000 91.0163 246
-1.4448 0000 91.0245 208
-1.4051 0000 91.0199 172
-1.3654 0000 90.9920 170
-1.3256 0000 90.9662 169
-1.2860 0000 90.9637 183
-1.2463 0000 90.9676 178
-1.2067 0000 90.9694 162
-1.1670 0000 90.9521 167
-1.1274 0000 90.9539 156
-1.0879 0000 90.9961 136
-1.0482 0000 91.0107 124
-1.0086 0000 91.0167 141
-0.9690 0000 91.0377 192
-0.9294 0000 91.0522 198
-0.8897 0000 91.0370 183
-0.8500 0000 91.0580 183
-0.8104 0000 91.0726 173
-0.7707 0000 91.0999 148
-0.7311 0000 91.1124 134
-0.6914 0000 91.1376 154
-0.6517 0000 91.1437 178
-0.6120 0000 91.1412 193
-0.5724 0000 91.1388 208
-0.5327 0000 91.1406 225
-0.4930 0000 91.1424 254
-0.4533 0000 91.1442 309
-0.4136 0000 91.1460 357
-0.3740 0000 91.1350 360
-0.3344 0000 91.1028 343
-0.2948 0000 91.0727 415
-0.2551 0000 91.0617 418
-0.2155 0000 91.0593 354
-0.1758 0000 91.0632 241
-0.1361 0000 91.0693 144
-0.0963 0000 91.0988 96
-0.0566 0000 91.1304 86
-0.0169 0000 91.1365 86
0.0228 0000 91.1319 94
0.0624 0000 91.1209 102
0.1021 0000 91.1121 121
0.1417 0000 91.1075 142
0.1812 0000 91.0710 153
0.2208 0000 91.0664 153
0.2605 0000 91.0683 133
0.3004 0000 91.1148 108
0.3402 0000 91.1294 93
0.3801 0000 91.1631 90
0.4200 0000 91.1926 85
0.4596 0000 91.1923 89
0.4993 0000 91.1920 88
0.5391 0000 91.1959 86
0.5788 0000 91.2020 96
0.6185 0000 91.2017 118
0.6582 0000 91.2035 155
0.6979 0000 91.2096 199
0.7376 0000 91.2114 240
0.7773 0000 91.2090 261
0.8169 0000 91.2022 242
0.8566 0000 91.1998 207
0.8964 0000 91.2101 178
0.9363 0000 91.2354 170
0.9761 0000 91.2393 160
1.0157 0000 91.2369 185
1.0554 0000 91.2302 244
1.0952 0000 91.2426 231
1.1349 0000 91.2445 179
1.1744 0000 91.2271 144
1.2141 0000 91.2246 121
1.2538 0000 91.2264 116
1.2937 0000 91.2474 117
1.3334 0000 91.2471 126
1.3731 0000 91.2489 132
1.4129 0000 91.2507 131
1.4526 0000 91.2525 122
1.4922 0000 91.2501 126
1.5320 0000 91.2540 141
1.5720 0000 91.2793 142
1.6117 0000 91.2768 150
1.6511 0000 91.2552 171
1.6907 0000 91.2506 182
1.7304 0000 91.2481 191
1.7701 0000 91.2457 191
1.8095 0000 91.2261 196
1.8490 0000 91.2152 179
1.8890 0000 91.2340 172
1.9289 0000 91.2486 186
1.9687 0000 91.2547 186
2.0084 0000 91.2565 177
2.0479 0000 91.2434 168
2.0873 0000 91.2281 172
2.1264 0000 91.1894 196
2.1660 0000 91.1891 214
2.2061 0000 91.2122 196
2.2462 0000 91.2353 200
2.2860 0000 91.2414 192
2.3259 0000 91.2539 184
2.3660 0000 91.2791 186
2.4056 0000 91.2767 182
2.4449 0000 91.2550 182
2.4845 0000 91.2504 197
2.5242 0000 91.2479 202
2.5637 0000 91.2391 194
2.6034 0000 91.2388 195
2.6432 0000 91.2470 237
2.6829 0000 91.2445 322
2.7225 0000 91.2420 390
2.7622 0000 91.2460 387
2.8024 0000 91.2712 329
2.8425 0000 91.2880 310
2.8832 0000 91.3410 311
2.9230 0000 91.3428 310
2.9625 0000 91.3360 284
3.0016 0000 91.3058 286
3.0410 0000 91.2927 280
3.0806 0000 91.2881 263
3.1204 0000 91.2921 258
3.1602 0000 91.2981 251
3.1999 0000 91.2999 248
3.2395 0000 91.2975 254
3.2792 0000 91.2972 238
3.3190 0000 91.3032 221
3.3589 0000 91.3093 215
3.3985 0000 91.3068 199
3.4379 0000 91.2959 188
3.4773 0000 91.2849 196
3.5160 0000 91.2419 232
3.5556 0000 91.2394 281
3.5953 0000 91.2413 312
3.6350 0000 91.2431 322
3.6746 0000 91.2406 314
3.7141 0000 91.2339 305
3.7537 0000 91.2314 299
3.7928 0000 91.2098 272
3.8323 0000 91.2031 265
3.8706 0000 91.1538 260
3.9107 0000 91.1727 257
3.9505 0000 91.1766 277
3.9909 0000 91.2061 296
4.0308 0000 91.2143 274
4.0713 0000 91.2438 243
4.1112 0000 91.2520 217
4.1521 0000 91.2965 229
4.1918 0000 91.3004 269
4.2315 0000 91.3001 317
4.2710 0000 91.2955 339
4.3105 0000 91.2888 339
4.3503 0000 91.2928 314
4.3901 0000 91.2967 273
4.4298 0000 91.2985 237
4.4695 0000 91.3004 212
4.5099 0000 91.3256 193
4.5504 0000 91.3531 210
4.5903 0000 91.3591 214
4.6301 0000 91.3631 216
4.6697 0000 91.3628 226
4.7093 0000 91.3582 265
4.7488 0000 91.3536 344
4.7884 0000 91.3512 403
4.8283 0000 91.3594 378
4.8684 0000 91.3719 341
4.9082 0000 91.3759 312
4.9484 0000 91.3926 256
4.9882 0000 91.3945 258
5.0278 0000 91.3942 292
5.0669 0000 91.3768 363
5.1067 0000 91.3786 423
5.1466 0000 91.3847 467
5.1872 0000 91.4143 453
5.2271 0000 91.4183 402
5.2661 0000 91.3987 325
5.3056 0000 91.3942 293
5.3452 0000 91.3917 287
5.3848 0000 91.3893 309
5.4251 0000 91.4082 357
5.4652 0000 91.4186 348
5.5051 0000 91.4268 304
5.5448 0000 91.4265 263
5.5843 0000 91.4220 257
5.6239 0000 91.4195 269
5.6635 0000 91.4171 301
5.7032 0000 91.4168 369
5.7429 0000 91.4165 441
5.7826 0000 91.4183 449
5.8224 0000 91.4223 387
5.8624 0000 91.4284 310
5.9019 0000 91.4260 233
5.9416 0000 91.4257 170
5.9815 0000 91.4318 170
6.0215 0000 91.4401 232
6.0619 0000 91.4569 271
6.1015 0000 91.4544 293
6.1408 0000 91.4456 300
6.1804 0000 91.4432 302
6.2204 0000 91.4514 309
6.2613 0000 91.4811 360
6.3014 0000 91.4893 408
6.3410 0000 91.4890 427
6.3808 0000 91.4909 404
6.4214 0000 91.5120 356
6.4613 0000 91.5160 379
6.5011 0000 91.5200 405
6.5413 0000 91.5304 404
6.5815 0000 91.5408 393
6.6230 0000 91.5833 372
6.6631 0000 91.5915 334
6.7028 0000 91.5913 298
6.7423 0000 91.5867 268
6.7818 0000 91.5821 246
6.8207 0000 91.5626 251
6.8605 0000 91.5645 244
6.9003 0000 91.5663 253
6.9402 0000 91.5703 287
6.9799 0000 91.5700 300
7.0204 0000 91.5869 292
7.0612 0000 91.6101 238
7.1014 0000 91.6206 232
7.1416 0000 91.6310 231
7.1815 0000 91.6350 241
7.2213 0000 91.6369 243
7.2618 0000 91.6537 208
7.3018 0000 91.6577 230
7.3416 0000 91.6596 235
7.3820 0000 91.6743 218
7.4217 0000 91.6719 223
7.4621 0000 91.6866 232
7.5038 0000 91.7271 220
7.5450 0000 91.7568 239
7.5850 0000 91.7608 249
7.6249 0000 91.7649 266
7.6648 0000 91.7667 279
7.7047 0000 91.7708 257
7.7465 0000 91.8112 207
7.7870 0000 91.8260 164
7.8272 0000 91.8343 143
7.8682 0000 91.8577 169
7.9091 0000 91.8810 182
7.9497 0000 91.8958 181
7.9900 0000 91.9062 172
8.0299 0000 91.9081 191
8.0711 0000 91.9358 197
8.1117 0000 91.9506 180
8.1521 0000 91.9632 160
8.1919 0000 91.9629 136
8.2315 0000 91.9584 134
8.2713 0000 91.9581 153
8.3112 0000 91.9600 153
8.3520 0000 91.9791 136
8.3932 0000 92.0046 111
8.4303 0000 91.9549 121
8.4702 0000 91.9568 134
8.5099 0000 91.9544 139
8.5494 0000 91.9498 144
8.5892 0000 91.9496 155
8.6292 0000 91.9536 165
8.6689 0000 91.9512 195
8.7084 0000 91.9466 220
8.7484 0000 91.9507 216
8.7881 0000 91.9483 198
8.8272 0000 91.9351 160
8.8643 0000 91.8876 116
8.9017 0000 91.8465 88
8.9369 0000 91.7647 82
8.9736 0000 91.7109 103
9.0136 0000 91.7170 122
9.0555 0000 91.7532 124
9.0972 0000 91.7873 128
9.1390 0000 91.8235 157
9.1806 0000 91.8554 175
9.2220 0000 91.8831 214
9.2621 0000 91.8893 206
9.3044 0000 91.9320 175
9.3466 0000 91.9725 154
9.3883 0000 92.0045 170
9.4283 0000 92.0086 169
9.4680 0000 92.0062 155
9.5075 0000 92.0016 146
9.5471 0000 91.9992 151
9.5856 0000 91.9774 151
9.6256 0000 91.9815 185
9.6667 0000 92.0027 244
9.7066 0000 92.0046 253
9.7463 0000 92.0022 227
9.7866 0000 92.0105 175
9.8273 0000 92.0253 136
9.8684 0000 92.0466 138
9.9083 0000 92.0485 142
9.9485 0000 92.0547 147
9.9884 0000 92.0566 147
10.0279 0000 92.0520 156
10.0690 0000 92.0711 163
10.1090 0000 92.0751 175
10.1503 0000 92.0986 202
10.1916 0000 92.1220 205
10.2318 0000 92.1282 215
10.2709 0000 92.1172 207
10.3104 0000 92.1126 234
10.3505 0000 92.1167 244
10.3902 0000 92.1142 268
10.4283 0000 92.0882 343
10.4680 0000 92.0879 370
10.5087 0000 92.1006 415
10.5486 0000 92.1025 440
10.5881 0000 92.0979 400
10.6273 0000 92.0890 329
10.6668 0000 92.0845 282
10.7063 0000 92.0799 258
10.7458 0000 92.0754 208
10.7852 0000 92.0708 170
10.8252 0000 92.0727 171
10.8651 0000 92.0746 207
10.9045 0000 92.0701 253
10.9430 0000 92.0504 275
10.9808 0000 92.0222 212
11.0200 0000 92.0134 192
11.0599 0000 92.0153 194
11.1002 0000 92.0236 208
11.1425 0000 92.0600 217
11.1828 0000 92.0662 217
11.2228 0000 92.0702 193
11.2633 0000 92.0807 179
11.3046 0000 92.1020 186
11.3447 0000 92.1061 213
11.3851 0000 92.1144 219
11.4264 0000 92.1357 224
11.4663 0000 92.1376 198
11.5060 0000 92.1352 175
11.5459 0000 92.1372 166
11.5864 0000 92.1477 164
11.6284 0000 92.1776 153
11.6685 0000 92.1817 158
11.7094 0000 92.1965 193
11.7493 0000 92.1984 215
11.7890 0000 92.1960 219
11.8284 0000 92.1915 236
11.8668 0000 92.1719 225
11.9062 0000 92.1673 206
11.9444 0000 92.1456 225
11.9833 0000 92.1346 272
12.0218 0000 92.1171 292
12.0630 0000 92.1363 317
12.1033 0000 92.1425 295
12.1448 0000 92.1660 264
12.1869 0000 92.1959 284
12.2293 0000 92.2301 276
12.2696 0000 92.2364 290
12.3094 0000 92.2362 286
12.3488 0000 92.2316 261
12.3839 0000 92.1711 236
12.4170 0000 92.0847 255
12.4515 0000 92.0178 290
12.4904 0000 92.0069 274
12.5308 0000 92.0152 195
12.5780 0000 92.1097 140
12.6255 0000 92.2085 150
12.6660 0000 92.2169 164
12.7086 0000 92.2533 166
12.7489 0000 92.2596 152
12.7887 0000 92.2593 125
12.8269 0000 92.2397 106
12.8663 0000 92.2352 97
12.9061 0000 92.2350 107
12.9459 0000 92.2347 106
12.9872 0000 92.2539 108
13.0292 0000 92.2817 93
13.0753 0000 92.3592 83
13.1206 0000 92.4259 94
13.1632 0000 92.4602 102
13.2034 0000 92.4643 104
13.2396 0000 92.4209 113
13.2739 0000 92.3538 126
13.3117 0000 92.3298 145
13.3518 0000 92.3339 160
13.3916 0000 92.3337 188
13.4310 0000 92.3291 224
13.4708 0000 92.3289 258
13.5104 0000 92.3265 281
13.5492 0000 92.3155 312
13.5884 0000 92.3089 355
13.6276 0000 92.3022 315
13.6692 0000 92.3235 282
13.7116 0000 92.3535 212
13.7528 0000 92.3705 184
13.7948 0000 92.3962 188
13.8349 0000 92.4003 181
13.8751 0000 92.4044 160
13.9169 0000 92.4279 126
13.9593 0000 92.4579 118
13.9994 0000 92.4620 110
14.0392 0000 92.4618 106
14.0795 0000 92.4681 102
14.1221 0000 92.5003 110
14.1621 0000 92.5022 127
14.2002 0000 92.4825 148
14.2398 0000 92.4801 175
14.2815 0000 92.5015 173
14.3235 0000 92.5272 176
14.3635 0000 92.5291 156
14.4033 0000 92.5289 147
14.4431 0000 92.5287 143
14.4805 0000 92.5025 130
14.5180 0000 92.4764 139
14.5573 0000 92.4718 148
14.5971 0000 92.4716 152
14.6372 0000 92.4757 140
14.6772 0000 92.4776 130
14.7191 0000 92.5011 120
14.7612 0000 92.5268 124
14.8014 0000 92.5309 125
14.8419 0000 92.5393 142
14.8823 0000 92.5456 154
14.9222 0000 92.5475 143
14.9620 0000 92.5472 147
15.0019 0000 92.5492 151
15.0435 0000 92.5684 127
15.0832 0000 92.5681 90
15.1228 0000 92.5657 84
15.1624 0000 92.5633 95
15.2019 0000 92.5609 109
15.2394 0000 92.5369 121
15.2790 0000 92.5345 152
15.3187 0000 92.5342 187
15.3566 0000 92.5146 196
15.3957 0000 92.5078 194
15.4353 0000 92.5054 198
15.4754 0000 92.5095 208
15.5180 0000 92.5395 217
15.5610 0000 92.5738 195
15.6041 0000 92.6082 198
15.6471 0000 92.6425 194
15.6900 0000 92.6748 157
15.7323 0000 92.7005 157
15.7720 0000 92.7002 141
15.8116 0000 92.6978 120
15.8488 0000 92.6716 103
15.8860 0000 92.6454 110
15.9253 0000 92.6408 128
15.9649 0000 92.6384 163
16.0046 0000 92.6381 172
16.0467 0000 92.6616 205
16.0872 0000 92.6700 215
16.1293 0000 92.6936 202
16.1708 0000 92.7107 192
16.2133 0000 92.7385 197
16.2533 0000 92.7404 188
16.2928 0000 92.7380 175
16.3321 0000 92.7334 172
16.3716 0000 92.7310 162
16.4114 0000 92.7307 144
16.4515 0000 92.7348 141
16.4913 0000 92.7346 144
16.5314 0000 92.7386 135
16.5740 0000 92.7665 136
16.6166 0000 92.7944 122
16.6570 0000 92.8007 106
16.6969 0000 92.8026 98
16.7360 0000 92.7958 108
16.7707 0000 92.7457 130
16.8093 0000 92.7346 146
16.8432 0000 92.6781 152
16.8818 0000 92.6670 165
16.9215 0000 92.6667 186
16.9615 0000 92.6686 207
17.0012 0000 92.6684 211
17.0411 0000 92.6703 195
17.0830 0000 92.6916 167
17.1236 0000 92.7000 155
17.1656 0000 92.7214 162
17.2053 0000 92.7211 177
17.2452 0000 92.7230 192
17.2831 0000 92.7054 202
17.3225 0000 92.7030 224
17.3631 0000 92.7114 228
17.4037 0000 92.7198 178
17.4446 0000 92.7303 126
17.4845 0000 92.7322 96
17.5242 0000 92.7320 85
17.5696 0000 92.7858 79
17.6100 0000 92.7920 76
17.6495 0000 92.7896 77
17.6887 0000 92.7850 77
17.7284 0000 92.7847 78
17.7677 0000 92.7801 86
17.8069 0000 92.7755 100
17.8468 0000 92.7774 112
17.8865 0000 92.7771 134
17.9269 0000 92.7834 162
17.9673 0000 92.7896 189
18.0074 0000 92.7936 219
18.0473 0000 92.7955 237
18.0872 0000 92.7974 230
18.1274 0000 92.8015 219
18.1678 0000 92.8077 220
18.2094 0000 92.8248 202
18.2515 0000 92.8462 214
18.2921 0000 92.8546 211
18.3354 0000 92.8868 186
18.3760 0000 92.8952 180
18.4155 0000 92.8927 174
18.4547 0000 92.8881 154
18.4949 0000 92.8922 126
18.5375 0000 92.9179 117
18.5771 0000 92.9177 110
18.6142 0000 92.8935 118
18.6514 0000 92.8716 121
18.6903 0000 92.8648 153
18.7293 0000 92.8580 204
18.7679 0000 92.8491 249
18.8071 0000 92.8445 299
18.8468 0000 92.8442 347
18.8864 0000 92.8440 379
18.9268 0000 92.8502 391
18.9675 0000 92.8586 373
19.0096 0000 92.8800 306
19.0500 0000 92.8862 250
19.0897 0000 92.8859 198
19.1291 0000 92.8835 181
19.1680 0000 92.8767 184
19.2049 0000 92.8526 210
19.2445 0000 92.8523 229
19.2834 0000 92.8456 239
19.3203 0000 92.8215 215
19.3596 0000 92.8190 184
19.3993 0000 92.8188 155
19.4384 0000 92.8142 146
19.4760 0000 92.7966 155
19.5192 0000 92.8266 146
19.5629 0000 92.8610 170
19.6038 0000 92.8716 182
19.6486 0000 92.9147 170
19.6895 0000 92.9252 156
19.7297 0000 92.9293 162
19.7716 0000 92.9486 167
19.8121 0000 92.9548 179
19.8525 0000 92.9611 186
19.8942 0000 92.9781 193
19.9344 0000 92.9822 169
19.9740 0000 92.9820 152
20.0126 0000 92.9730 168
20.0488 0000 92.9446 186
20.0861 0000 92.9248 213
20.1223 0000 92.8963 259
20.1598 0000 92.8788 275
20.1986 0000 92.8720 300
20.2366 0000 92.8587 322
20.2767 0000 92.8628 320
20.3169 0000 92.8669 337
20.3567 0000 92.8688 346
20.3963 0000 92.8686 317
20.4354 0000 92.8640 255
20.4742 0000 92.8572 199
20.5132 0000 92.8526 166
20.5555 0000 92.8740 160
20.5959 0000 92.8803 179
20.6366 0000 92.8887 188
20.6821 0000 92.9362 191
20.7220 0000 92.9381 195
20.7611 0000 92.9335 208
20.8004 0000 92.9311 231
20.8400 0000 92.9309 234
20.8812 0000 92.9436 210
20.9244 0000 92.9716 204
20.9643 0000 92.9735 199
21.0041 0000 92.9755 208
21.0440 0000 92.9774 208
21.0833 0000 92.9750 180
21.1187 0000 92.9422 163
21.1572 0000 92.9333 196
21.1946 0000 92.9157 268
21.2336 0000 92.9112 296
21.2720 0000 92.9023 268
21.3093 0000 92.8847 231
21.3525 0000 92.9127 255
21.3932 0000 92.9211 254
21.4336 0000 92.9274 240
21.4757 0000 92.9467 188
21.5193 0000 92.9769 165
21.5605 0000 92.9897 173
21.6010 0000 92.9960 187
21.6408 0000 92.9979 169
21.6801 0000 92.9955 153
21.7194 0000 92.9931 145
21.7587 0000 92.9908 138
21.8014 0000 93.0144 124
21.8447 0000 93.0425 118
21.8854 0000 93.0509 108
21.9253 0000 93.0529 107
21.9646 0000 93.0505 107
22.0038 0000 93.0482 111
22.0443 0000 93.0545 130
22.0868 0000 93.0760 155
22.1269 0000 93.0802 176
22.1700 0000 93.1061 200
22.2110 0000 93.1167 214
22.2503 0000 93.1144 212
22.2896 0000 93.1120 185
22.3291 0000 93.1118 148
22.3687 0000 93.1116 129
22.4085 0000 93.1136 131
22.4484 0000 93.1156 138
22.4888 0000 93.1220 136
22.5349 0000 93.1696 137
22.5751 0000 93.1738 150
22.6153 0000 93.1780 147
22.6560 0000 93.1865 130
22.6965 0000 93.1928 118
22.7360 0000 93.1927 120
22.7750 0000 93.1882 125
22.8136 0000 93.1815 117
22.8523 0000 93.1748 120
22.8921 0000 93.1768 132
22.9317 0000 93.1766 131
22.9715 0000 93.1787 126
23.0144 0000 93.2024 131
23.0582 0000 93.2327 122
23.0996 0000 93.2456 131
23.1406 0000 93.2563 139
23.1863 0000 93.2997 137
23.2234 0000 93.2821 147
23.2633 0000 93.2841 133
23.2988 0000 93.2557 106
23.3375 0000 93.2490 97
23.3773 0000 93.2511 100
23.4171 0000 93.2531 110
23.4561 0000 93.2486 115
23.4953 0000 93.2463 118
23.5351 0000 93.2483 122
23.5756 0000 93.2547 121
23.6151 0000 93.2546 113
23.6537 0000 93.2479 105
23.6886 0000 93.2152 104
23.7275 0000 93.2107 101
23.7704 0000 93.2345 103
23.8099 0000 93.2343 113
23.8491 0000 93.2320 116
23.8896 0000 93.2384 112
23.9369 0000 93.2926 104
23.9783 0000 93.3055 98
24.0219 0000 93.3337 105
24.0614 0000 93.3335 111
24.1051 0000 93.3617 109
24.1449 0000 93.3637 120
24.1841 0000 93.3614 137
24.2236 0000 93.3613 153
24.2632 0000 93.3611 166
24.3027 0000 93.3610 176
24.3419 0000 93.3587 170
24.3782 0000 93.3368 157
24.4149 0000 93.3172 114
24.4544 0000 93.3170 95
24.4942 0000 93.3191 91
24.5337 0000 93.3190 91
24.5733 0000 93.3188 91
24.6128 0000 93.3187 97
24.6516 0000 93.3142 110
24.6908 0000 93.3120 116
24.7300 0000 93.3097 115
24.7692 0000 93.3074 115
24.8096 0000 93.3138 112
24.8501 0000 93.3202 111
24.8899 0000 93.3222 112
24.9298 0000 93.3243 118
24.9741 0000 93.3567 140
25.0178 0000 93.3848 134
25.0583 0000 93.3912 129
25.0985 0000 93.3954 134
25.1422 0000 93.4235 172
25.1850 0000 93.4451 193
25.2248 0000 93.4472 215
25.2640 0000 93.4449 215
25.3036 0000 93.4447 204
25.3434 0000 93.4468 191
25.3832 0000 93.4488 179
