wt=151597223, DLLFiFo=0
-27.5522 0000 105.5615 137
-27.5090 0000 105.5563 131
-27.4698 0000 105.5786 104
-27.4284 0000 105.5859 87
-27.3884 0000 105.6031 90
-27.3513 0000 105.6403 105
-27.3089 0000 105.6402 102
-27.2643 0000 105.6250 94
-27.2122 0000 105.5575 103
-27.1687 0000 105.5498 119
-27.1262 0000 105.5496 116
-27.0841 0000 105.5519 93
-27.0424 0000 105.5567 77
-26.9988 0000 105.5490 75
-26.9638 0000 105.6012 76
-26.9217 0000 105.6035 83
-26.8841 0000 105.6382 84
-26.8525 0000 105.7154 108
-26.8117 0000 105.7277 141
-26.7706 0000 105.7375 156
-26.7382 0000 105.8097 154
-26.7023 0000 105.8570 141
-26.6640 0000 105.8868 150
-26.6208 0000 105.8816 148
-26.5779 0000 105.8789 152
-26.5346 0000 105.8737 156
-26.4876 0000 105.8410 150
-26.4437 0000 105.8308 155
-26.4004 0000 105.8256 163
-26.3521 0000 105.7829 174
-26.3164 0000 105.8327 188
-26.2749 0000 105.8400 197
-26.2378 0000 105.8798 184
-26.1997 0000 105.9121 181
-26.1568 0000 105.9094 169
-26.1136 0000 105.9042 168
-26.0717 0000 105.9090 178
-26.0305 0000 105.9188 178
-25.9890 0000 105.9261 169
-25.9460 0000 105.9233 160
-25.9062 0000 105.9431 154
-25.8646 0000 105.9504 131
-25.8230 0000 105.9577 122
-25.7811 0000 105.9625 122
-25.7463 0000 106.0199 123
-25.7040 0000 106.0222 128
-25.6617 0000 106.0244 142
-25.6245 0000 106.0643 149
-25.5876 0000 106.1067 167
-25.5459 0000 106.1140 175
-25.5043 0000 106.1213 173
-25.4620 0000 106.1236 165
-25.4197 0000 106.1258 162
-25.3777 0000 106.1306 159
-25.3384 0000 106.1555 142
-25.2987 0000 106.1778 149
-25.2567 0000 106.1826 152
-25.2180 0000 106.2125 154
-25.1753 0000 106.2122 185
-25.1330 0000 106.2145 218
-25.0916 0000 106.2243 230
-25.0496 0000 106.2291 218
-25.0069 0000 106.2289 197
-24.9655 0000 106.2387 183
-24.9313 0000 106.3037 196
-24.8977 0000 106.3738 212
-24.8524 0000 106.3535 200
-24.8054 0000 106.3206 200
-24.7578 0000 106.2827 172
-24.7099 0000 106.2422 153
-24.6672 0000 106.2420 154
-24.6290 0000 106.2769 161
-24.5866 0000 106.2792 160
-24.5477 0000 106.3091 166
-24.5056 0000 106.3138 161
-24.4632 0000 106.3161 152
-24.4214 0000 106.3234 151
-24.3828 0000 106.3558 170
-24.3397 0000 106.3530 186
-24.2960 0000 106.3452 194
-24.2529 0000 106.3425 195
-24.2102 0000 106.3422 196
-24.1668 0000 106.3369 203
-24.1205 0000 106.3090 210
-24.0781 0000 106.3113 231
-24.0353 0000 106.3110 235
-23.9919 0000 106.3058 213
-23.9488 0000 106.3030 185
-23.9070 0000 106.3103 184
-23.8736 0000 106.3854 192
-23.8314 0000 106.3902 205
-23.7839 0000 106.3522 220
-23.7321 0000 106.2791 232
-23.6887 0000 106.2738 238
-23.6493 0000 106.3012 252
-23.6078 0000 106.3109 244
-23.5727 0000 106.3735 217
-23.5317 0000 106.3883 173
-23.4883 0000 106.3830 130
-23.4323 0000 106.2747 115
-23.3889 0000 106.2694 107
-23.3467 0000 106.2742 96
-23.3079 0000 106.3066 100
-23.2617 0000 106.2787 108
-23.2192 0000 106.2809 132
-23.1843 0000 106.3460 165
-23.1466 0000 106.3884 201
-23.1047 0000 106.3957 247
-23.0610 0000 106.3879 283
-23.0178 0000 106.3851 305
-22.9795 0000 106.4226 284
-22.9427 0000 106.4727 268
-22.9043 0000 106.5102 226
-22.8656 0000 106.5451 211
-22.8275 0000 106.5852 191
-22.7927 0000 106.6530 187
-22.7546 0000 106.6931 181
-22.7159 0000 106.7282 182
-22.6726 0000 106.7254 177
-22.6226 0000 106.6646 166
-22.5790 0000 106.6592 148
-22.5394 0000 106.6867 146
-22.4932 0000 106.6587 159
-22.4497 0000 106.6534 165
-22.4065 0000 106.6506 169
-22.3627 0000 106.6428 181
-22.3168 0000 106.6173 188
-22.2739 0000 106.6170 190
-22.2304 0000 106.6117 172
-22.1834 0000 106.5761 153
-22.1349 0000 106.5280 118
-22.0865 0000 106.4798 107
-22.0393 0000 106.4418 92
-21.9929 0000 106.4113 81
-21.9503 0000 106.4136 97
-21.9184 0000 106.5090 102
-21.8772 0000 106.5238 95
-21.8417 0000 106.5891 91
-21.7996 0000 106.5964 91
-21.7584 0000 106.6113 90
-21.7198 0000 106.6489 84
-21.6808 0000 106.6839 77
-21.6430 0000 106.7291 93
-21.6048 0000 106.7718 138
-21.5695 0000 106.8398 205
-21.5276 0000 106.8496 248
-21.4846 0000 106.8494 232
-21.4419 0000 106.8516 175
-21.4000 0000 106.8615 129
-21.3643 0000 106.9270 106
-21.3193 0000 106.9090 97
-21.2805 0000 106.9467 115
-21.2321 0000 106.8984 147
-21.1869 0000 106.8779 161
-21.1397 0000 106.8397 179
-21.0970 0000 106.8419 196
-21.0551 0000 106.8518 195
-21.0148 0000 106.8768 187
-20.9724 0000 106.8816 168
-20.9271 0000 106.8611 149
-20.8847 0000 106.8659 135
-20.8405 0000 106.8556 117
-20.7956 0000 106.8376 121
-20.7490 0000 106.8044 170
-20.7055 0000 106.7991 215
-20.6649 0000 106.8216 219
-20.6238 0000 106.8391 227
-20.5827 0000 106.8565 236
-20.5461 0000 106.9170 246
-20.5071 0000 106.9547 265
-20.4702 0000 107.0127 252
-20.4207 0000 106.9517 220
-20.3744 0000 106.9210 221
-20.3303 0000 106.9106 234
-20.2846 0000 106.8851 253
-20.2386 0000 106.8570 239
-20.1940 0000 106.8415 258
-20.1515 0000 106.8463 288
-20.1100 0000 106.8613 287
-20.0696 0000 106.8863 275
-20.0271 0000 106.8911 255
-19.9853 0000 106.9035 270
-19.9457 0000 106.9362 282
-19.9039 0000 106.9486 316
-19.8616 0000 106.9559 326
-19.8180 0000 106.9506 292
-19.7734 0000 106.9352 231
-19.7290 0000 106.9223 176
-19.6898 0000 106.9600 145
-19.6522 0000 107.0130 157
-19.6101 0000 107.0228 174
-19.5660 0000 107.0125 200
-19.5213 0000 106.9970 211
-19.4752 0000 106.9663 206
-19.4321 0000 106.9661 180
-19.3893 0000 106.9684 155
-19.3462 0000 106.9681 126
-19.3069 0000 107.0059 116
-19.2658 0000 107.0259 133
-19.2229 0000 107.0282 136
-19.1826 0000 107.0558 126
-19.1430 0000 107.0911 134
-19.0998 0000 107.0909 141
-19.0532 0000 107.0551 154
-19.0056 0000 107.0092 137
-18.9571 0000 106.9532 129
-18.9083 0000 106.8947 123
-18.8642 0000 106.8843 111
-18.8214 0000 106.8866 96
-18.7869 0000 106.9750 113
-18.7496 0000 107.0356 158
-18.7068 0000 107.0379 186
-18.6614 0000 107.0149 174
-18.6171 0000 107.0019 168
-18.5713 0000 106.9738 175
-18.5304 0000 106.9964 162
-18.4870 0000 106.9936 166
-18.4497 0000 107.0542 175
-18.4072 0000 107.0616 169
-18.3641 0000 107.0613 166
-18.3176 0000 107.0256 211
-18.2719 0000 106.9975 252
-18.2309 0000 107.0200 276
-18.1882 0000 107.0249 296
-18.1463 0000 107.0373 302
-18.1064 0000 107.0726 314
-18.0637 0000 107.0774 320
-18.0234 0000 107.1076 330
-17.9802 0000 107.1074 358
-17.9345 0000 107.0792 382
-17.8906 0000 107.0714 368
-17.8468 0000 107.0635 347
-17.8032 0000 107.0582 327
-17.7582 0000 107.0377 286
-17.7178 0000 107.0679 272
-17.6755 0000 107.0778 246
-17.6324 0000 107.0776 226
-17.5837 0000 107.0164 208
-17.5390 0000 106.9984 183
-17.4945 0000 106.9830 155
-17.4484 0000 106.9498 154
-17.4079 0000 106.9800 147
-17.3661 0000 106.9950 149
-17.3257 0000 107.0251 166
-17.2828 0000 107.0274 165
-17.2371 0000 106.9993 142
-17.1933 0000 106.9915 127
-17.1568 0000 107.0673 114
-17.1139 0000 107.0696 119
-17.0669 0000 107.0263 141
-17.0211 0000 106.9956 143
-16.9744 0000 106.9548 149
-16.9293 0000 106.9317 160
-16.8888 0000 106.9619 151
-16.8531 0000 107.0479 146
-16.8112 0000 107.0629 151
-16.7680 0000 107.0627 156
-16.7188 0000 106.9914 182
-16.6745 0000 106.9785 197
-16.6270 0000 106.9275 189
-16.5817 0000 106.9019 171
-16.5323 0000 106.8283 164
-16.4884 0000 106.8179 164
-16.4457 0000 106.8227 173
-16.4019 0000 106.8149 195
-16.3539 0000 106.7564 222
-16.3095 0000 106.7410 242
-16.2647 0000 106.7205 256
-16.2232 0000 106.7405 205
-16.1803 0000 106.7428 187
-16.1378 0000 106.7502 196
-16.0993 0000 106.8056 194
-16.0566 0000 106.8104 203
-16.0132 0000 106.8076 232
-15.9657 0000 106.7543 246
-15.9220 0000 106.7464 243
-15.8797 0000 106.7563 223
-15.8413 0000 106.8143 180
-15.8049 0000 106.8976 150
-15.7644 0000 106.9303 162
-15.7187 0000 106.8997 150
-15.6737 0000 106.8766 145
-15.6308 0000 106.8789 149
-15.5870 0000 106.8711 182
-15.5412 0000 106.8379 200
-15.4928 0000 106.7718 188
-15.4433 0000 106.6906 158
-15.3994 0000 106.6802 137
-15.3791 0000 106.9713 137
-15.3451 0000 107.0878 170
-15.3019 0000 107.0875 197
-15.2586 0000 107.0873 205
-15.2160 0000 107.0947 209
-15.1728 0000 107.0944 217
-15.1295 0000 107.0942 211
-15.0892 0000 107.1321 191
-15.0429 0000 107.0912 208
-14.9932 0000 107.0071 247
-14.9475 0000 106.9739 285
-14.9018 0000 106.9406 272
-14.8555 0000 106.8998 212
-14.8129 0000 106.9072 207
-14.7748 0000 106.9754 226
-14.7326 0000 106.9878 251
-14.6894 0000 106.9876 268
-14.6431 0000 106.9467 287
-14.5974 0000 106.9135 401
-14.5523 0000 106.8879 541
-14.5084 0000 106.8775 545
-14.4644 0000 106.8671 448
-14.4203 0000 106.8542 327
-14.3756 0000 106.8336 246
-14.3285 0000 106.7802 200
-14.2822 0000 106.7369 197
-14.2386 0000 106.7315 203
-14.1982 0000 106.7693 209
-14.1583 0000 106.8146 229
-14.1151 0000 106.8143 239
-14.0695 0000 106.7811 248
-14.0276 0000 106.7986 228
-13.9853 0000 106.8110 261
-13.9427 0000 106.8183 316
-13.9000 0000 106.8256 338
-13.8562 0000 106.8178 320
-13.8116 0000 106.7972 305
-13.7662 0000 106.7665 309
-13.7248 0000 106.7916 238
-13.6797 0000 106.7634 184
-13.6312 0000 106.6872 143
-13.5824 0000 106.6060 142
-13.5369 0000 106.5728 139
-13.4939 0000 106.5751 144
-13.4549 0000 106.6355 149
-13.4202 0000 106.7592 153
-13.3855 0000 106.8831 187
-13.3454 0000 106.9285 226
-13.3012 0000 106.9155 231
-13.2573 0000 106.9051 224
-13.2137 0000 106.8997 228
-13.1701 0000 106.8943 230
-13.1290 0000 106.9270 197
-13.0890 0000 106.9750 186
-13.0464 0000 106.9848 183
-13.0033 0000 106.9870 181
-12.9642 0000 107.0502 178
-12.9262 0000 107.1313 187
-12.8856 0000 107.1717 230
-12.8422 0000 107.1714 241
-12.7967 0000 107.1380 202
-12.7518 0000 107.1123 177
-12.7058 0000 107.0713 179
-12.6612 0000 107.0507 154
-12.6163 0000 107.0249 143
-12.5721 0000 107.0119 122
-12.5293 0000 107.0192 106
-12.4940 0000 107.1460 106
-12.4578 0000 107.2577 140
-12.4165 0000 107.2904 148
-12.3750 0000 107.3207 161
-12.3316 0000 107.3204 161
-12.2886 0000 107.3252 171
-12.2477 0000 107.3656 172
-12.2111 0000 107.4750 170
-12.1737 0000 107.5743 179
-12.1326 0000 107.6123 196
-12.0851 0000 107.5455 178
-12.0407 0000 107.5299 155
-11.9974 0000 107.5321 164
-11.9532 0000 107.5190 202
-11.9093 0000 107.5110 213
-11.8654 0000 107.5030 215
-11.8223 0000 107.5078 210
-11.7793 0000 107.5152 187
-11.7394 0000 107.5761 164
-11.7005 0000 107.6525 178
-11.6588 0000 107.6829 194
-11.6155 0000 107.6851 201
-11.5724 0000 107.6924 193
-11.5292 0000 107.6972 188
-11.4832 0000 107.6534 195
-11.4375 0000 107.6147 219
-11.3939 0000 107.6118 222
-11.3521 0000 107.6422 196
-11.3109 0000 107.6828 180
-11.2713 0000 107.7516 164
-11.2275 0000 107.7461 157
-11.1793 0000 107.6613 160
-11.1299 0000 107.5562 195
-11.0846 0000 107.5226 232
-11.0400 0000 107.5019 190
-10.9967 0000 107.5041 160
-10.9540 0000 107.5191 137
-10.9171 0000 107.6389 101
-10.8814 0000 107.7819 112
-10.8380 0000 107.7841 117
-10.7917 0000 107.7325 115
-10.7503 0000 107.7706 125
-10.7095 0000 107.8215 151
-10.6681 0000 107.8622 162
-10.6282 0000 107.9311 170
-10.5889 0000 108.0104 170
-10.5476 0000 108.0537 171
-10.5037 0000 108.0482 145
-10.4558 0000 107.9657 113
-10.4087 0000 107.8987 121
-10.3637 0000 107.8701 114
-10.3199 0000 107.8647 110
-10.2814 0000 107.9644 120
-10.2405 0000 108.0154 151
-10.1966 0000 108.0099 155
-10.1507 0000 107.9634 147
-10.1036 0000 107.8938 137
-10.0591 0000 107.8755 140
-10.0151 0000 107.8675 144
-9.9692 0000 107.8184 141
-9.9255 0000 107.8155 136
-9.8819 0000 107.8152 132
-9.8386 0000 107.8200 121
-9.7997 0000 107.9145 103
-9.7686 0000 108.1737 127
-9.7294 0000 108.2660 172
-9.6887 0000 108.3275 213
-9.6454 0000 108.3349 243
-9.6021 0000 108.3423 256
-9.5585 0000 108.3446 262
-9.5147 0000 108.3417 295
-9.4708 0000 108.3362 335
-9.4269 0000 108.3307 345
-9.3831 0000 108.3278 327
-9.3395 0000 108.3300 295
-9.2959 0000 108.3322 269
-9.2522 0000 108.3319 258
-9.2086 0000 108.3342 248
-9.1652 0000 108.3390 238
-9.1233 0000 108.3799 224
-9.0801 0000 108.3899 214
-9.0383 0000 108.4334 212
-8.9962 0000 108.4691 209
-8.9536 0000 108.4946 193
-8.9084 0000 108.4607 203
-8.8641 0000 108.4475 212
-8.8190 0000 108.4136 214
-8.7749 0000 108.4055 219
-8.7312 0000 108.4052 212
-8.6879 0000 108.4151 217
-8.6445 0000 108.4225 230
-8.6016 0000 108.4403 225
-8.5575 0000 108.4322 236
-8.5130 0000 108.4138 276
-8.4695 0000 108.4186 279
-8.4271 0000 108.4492 231
-8.3855 0000 108.5005 206
-8.3420 0000 108.5079 162
-8.2954 0000 108.4353 118
-8.2462 0000 108.2983 107
-8.2001 0000 108.2387 117
-8.1569 0000 108.2486 119
-8.1138 0000 108.2637 138
-8.0703 0000 108.2685 147
-8.0266 0000 108.2682 136
-7.9828 0000 108.2653 116
-7.9404 0000 108.2984 94
-7.8980 0000 108.3315 101
-7.8545 0000 108.3363 98
-7.8132 0000 108.3979 91
-7.7713 0000 108.4465 89
-7.7274 0000 108.4436 96
-7.6823 0000 108.4045 108
-7.6375 0000 108.3758 108
-7.5946 0000 108.3961 133
-7.5499 0000 108.3699 142
-7.5063 0000 108.3722 158
-7.4649 0000 108.4363 158
-7.4225 0000 108.4720 151
-7.3806 0000 108.5259 143
-7.3372 0000 108.5358 131
-7.2935 0000 108.5355 123
-7.2482 0000 108.4912 143
-7.2029 0000 108.4444 175
-7.1592 0000 108.4441 233
-7.1159 0000 108.4566 245
-7.0735 0000 108.4975 192
-7.0315 0000 108.5488 161
-6.9876 0000 108.5433 126
-6.9431 0000 108.5197 143
-6.8982 0000 108.4831 185
-6.8532 0000 108.4467 233
-6.8091 0000 108.4334 231
-6.7655 0000 108.4356 211
-6.7243 0000 108.5152 189
-6.6834 0000 108.6053 200
-6.6421 0000 108.6825 208
-6.6007 0000 108.7597 221
-6.5582 0000 108.8008 250
-6.5145 0000 108.8056 256
-6.4708 0000 108.8078 253
-6.4271 0000 108.8126 242
-6.3834 0000 108.8148 226
-6.3395 0000 108.8119 209
-6.2956 0000 108.8089 197
-6.2521 0000 108.8189 219
-6.2094 0000 108.8548 280
-6.1655 0000 108.8519 270
-6.1206 0000 108.8152 316
-6.0766 0000 108.8071 351
-6.0331 0000 108.8171 355
-5.9909 0000 108.8763 323
-5.9492 0000 108.9537 308
-5.9063 0000 108.9845 323
-5.8641 0000 109.0464 337
-5.8209 0000 109.0694 331
-5.7785 0000 109.1262 301
-5.7349 0000 109.1336 258
-5.6910 0000 109.1332 210
-5.6459 0000 109.0887 161
-5.6007 0000 109.0364 149
-5.5559 0000 108.9996 160
-5.5120 0000 108.9967 177
-5.4684 0000 109.0067 185
-5.4251 0000 109.0297 173
-5.3827 0000 109.0864 167
-5.3391 0000 109.0965 178
-5.2960 0000 109.1299 178
-5.2531 0000 109.1711 188
-5.2101 0000 109.2045 163
-5.1655 0000 109.1755 165
-5.1222 0000 109.2012 169
-5.0799 0000 109.2685 192
-5.0362 0000 109.2785 209
-4.9924 0000 109.2859 234
-4.9488 0000 109.2960 275
-4.9050 0000 109.3034 299
-4.8617 0000 109.3317 285
-4.8180 0000 109.3391 285
-4.7740 0000 109.3387 287
-4.7301 0000 109.3384 289
-4.6866 0000 109.3588 307
-4.6433 0000 109.3871 298
-4.5994 0000 109.3920 302
-4.5555 0000 109.3916 310
-4.5114 0000 109.3860 317
-4.4662 0000 109.3205 319
-4.4223 0000 109.3253 324
-4.3792 0000 109.3640 342
-4.3360 0000 109.4027 308
-4.2923 0000 109.4154 292
-4.2490 0000 109.4489 311
-4.2050 0000 109.4485 307
-4.1609 0000 109.4429 284
-4.1163 0000 109.4060 247
-4.0714 0000 109.3509 247
-4.0264 0000 109.2906 245
-3.9823 0000 109.2798 242
-3.9384 0000 109.2820 242
-3.8945 0000 109.2869 244
-3.8512 0000 109.3203 225
-3.8078 0000 109.3538 216
-3.7638 0000 109.3482 193
-3.7186 0000 109.2697 188
-3.6735 0000 109.1939 200
-3.6293 0000 109.1753 208
-3.5853 0000 109.1723 192
-3.5417 0000 109.1875 155
-3.4980 0000 109.2028 124
-3.4546 0000 109.2388 118
-3.4118 0000 109.3139 125
-3.3692 0000 109.4073 168
-3.3256 0000 109.4330 212
-3.2816 0000 109.4248 217
-3.2371 0000 109.3853 211
-3.1930 0000 109.3745 214
-3.1487 0000 109.3455 180
-3.1036 0000 109.2592 131
-3.0592 0000 109.2197 98
-3.0146 0000 109.1621 80
-2.9708 0000 109.1670 87
-2.9278 0000 109.2420 119
-2.8850 0000 109.3353 152
-2.8414 0000 109.3636 181
-2.7979 0000 109.4023 189
-2.7542 0000 109.4280 182
-2.7102 0000 109.4250 165
-2.6662 0000 109.4168 137
-2.6192 0000 109.1197 127
-2.5749 0000 109.0726 120
-2.5308 0000 109.0436 112
-2.4873 0000 109.0822 129
-2.4437 0000 109.1156 124
-2.3999 0000 109.1204 129
-2.3560 0000 109.1174 136
-2.3120 0000 109.1067 140
-2.2683 0000 109.1271 144
-2.2255 0000 109.2541 154
-2.1821 0000 109.3162 191
-2.1383 0000 109.3340 224
-2.0944 0000 109.3336 230
-2.0505 0000 109.3280 227
-2.0064 0000 109.3094 240
-1.9623 0000 109.2674 270
-1.9181 0000 109.2254 269
-1.8741 0000 109.2120 269
-1.8300 0000 109.1752 264
-1.7861 0000 109.1645 246
-1.7421 0000 109.1355 263
-1.6982 0000 109.1351 265
-1.6544 0000 109.1373 245
-1.6106 0000 109.1421 212
-1.5667 0000 109.1392 177
-1.5226 0000 109.0946 136
-1.4786 0000 109.0475 124
-1.4349 0000 109.0757 120
-1.3914 0000 109.1662 136
-1.3477 0000 109.2074 151
-1.3037 0000 109.1759 161
-1.2599 0000 109.1729 148
-1.2159 0000 109.1309 130
-1.1719 0000 109.0604 127
-1.1281 0000 109.0601 157
-1.0842 0000 109.0519 184
-1.0405 0000 109.0957 210
-0.9968 0000 109.1524 279
-0.9529 0000 109.1520 255
-0.9090 0000 109.1049 182
-0.8651 0000 109.0319 155
-0.8213 0000 109.0211 145
-0.7775 0000 109.0207 147
-0.7337 0000 109.0437 158
-0.6899 0000 109.0433 147
-0.6461 0000 109.0455 136
-0.6023 0000 109.1153 151
-0.5584 0000 109.1616 167
-0.5146 0000 109.1742 166
-0.4708 0000 109.1765 150
-0.4269 0000 109.1657 125
-0.3832 0000 109.1315 109
-0.3393 0000 109.1286 95
-0.2955 0000 109.1282 82
-0.2517 0000 109.1252 81
-0.2080 0000 109.0599 94
-0.1644 0000 109.0155 103
-0.1206 0000 109.0047 111
-0.0768 0000 109.0173 125
-0.0328 0000 109.0558 140
0.0110 0000 109.0814 149
0.0547 0000 109.0551 141
0.0985 0000 109.0547 120
0.1423 0000 109.0491 101
0.1864 0000 109.1058 88
0.2303 0000 109.1288 90
0.2743 0000 109.1700 103
0.3180 0000 109.1437 95
0.3617 0000 109.1329 92
0.4055 0000 109.1325 84
0.4494 0000 109.1399 89
0.4936 0000 109.2123 119
0.5375 0000 109.2197 147
0.5813 0000 109.2089 145
0.6251 0000 109.2059 137
0.6690 0000 109.2159 136
0.7128 0000 109.2182 122
0.7567 0000 109.2178 104
0.8008 0000 109.2538 96
0.8449 0000 109.2950 111
0.8891 0000 109.3414 125
0.9340 0000 109.4634 155
0.9785 0000 109.5360 182
1.0230 0000 109.6087 197
1.0670 0000 109.6187 201
1.1112 0000 109.6523 191
1.1555 0000 109.6911 210
1.1998 0000 109.7299 217
1.2438 0000 109.7295 217
1.2878 0000 109.7343 205
1.3326 0000 109.8150 196
1.3774 0000 109.8931 202
1.4214 0000 109.8979 222
1.4653 0000 109.8897 246
1.5090 0000 109.8605 267
1.5530 0000 109.8627 238
1.5970 0000 109.8676 236
1.6419 0000 109.9405 239
1.6860 0000 109.9532 243
1.7309 0000 110.0261 241
1.7755 0000 110.0703 248
1.8204 0000 110.1329 249
1.8645 0000 110.1377 243
1.9085 0000 110.1321 212
1.9516 0000 110.0661 169
1.9951 0000 110.0238 146
2.0385 0000 109.9841 142
2.0825 0000 109.9837 147
2.1272 0000 110.0253 153
2.1734 0000 110.1770 153
2.2175 0000 110.1766 165
2.2615 0000 110.1736 179
2.3064 0000 110.2231 195
2.3506 0000 110.2359 212
2.3958 0000 110.3064 233
2.4399 0000 110.3061 251
2.4841 0000 110.3083 260
2.5282 0000 110.3105 259
2.5728 0000 110.3365 257
2.6165 0000 110.3150 238
2.6606 0000 110.3147 191
2.7041 0000 110.2775 153
2.7480 0000 110.2692 132
2.7921 0000 110.2714 135
2.8368 0000 110.3026 131
2.8816 0000 110.3390 137
2.9260 0000 110.3544 141
2.9705 0000 110.3725 148
3.0152 0000 110.4037 149
3.0587 0000 110.3744 118
3.1034 0000 110.4003 121
3.1476 0000 110.4052 115
3.1914 0000 110.3890 126
3.2350 0000 110.3597 135
3.2800 0000 110.4040 153
3.3243 0000 110.4116 150
3.3690 0000 110.4375 132
3.4132 0000 110.4424 96
3.4584 0000 110.4894 93
3.5043 0000 110.5682 94
3.5486 0000 110.5757 94
3.5927 0000 110.5700 108
3.6366 0000 110.5591 140
3.6804 0000 110.5403 186
3.7237 0000 110.5030 243
3.7674 0000 110.4842 289
3.8115 0000 110.4838 255
3.8557 0000 110.4834 204
3.9034 0000 110.6308 154
3.9517 0000 110.7968 150
4.0001 0000 110.9658 148
4.0470 0000 111.0715 153
4.0913 0000 111.0711 131
4.1339 0000 111.0018 93
4.1763 0000 110.9299 67
4.2174 0000 110.8078 66
4.2614 0000 110.7995 74
4.3043 0000 110.7489 77
4.3499 0000 110.8014 81
4.3945 0000 110.8143 85
4.4399 0000 110.8563 86
4.4852 0000 110.8929 100
4.5297 0000 110.9032 91
4.5748 0000 110.9319 77
4.6194 0000 110.9448 82
4.6655 0000 111.0080 92
4.7100 0000 111.0156 111
4.7545 0000 111.0232 135
4.8004 0000 111.0785 141
4.8450 0000 111.0887 126
4.8877 0000 111.0353 113
4.9318 0000 111.0270 97
4.9770 0000 111.0585 79
5.0226 0000 111.1005 57
5.0695 0000 111.1878 55
5.1210 0000 111.4213 61
5.1673 0000 111.4849 77
5.2139 0000 111.5564 104
5.2586 0000 111.5641 133
5.3043 0000 111.6063 135
5.3498 0000 111.6380 127
5.3920 0000 111.5683 103
5.4354 0000 111.5359 99
5.4798 0000 111.5356 105
5.5242 0000 111.5379 120
5.5698 0000 111.5721 137
5.6154 0000 111.6091 114
5.6602 0000 111.6220 93
5.7056 0000 111.6483 93
5.7502 0000 111.6560 102
5.7957 0000 111.6849 95
5.8406 0000 111.7006 89
5.8853 0000 111.7082 93
5.9304 0000 111.7265 91
5.9733 0000 111.6808 89
6.0169 0000 111.6590 83
6.0603 0000 111.6293 80
6.1063 0000 111.6716 92
6.1497 0000 111.6446 94
6.1925 0000 111.5988 106
6.2368 0000 111.5958 128
6.2817 0000 111.6088 140
6.3272 0000 111.6377 140
6.3729 0000 111.6720 117
6.4180 0000 111.6903 107
6.4649 0000 111.7566 95
6.5124 0000 111.8391 101
6.5576 0000 111.8574 120
6.6024 0000 111.8677 142
6.6468 0000 111.8646 157
6.6908 0000 111.8535 152
6.7348 0000 111.8398 152
6.7790 0000 111.8340 167
6.8238 0000 111.8417 169
6.8687 0000 111.8520 155
6.9155 0000 111.9131 129
6.9675 0000 112.1027 97
7.0166 0000 112.2176 97
7.0620 0000 112.2387 102
7.1080 0000 112.2758 112
7.1560 0000 112.3613 150
7.2026 0000 112.4093 177
7.2487 0000 112.4465 203
7.2947 0000 112.4811 169
7.3394 0000 112.4834 158
7.3838 0000 112.4776 192
7.4283 0000 112.4745 244
7.4732 0000 112.4822 279
7.5178 0000 112.4818 284
7.5610 0000 112.4491 290
7.6041 0000 112.4137 242
7.6482 0000 112.4026 203
7.6925 0000 112.3941 177
7.7370 0000 112.3937 182
7.7816 0000 112.3933 202
7.8261 0000 112.3902 220
7.8702 0000 112.3790 244
7.9152 0000 112.3894 236
7.9616 0000 112.4293 233
8.0056 0000 112.4154 204
8.0495 0000 112.4016 180
8.0916 0000 112.3448 148
8.1333 0000 112.2826 135
8.1766 0000 112.2553 125
8.2231 0000 112.2979 119
8.2704 0000 112.3565 113
8.3188 0000 112.4394 123
8.3637 0000 112.4444 116
8.4044 0000 112.3607 100
8.4461 0000 112.3012 105
8.4890 0000 112.2659 107
8.5329 0000 112.2520 112
8.5736 0000 112.1711 112
8.6212 0000 112.2351 103
8.6700 0000 112.3233 105
8.7150 0000 112.3309 102
8.7633 0000 112.4084 96
8.8085 0000 112.4214 92
8.8566 0000 112.4909 98
8.9015 0000 112.4986 109
8.9487 0000 112.5493 114
8.9937 0000 112.5570 103
9.0360 0000 112.5108 86
9.0735 0000 112.3706 87
9.1178 0000 112.3648 94
9.1636 0000 112.3885 99
9.2121 0000 112.4661 108
9.2556 0000 112.4441 109
9.2999 0000 112.4383 117
9.3446 0000 112.4406 134
9.3912 0000 112.4805 164
9.4365 0000 112.4936 182
9.4817 0000 112.5039 174
9.5259 0000 112.4981 153
9.5687 0000 112.4627 117
9.6118 0000 112.4354 107
9.6579 0000 112.4646 106
9.7022 0000 112.4588 110
9.7447 0000 112.4207 113
9.7888 0000 112.4122 118
9.8334 0000 112.4118 123
9.8784 0000 112.4194 116
9.9253 0000 112.4620 112
9.9709 0000 112.4804 117
10.0175 0000 112.5177 120
10.0625 0000 112.5253 135
10.1070 0000 112.5222 156
10.1527 0000 112.5433 167
10.1996 0000 112.5833 176
10.2449 0000 112.5963 193
10.2895 0000 112.5959 201
10.3339 0000 112.5928 197
10.3786 0000 112.5951 187
10.4254 0000 112.6324 180
10.4721 0000 112.6697 156
10.5120 0000 112.5884 136
10.5517 0000 112.5045 134
10.5947 0000 112.4772 122
10.6418 0000 112.5198 123
10.6866 0000 112.5248 124
10.7329 0000 112.5540 126
10.7778 0000 112.5589 131
10.8246 0000 112.5962 143
10.8716 0000 112.6362 141
10.9166 0000 112.6438 139
10.9602 0000 112.6272 126
11.0022 0000 112.5837 130
11.0469 0000 112.5860 142
11.0942 0000 112.6313 163
11.1431 0000 112.7010 200
11.1885 0000 112.7140 221
11.2332 0000 112.7163 214
11.2774 0000 112.7104 194
11.3213 0000 112.6992 176
11.3629 0000 112.6503 163
11.4044 0000 112.6014 165
11.4469 0000 112.5687 154
11.4868 0000 112.4956 133
11.5262 0000 112.4145 149
11.5683 0000 112.3765 164
11.6121 0000 112.3653 164
11.6550 0000 112.3407 148
11.6993 0000 112.3376 111
11.7433 0000 112.3291 83
11.7896 0000 112.3582 80
11.8388 0000 112.4303 94
11.8936 0000 112.5885 110
11.9388 0000 112.5989 140
11.9841 0000 112.6092 177
12.0289 0000 112.6141 197
12.0710 0000 112.5760 197
12.1128 0000 112.5352 212
12.1567 0000 112.5267 232
12.2012 0000 112.5263 262
12.2459 0000 112.5285 273
12.2900 0000 112.5227 266
12.3340 0000 112.5142 252
12.3779 0000 112.5057 235
12.4207 0000 112.4810 231
12.4656 0000 112.4860 205
12.5078 0000 112.4533 169
12.5519 0000 112.4475 153
12.5964 0000 112.4470 147
12.6362 0000 112.3794 143
12.6797 0000 112.3656 134
12.7243 0000 112.3678 127
12.7710 0000 112.3996 125
12.8154 0000 112.3991 117
12.8597 0000 112.3960 121
12.9037 0000 112.3902 141
12.9480 0000 112.3870 152
12.9949 0000 112.4215 137
13.0460 0000 112.5150 144
13.0939 0000 112.5630 172
13.1375 0000 112.5518 191
13.1814 0000 112.5432 199
13.2226 0000 112.4971 199
13.2672 0000 112.4993 188
13.3111 0000 112.4908 166
13.3524 0000 112.4473 136
13.3962 0000 112.4388 117
13.4428 0000 112.4679 107
13.4955 0000 112.5803 107
13.5465 0000 112.6686 133
13.5915 0000 112.6762 145
13.6334 0000 112.6408 142
13.6723 0000 112.5650 131
13.7131 0000 112.5161 125
13.7541 0000 112.4700 147
13.7979 0000 112.4614 158
13.8411 0000 112.4448 166
13.8867 0000 112.4605 140
13.9313 0000 112.4627 130
13.9790 0000 112.5052 122
14.0287 0000 112.5746 126
14.0743 0000 112.5903 119
14.1202 0000 112.6086 123
14.1677 0000 112.6485 156
14.2140 0000 112.6722 175
14.2591 0000 112.6798 203
14.3064 0000 112.7170 207
14.3534 0000 112.7489 193
14.3972 0000 112.7403 150
14.4408 0000 112.7291 123
14.4806 0000 112.6693 126
14.5229 0000 112.6419 124
14.5674 0000 112.6414 132
14.6192 0000 112.7352 133
14.6639 0000 112.7374 138
14.7057 0000 112.7046 129
14.7478 0000 112.6745 116
14.7922 0000 112.6740 111
14.8343 0000 112.6439 104
14.8785 0000 112.6407 113
14.9233 0000 112.6456 128
14.9653 0000 112.6155 127
15.0088 0000 112.6042 119
15.0524 0000 112.5929 111
15.0956 0000 112.5790 108
15.1345 0000 112.5113 116
15.1791 0000 112.5135 129
15.2235 0000 112.5130 138
15.2674 0000 112.5071 147
15.3084 0000 112.4663 165
15.3474 0000 112.4013 170
15.3880 0000 112.3552 224
15.4321 0000 112.3520 272
15.4762 0000 112.3488 286
15.5207 0000 112.3510 267
15.5682 0000 112.3881 238
15.6216 0000 112.4950 233
15.6709 0000 112.5537 217
15.7196 0000 112.6043 197
15.7578 0000 112.5311 187
15.7976 0000 112.4769 180
15.8319 0000 112.3582 174
15.8764 0000 112.3604 168
15.9237 0000 112.3948 162
15.9692 0000 112.4077 155
16.0135 0000 112.4072 145
16.0564 0000 112.3906 130
16.0996 0000 112.3766 137
16.1495 0000 112.4406 151
16.1957 0000 112.4616 164
16.2454 0000 112.5229 182
16.2910 0000 112.5358 191
16.3355 0000 112.5380 170
16.3804 0000 112.5429 148
16.4247 0000 112.5424 143
16.4640 0000 112.4854 132
16.5002 0000 112.3936 130
16.5376 0000 112.3152 130
16.5807 0000 112.3013 130
16.6252 0000 112.3035 130
16.6731 0000 112.3432 134
16.7174 0000 112.3427 133
16.7617 0000 112.3422 131
16.8288 0000 112.5943 123
16.8820 0000 112.6907 125
16.9342 0000 112.7764 129
16.9781 0000 112.7705 134
17.0190 0000 112.7323 143
17.0617 0000 112.7129 153
17.1023 0000 112.6720 191
17.1469 0000 112.6742 231
17.1945 0000 112.7087 241
17.2434 0000 112.7567 239
17.2900 0000 112.7804 247
17.3409 0000 112.8500 253
17.3891 0000 112.8900 264
17.4365 0000 112.9219 251
17.4804 0000 112.9159 257
17.5213 0000 112.8776 287
17.5628 0000 112.8474 285
17.6098 0000 112.8739 285
17.6588 0000 112.9220 251
17.7114 0000 113.0079 229
17.7612 0000 113.0641 192
17.8069 0000 113.0771 165
17.8508 0000 113.0711 154
17.8901 0000 113.0166 156
17.9298 0000 112.9674 163
17.9736 0000 112.9615 163
18.0180 0000 112.9610 167
18.0622 0000 112.9578 162
18.1073 0000 112.9653 141
18.1557 0000 113.0053 131
18.2014 0000 113.0183 131
18.2466 0000 113.0259 129
18.2917 0000 113.0335 119
18.3430 0000 113.1032 113
18.3917 0000 113.1459 108
18.4412 0000 113.1968 108
18.4947 0000 113.2883 122
18.5437 0000 113.3339 149
18.5882 0000 113.3333 167
18.6323 0000 113.3301 171
18.6762 0000 113.3241 159
18.7247 0000 113.3642 155
18.7705 0000 113.3772 137
18.8237 0000 113.4635 124
18.8761 0000 113.5416 115
18.9247 0000 113.5818 112
18.9702 0000 113.5922 116
19.0213 0000 113.6568 117
19.0664 0000 113.6617 117
19.1106 0000 113.6584 111
19.1553 0000 113.6606 113
19.2012 0000 113.6737 128
19.2524 0000 113.7384 140
19.2980 0000 113.7487 140
19.3433 0000 113.7563 129
19.3906 0000 113.7830 114
19.4351 0000 113.7824 95
19.4804 0000 113.7900 86
19.5319 0000 113.8575 83
19.5818 0000 113.9087 85
19.6354 0000 113.9954 95
19.6808 0000 114.0030 99
19.7298 0000 114.0461 105
19.7798 0000 114.0974 109
19.8295 0000 114.1460 128
19.8769 0000 114.1727 137
19.9211 0000 114.1695 145
19.9662 0000 114.1744 145
20.0111 0000 114.1765 138
20.0553 0000 114.1733 126
20.0999 0000 114.1727 112
20.1450 0000 114.1776 106
20.1939 0000 114.2180 111
20.2422 0000 114.2530 110
20.2879 0000 114.2634 129
20.3331 0000 114.2683 145
20.3773 0000 114.2650 147
20.4213 0000 114.2590 143
20.4658 0000 114.2584 142
20.5136 0000 114.2879 156
20.5590 0000 114.2956 153
20.5973 0000 114.2376 129
20.6401 0000 114.2207 109
20.6846 0000 114.2201 109
20.7300 0000 114.2278 115
20.7817 0000 114.2928 117
20.8274 0000 114.3032 118
20.8756 0000 114.3354 113
20.9198 0000 114.3321 114
20.9644 0000 114.3316 123
21.0101 0000 114.3420 138
21.0589 0000 114.3797 159
21.1080 0000 114.4202 167
21.1571 0000 114.4607 186
21.2060 0000 114.4985 164
21.2511 0000 114.5034 144
21.3003 0000 114.5440 131
21.3480 0000 114.5708 133
21.3926 0000 114.5703 129
21.4384 0000 114.5807 127
21.4842 0000 114.5911 134
21.5288 0000 114.5905 146
21.5731 0000 114.5872 156
21.6177 0000 114.5867 168
21.6632 0000 114.5944 191
21.7087 0000 114.6020 214
21.7571 0000 114.6344 215
21.8013 0000 114.6311 210
21.8418 0000 114.5949 211
21.8864 0000 114.5943 210
21.9317 0000 114.5993 194
21.9762 0000 114.5987 169
22.0205 0000 114.5954 153
22.0651 0000 114.5949 135
22.1186 0000 114.6711 117
22.1738 0000 114.7611 122
22.2225 0000 114.7963 143
22.2714 0000 114.8314 142
22.3173 0000 114.8419 143
22.3629 0000 114.8496 138
22.4111 0000 114.8793 123
22.4506 0000 114.8347 112
22.4891 0000 114.7820 102
22.5269 0000 114.7238 104
22.5757 0000 114.7590 106
22.6223 0000 114.7749 109
22.6719 0000 114.8155 111
22.7208 0000 114.8507 104
22.7700 0000 114.8887 121
22.8199 0000 114.9321 129
22.8689 0000 114.9673 145
22.9145 0000 114.9750 141
22.9596 0000 114.9772 136
22.9996 0000 114.9382 115
23.0380 0000 114.8854 110
23.0780 0000 114.8464 108
23.1270 0000 114.8816 112
23.1716 0000 114.8811 104
23.2150 0000 114.8695 97
23.2546 0000 114.8278 91
23.2996 0000 114.8300 88
23.3456 0000 114.8404 99
23.3939 0000 114.8701 96
23.4386 0000 114.8696 91
23.4846 0000 114.8800 97
23.5309 0000 114.8932 112
23.5840 0000 114.9614 132
23.6338 0000 115.0022 143
23.6798 0000 115.0126 157
23.7255 0000 115.0204 168
23.7705 0000 115.0226 178
23.8155 0000 115.0248 184
23.8605 0000 115.0270 188
23.9079 0000 115.0485 205
23.9522 0000 115.0452 213
23.9979 0000 115.0529 221
24.0478 0000 115.0936 213
24.0972 0000 115.1317 205
24.1471 0000 115.1725 224
24.1966 0000 115.2105 226
24.2427 0000 115.2210 235
24.2877 0000 115.2232 230
24.3324 0000 115.2226 246
24.3778 0000 115.2276 233
24.4228 0000 115.2298 214
24.4699 0000 115.2485 176
24.5153 0000 115.2535 159
24.5610 0000 115.2612 149
24.6060 0000 115.2634 140
24.6514 0000 115.2684 134
24.7013 0000 115.3092 137
24.7523 0000 115.3583 126
24.8030 0000 115.4047 140
24.8484 0000 115.4096 138
24.8913 0000 115.3953 123
24.9288 0000 115.3394 102
24.9727 0000 115.3333 102
25.0266 0000 115.4045 111
25.0745 0000 115.4288 120
25.1292 0000 115.5056 124
25.1742 0000 115.5078 128
25.2189 0000 115.5072 134
25.2696 0000 115.5536 133
25.3248 0000 115.6333 137
25.3756 0000 115.6798 151
25.4250 0000 115.7152 162
25.4700 0000 115.7173 173
25.5146 0000 115.7167 178
25.5589 0000 115.7133 196
25.6087 0000 115.7515 216
25.6592 0000 115.7952 241
25.7053 0000 115.8057 250
25.7507 0000 115.8106 253
25.7957 0000 115.8127 248
25.8403 0000 115.8120 242
25.8813 0000 115.7836 249
25.9259 0000 115.7830 237
25.9783 0000 115.8406 218
26.0296 0000 115.8898 189
26.0806 0000 115.9363 181
26.1267 0000 115.9468 170
26.1765 0000 115.9850 162
26.2219 0000 115.9898 163
26.2662 0000 115.9864 163
26.3055 0000 115.9468 166
26.3497 0000 115.9433 158
26.3954 0000 115.9509 145
26.4453 0000 115.9891 140
26.4907 0000 115.9939 154
26.5402 0000 116.0293 172
26.5856 0000 116.0342 176
26.6359 0000 116.0751 169
26.6862 0000 116.1161 174
26.7320 0000 116.1237 171
26.7869 0000 116.1980 176
26.8338 0000 116.2140 178
26.8881 0000 116.2828 174
26.9339 0000 116.2904 174
26.9793 0000 116.2953 178
27.0239 0000 116.2945 179
27.0631 0000 116.2547 175
27.1073 0000 116.2512 169
27.1507 0000 116.2421 158
27.1895 0000 116.1996 159
27.2333 0000 116.1932 154
27.2778 0000 116.1924 147
27.3228 0000 116.1945 148
27.3674 0000 116.1937 152
27.4123 0000 116.1957 159
27.4577 0000 116.2004 165
27.5034 0000 116.2080 168
27.5532 0000 116.2434 177
27.5985 0000 116.2481 165
27.6431 0000 116.2474 141
27.6809 0000 116.1993 120
27.7187 0000 116.1512 123
27.7636 0000 116.1532 136
27.8141 0000 116.1941 136
27.8643 0000 116.2322 140
27.9096 0000 116.2370 148
27.9667 0000 116.3224 164
28.0233 0000 116.4052 178
28.0804 0000 116.4907 191
28.1267 0000 116.5011 202
28.1810 0000 116.5672 214
28.2260 0000 116.5692 222
28.2662 0000 116.5376 240
28.3112 0000 116.5396 250
28.3554 0000 116.5360 257
28.3996 0000 116.5324 261
28.4434 0000 116.5259 256
28.4839 0000 116.4972 245
28.5281 0000 116.4936 209
28.5735 0000 116.4984 195
28.6231 0000 116.5310 190
28.6685 0000 116.5357 201
28.7135 0000 116.5377 209
28.7623 0000 116.5647 200
28.8073 0000 116.5667 189
28.8532 0000 116.5742 181
