wt=150104952, DLLFiFo=0
-25.5378 0000 91.7146 117
-25.4997 0000 91.7224 128
-25.4635 0000 91.7431 127
-25.4281 0000 91.7701 136
-25.3928 0000 91.7971 109
-25.3599 0000 91.8412 96
-25.3264 0000 91.8810 83
-25.2950 0000 91.9358 98
-25.2636 0000 91.9906 125
-25.2245 0000 91.9921 150
-25.1854 0000 91.9936 180
-25.1451 0000 91.9866 215
-25.1035 0000 91.9710 230
-25.0596 0000 91.9384 218
-25.0196 0000 91.9335 192
-24.9808 0000 91.9372 165
-24.9444 0000 91.9579 122
-24.9026 0000 91.9402 97
-24.8578 0000 91.9012 75
-24.8084 0000 91.8303 75
-24.7648 0000 91.7998 94
-24.7252 0000 91.7971 126
-24.6861 0000 91.7986 142
-24.6467 0000 91.7980 122
-24.6104 0000 91.8186 98
-24.5728 0000 91.8308 76
-24.5393 0000 91.8728 74
-24.5003 0000 91.8743 78
-24.4609 0000 91.8737 74
-24.4221 0000 91.8774 90
-24.3850 0000 91.8938 116
-24.3450 0000 91.8890 130
-24.3054 0000 91.8862 132
-24.2662 0000 91.8878 138
-24.2260 0000 91.8808 137
-24.1857 0000 91.8738 103
-24.1422 0000 91.8433 76
-24.1007 0000 91.8278 81
-24.0678 0000 91.8741 85
-24.0313 0000 91.8949 84
-23.9927 0000 91.9007 75
-23.9516 0000 91.8873 71
-23.9087 0000 91.8611 90
-23.8670 0000 91.8435 116
-23.8255 0000 91.8280 106
-23.7867 0000 91.8317 91
-23.7447 0000 91.8119 95
-23.7047 0000 91.8071 100
-23.6679 0000 91.8257 95
-23.6299 0000 91.8358 99
-23.5911 0000 91.8395 87
-23.5548 0000 91.8624 88
-23.5157 0000 91.8640 124
-23.4745 0000 91.8507 179
-23.4323 0000 91.8288 196
-23.3926 0000 91.8261 231
-23.3543 0000 91.8341 251
-23.3160 0000 91.8421 242
-23.2777 0000 91.8501 207
-23.2402 0000 91.8645 133
-23.2047 0000 91.8939 97
-23.1715 0000 91.9403 98
-23.1303 0000 91.9270 129
-23.0858 0000 91.8880 165
-23.0452 0000 91.8790 184
-23.0086 0000 91.8998 149
-22.9714 0000 91.9164 112
-22.9366 0000 91.9522 80
-22.9022 0000 91.9902 63
-22.8635 0000 91.9961 60
-22.8273 0000 92.0213 75
-22.7862 0000 92.0080 76
-22.7472 0000 92.0118 85
-22.7091 0000 92.0220 97
-22.6724 0000 92.0430 102
-22.6350 0000 92.0596 71
-22.6046 0000 92.1298 67
-22.5780 0000 92.2301 82
-22.5428 0000 92.2640 98
-22.5032 0000 92.2635 118
-22.4626 0000 92.2545 124
-22.4189 0000 92.2219 126
-22.3782 0000 92.2129 121
-22.3321 0000 92.1610 108
-22.2869 0000 92.1156 95
-22.2368 0000 92.0316 136
-22.1911 0000 91.9820 189
-22.1486 0000 91.9581 214
-22.1091 0000 91.9576 252
-22.0703 0000 91.9636 271
-22.0314 0000 91.9675 241
-21.9934 0000 91.9799 194
-21.9550 0000 91.9880 145
-21.9160 0000 91.9919 123
-21.8770 0000 91.9958 101
-21.8380 0000 91.9996 84
-21.7987 0000 92.0014 73
-21.7597 0000 92.0052 66
-21.7222 0000 92.0220 57
-21.6861 0000 92.0494 46
-21.6505 0000 92.0811 44
-21.6075 0000 92.0529 42
-21.5727 0000 92.0910 55
-21.5362 0000 92.1164 79
-21.4969 0000 92.1181 83
-21.4573 0000 92.1177 67
-21.4178 0000 92.1173 56
-21.4452 0000 92.6695 53
-21.4013 0000 92.6346 60
-21.3395 0000 92.4512 83
-21.2949 0000 92.4099 128
-21.2558 0000 92.4138 142
-21.2177 0000 92.4264 142
-21.1811 0000 92.4518 154
-21.1381 0000 92.4235 183
-21.0946 0000 92.3908 168
-21.0534 0000 92.3775 141
-21.0053 0000 92.3062 125
-20.9603 0000 92.2608 151
-20.9156 0000 92.2174 173
-20.8749 0000 92.2085 186
-20.8333 0000 92.1909 211
-20.7911 0000 92.1691 180
-20.7513 0000 92.1666 170
-20.7137 0000 92.1834 164
-20.6758 0000 92.1980 195
-20.6359 0000 92.1955 240
-20.5946 0000 92.1801 236
-20.5549 0000 92.1797 191
-20.5176 0000 92.1986 167
-20.4762 0000 92.1832 136
-20.4333 0000 92.1549 107
-20.3910 0000 92.1309 88
-20.3447 0000 92.0727 110
-20.3007 0000 92.0337 106
-20.2601 0000 92.0248 110
-20.2227 0000 92.0437 122
-20.1843 0000 92.0540 137
-20.1450 0000 92.0557 147
-20.1054 0000 92.0553 145
-20.0665 0000 92.0614 122
-20.0269 0000 92.0610 91
-19.9890 0000 92.0756 88
-19.9504 0000 92.0838 102
-19.9100 0000 92.0769 113
-19.8687 0000 92.0615 77
-19.8152 0000 91.9369 55
-19.7607 0000 91.8039 72
-19.7154 0000 91.7523 95
-19.6744 0000 91.7391 112
-19.6346 0000 91.7365 113
-19.5961 0000 91.7446 95
-19.5589 0000 91.7656 91
-19.5210 0000 91.7801 116
-19.4829 0000 91.7926 146
-19.4398 0000 91.7601 123
-19.3979 0000 91.7383 172
-19.3572 0000 91.7273 195
-19.3169 0000 91.7204 171
-19.2751 0000 91.6987 153
-19.2348 0000 91.6919 134
-19.1939 0000 91.6787 109
-19.1523 0000 91.6590 113
-19.1155 0000 91.6842 137
-19.0788 0000 91.7094 162
-19.0450 0000 91.7624 158
-19.0089 0000 91.7940 129
-18.9733 0000 91.8299 118
-18.9346 0000 91.8381 105
-18.8999 0000 91.8826 99
-18.8626 0000 91.9035 100
-18.8175 0000 91.8518 100
-18.7747 0000 91.8215 106
-18.7302 0000 91.7740 148
-18.6890 0000 91.7587 196
-18.6485 0000 91.7497 151
-18.6087 0000 91.7471 105
-18.5699 0000 91.7531 89
-18.5276 0000 91.7271 83
-18.4867 0000 91.7139 124
-18.4467 0000 91.7092 229
-18.4062 0000 91.7002 261
-18.3678 0000 91.7105 221
-18.3334 0000 91.7592 195
-18.3007 0000 91.8250 214
-18.2624 0000 91.8374 238
-18.2237 0000 91.8455 231
-18.1857 0000 91.8601 224
-18.1483 0000 91.8811 222
-18.1067 0000 91.8614 231
-18.0656 0000 91.8460 193
-18.0220 0000 91.8071 160
-17.9796 0000 91.7789 180
-17.9387 0000 91.7657 183
-17.8972 0000 91.7460 201
-17.8595 0000 91.7648 205
-17.8204 0000 91.7687 227
-17.7804 0000 91.7640 240
-17.7397 0000 91.7529 235
-17.6975 0000 91.7269 189
-17.6515 0000 91.6624 158
-17.6023 0000 91.5660 156
-17.5602 0000 91.5400 170
-17.5228 0000 91.5609 211
-17.4835 0000 91.5626 218
-17.4446 0000 91.5686 215
-17.4057 0000 91.5746 227
-17.3665 0000 91.5784 260
-17.3270 0000 91.5780 309
-17.2874 0000 91.5776 346
-17.2474 0000 91.5729 337
-17.2054 0000 91.5469 250
-17.1625 0000 91.5124 191
-17.1173 0000 91.4545 157
-17.0712 0000 91.3860 179
-17.0255 0000 91.3218 200
-16.9821 0000 91.2810 206
-16.9376 0000 91.2296 153
-16.8920 0000 91.1655 102
-16.8511 0000 91.1502 70
-16.8090 0000 91.1222 50
-16.7689 0000 91.1154 41
-16.7264 0000 91.0832 39
-16.6938 0000 91.1549 46
-16.6551 0000 91.1629 58
-16.6132 0000 91.1371 69
-16.5723 0000 91.1218 83
-16.5313 0000 91.1044 87
-16.4868 0000 91.0510 81
-16.4465 0000 91.0421 71
-16.4075 0000 91.0459 60
-16.3692 0000 91.0582 54
-16.3350 0000 91.1150 63
-16.2961 0000 91.1209 89
-16.2543 0000 91.0951 150
-16.2138 0000 91.0840 215
-16.1736 0000 91.0751 185
-16.1335 0000 91.0684 128
-16.0940 0000 91.0679 103
-16.0553 0000 91.0760 94
-16.0172 0000 91.0904 102
-15.9806 0000 91.1218 141
-15.9416 0000 91.1278 165
-15.9031 0000 91.1379 150
-15.8643 0000 91.1460 150
-15.8252 0000 91.1498 131
-15.7853 0000 91.1452 106
-15.7456 0000 91.1426 109
-15.7063 0000 91.1443 125
-15.6651 0000 91.1248 128
-15.6244 0000 91.1116 107
-15.5843 0000 91.1048 96
-15.5448 0000 91.1044 118
-15.5036 0000 91.0849 160
-15.4641 0000 91.0845 200
-15.4251 0000 91.0904 231
-15.3880 0000 91.1176 263
-15.3483 0000 91.1150 279
-15.3060 0000 91.0828 237
-15.2650 0000 91.0654 177
-15.2235 0000 91.0416 138
-15.1810 0000 91.0073 82
-15.1379 0000 90.9645 65
-15.0938 0000 90.9111 64
-15.0549 0000 90.9170 72
-15.0156 0000 90.9187 84
-14.9761 0000 90.9183 90
-14.9377 0000 90.9305 91
-14.8973 0000 90.9195 95
-14.8572 0000 90.9128 104
-14.8181 0000 90.9166 87
-14.7791 0000 90.9225 64
-14.7401 0000 90.9284 57
-14.7015 0000 90.9386 64
-14.6618 0000 90.9361 65
-14.6214 0000 90.9250 54
-14.5809 0000 90.9119 50
-14.5389 0000 90.8818 58
-14.5013 0000 90.9047 86
-14.4635 0000 90.9255 149
-14.4252 0000 90.9399 235
-14.3864 0000 90.9479 301
-14.3464 0000 90.9412 324
-14.3063 0000 90.9344 245
-14.2654 0000 90.9170 186
-14.2266 0000 90.9251 202
-14.1879 0000 90.9352 247
-14.1484 0000 90.9348 263
-14.1097 0000 90.9450 240
-14.0718 0000 90.9658 228
-14.0345 0000 90.9929 180
-13.9949 0000 90.9925 168
-13.9549 0000 90.9857 203
-13.9140 0000 90.9684 289
-13.8753 0000 90.9786 294
-13.8379 0000 91.0057 242
-13.7988 0000 91.0117 220
-13.7608 0000 91.0304 213
-13.7212 0000 91.0299 190
-13.6815 0000 91.0274 170
-13.6424 0000 91.0334 156
-13.6026 0000 91.0308 155
-13.5597 0000 90.9858 167
-13.5193 0000 90.9748 175
-13.4799 0000 90.9765 174
-13.4403 0000 90.9761 176
-13.4003 0000 90.9693 179
-13.3604 0000 90.9647 167
-13.3194 0000 90.9452 132
-13.2783 0000 90.9236 119
-13.2397 0000 90.9359 115
-13.1996 0000 90.9291 107
-13.1571 0000 90.8884 93
-13.1174 0000 90.8859 73
-13.0824 0000 90.9470 66
-13.0478 0000 91.0145 82
-13.0099 0000 91.0374 90
-12.9668 0000 90.9882 88
-12.9264 0000 90.9772 89
-12.8865 0000 90.9725 98
-12.8474 0000 90.9785 119
-12.8082 0000 90.9823 148
-12.7681 0000 90.9755 170
-12.7278 0000 90.9645 175
-12.6869 0000 90.9450 184
-12.6461 0000 90.9277 158
-12.6070 0000 90.9336 158
-12.5701 0000 90.9714 155
-12.5307 0000 90.9731 132
-12.4896 0000 90.9515 107
-12.4496 0000 90.9448 92
-12.4099 0000 90.9422 96
-12.3699 0000 90.9355 111
-12.3299 0000 90.9287 153
-12.2901 0000 90.9262 209
-12.2512 0000 90.9343 214
-12.2133 0000 90.9593 171
-12.1746 0000 90.9717 168
-12.1352 0000 90.9734 138
-12.0976 0000 91.0027 82
-12.0653 0000 91.1107 67
-12.0322 0000 91.2060 72
-11.9924 0000 91.2034 77
-11.9525 0000 91.1988 97
-11.9130 0000 91.2005 117
-11.8738 0000 91.2065 103
-11.8350 0000 91.2189 94
-11.7960 0000 91.2291 105
-11.7575 0000 91.2458 89
-11.7194 0000 91.2688 78
-11.6799 0000 91.2705 81
-11.6405 0000 91.2744 107
-11.6008 0000 91.2740 115
-11.5597 0000 91.2502 82
-11.5210 0000 91.2647 81
-11.4820 0000 91.2750 97
-11.4451 0000 91.3172 105
-11.4077 0000 91.3530 114
-11.3702 0000 91.3868 127
-11.3311 0000 91.3949 139
-11.2927 0000 91.4158 157
-11.2535 0000 91.4219 143
-11.2143 0000 91.4300 130
-11.1745 0000 91.4275 147
-11.1343 0000 91.4186 174
-11.0941 0000 91.4096 179
-11.0535 0000 91.3943 201
-11.0142 0000 91.4003 226
-10.9750 0000 91.4085 273
-10.9358 0000 91.4166 253
-10.8946 0000 91.3907 212
-10.8544 0000 91.3817 158
-10.8148 0000 91.3835 103
-10.7770 0000 91.4130 83
-10.7387 0000 91.4360 87
-10.6991 0000 91.4378 119
-10.6585 0000 91.4225 108
-10.6207 0000 91.4541 97
-10.5815 0000 91.4622 83
-10.5418 0000 91.4618 71
-10.5024 0000 91.4657 60
-10.4663 0000 91.5272 54
-10.4272 0000 91.5375 57
-10.3842 0000 91.4795 74
-10.3403 0000 91.4066 122
-10.2985 0000 91.3699 201
-10.2580 0000 91.3546 293
-10.2175 0000 91.3393 375
-10.1765 0000 91.3155 413
-10.1372 0000 91.3215 344
-10.0982 0000 91.3339 330
-10.0584 0000 91.3314 364
-10.0196 0000 91.3459 339
-9.9806 0000 91.3583 299
-9.9420 0000 91.3771 232
-9.9046 0000 91.4173 212
-9.8652 0000 91.4233 208
-9.8257 0000 91.4250 208
-9.7863 0000 91.4310 229
-9.7479 0000 91.4541 303
-9.7093 0000 91.4751 300
-9.6709 0000 91.4982 232
-9.6348 0000 91.5661 170
-9.5991 0000 91.6406 123
-9.5665 0000 91.7750 117
-9.5281 0000 91.8003 130
-9.4881 0000 91.7956 109
-9.4478 0000 91.7867 79
-9.4079 0000 91.7841 66
-9.3658 0000 91.7388 64
-9.3240 0000 91.6977 66
-9.2803 0000 91.6204 92
-9.2401 0000 91.6114 139
-9.1994 0000 91.5918 200
-9.1582 0000 91.5615 239
-9.1181 0000 91.5547 310
-9.0787 0000 91.5607 336
-9.0391 0000 91.5625 338
-8.9993 0000 91.5599 321
-8.9592 0000 91.5531 276
-8.9192 0000 91.5464 216
-8.8794 0000 91.5438 156
-8.8400 0000 91.5499 106
-8.8059 0000 91.6670 79
-8.7702 0000 91.7501 109
-8.7315 0000 91.7711 104
-8.6929 0000 91.7965 98
-8.6552 0000 91.8389 84
-8.6155 0000 91.8407 71
-8.5731 0000 91.7846 63
-8.5302 0000 91.7178 86
-8.4899 0000 91.7068 139
-8.4488 0000 91.6764 208
-8.4085 0000 91.6653 315
-8.3689 0000 91.6671 342
-8.3297 0000 91.6795 253
-8.2915 0000 91.7134 139
-8.2538 0000 91.7580 93
-8.2155 0000 91.7919 71
-8.1759 0000 91.7958 84
-8.1368 0000 91.8104 122
-8.0969 0000 91.8079 185
-8.0571 0000 91.8075 252
-8.0174 0000 91.8093 277
-7.9781 0000 91.8196 260
-7.9386 0000 91.8257 249
-7.8987 0000 91.8231 224
-7.8584 0000 91.8099 201
-7.8181 0000 91.7988 182
-7.7782 0000 91.7963 141
-7.7375 0000 91.7723 117
-7.6963 0000 91.7398 90
-7.6555 0000 91.7138 85
-7.6153 0000 91.7027 70
-7.5727 0000 91.6338 58
-7.5289 0000 91.5330 57
-7.4840 0000 91.4067 49
-7.4357 0000 91.1933 61
-7.3971 0000 91.2184 81
-7.3580 0000 91.2329 106
-7.3196 0000 91.2624 109
-7.2802 0000 91.2705 102
-7.2416 0000 91.2979 104
-7.2021 0000 91.3017 112
-7.1620 0000 91.2907 126
-7.1222 0000 91.2861 141
-7.0832 0000 91.3028 144
-7.0456 0000 91.3578 166
-7.0073 0000 91.3937 172
-6.9685 0000 91.4189 163
-6.9279 0000 91.3951 113
-6.9146 0000 92.1103 109
-6.8721 0000 92.0368 108
-6.8309 0000 91.9999 137
-6.7906 0000 91.9867 180
-6.7507 0000 91.9863 167
-6.7092 0000 91.9387 171
-6.6673 0000 91.8804 230
-6.6263 0000 91.8479 319
-6.5875 0000 91.8754 280
-6.5494 0000 91.9244 216
-6.5113 0000 91.9756 187
-6.4739 0000 92.0462 160
-6.4364 0000 92.1168 147
-6.3978 0000 92.1531 164
-6.3590 0000 92.1872 182
-6.3200 0000 92.2127 224
-6.2803 0000 92.2209 226
-6.2413 0000 92.2486 190
-6.2025 0000 92.2806 170
-6.1644 0000 92.3385 127
-6.1203 0000 92.2088 96
-6.0791 0000 92.1675 81
-6.0396 0000 92.1779 65
-6.0000 0000 92.1884 67
-5.9602 0000 92.1902 97
-5.9190 0000 92.1489 149
-5.8775 0000 92.0969 189
-5.8362 0000 92.0493 215
-5.7953 0000 92.0145 227
-5.7548 0000 91.9927 203
-5.7140 0000 91.9623 155
-5.6733 0000 91.9340 167
-5.6334 0000 91.9315 181
-5.5936 0000 91.9312 184
-5.5537 0000 91.9308 184
-5.5139 0000 91.9305 190
-5.4742 0000 91.9366 191
-5.4352 0000 91.9663 184
-5.3963 0000 92.0004 213
-5.3572 0000 92.0301 197
-5.3175 0000 92.0363 181
-5.2775 0000 92.0295 164
-5.2372 0000 92.0119 155
-5.1964 0000 91.9794 160
-5.1571 0000 92.0005 149
-5.1161 0000 91.9572 156
-5.0762 0000 91.9547 175
-5.0364 0000 91.9544 187
-4.9970 0000 91.9755 200
-4.9574 0000 91.9859 183
-4.9175 0000 91.9835 164
-4.8774 0000 91.9745 148
-4.8366 0000 91.9355 133
-4.7966 0000 91.9266 124
-4.7565 0000 91.9177 121
-4.7156 0000 91.8744 134
-4.6758 0000 91.8762 152
-4.6360 0000 91.8759 157
-4.5963 0000 91.8798 157
-4.5557 0000 91.8494 201
-4.5157 0000 91.8405 198
-4.4757 0000 91.8337 145
-4.4352 0000 91.8034 110
-4.3946 0000 91.7687 95
-4.3548 0000 91.7663 93
-4.3155 0000 91.7917 103
-4.2760 0000 91.8085 123
-4.2368 0000 91.8360 120
-4.1972 0000 91.8464 118
-4.1574 0000 91.8504 110
-4.1175 0000 91.8458 101
-4.0775 0000 91.8347 89
-4.0358 0000 91.7443 78
-3.9949 0000 91.6882 83
-3.9541 0000 91.6322 75
-3.9142 0000 91.6297 63
-3.8745 0000 91.6315 59
-3.8361 0000 91.7040 60
-3.7972 0000 91.7530 80
-3.7573 0000 91.7484 136
-3.7171 0000 91.7266 174
-3.6774 0000 91.7327 194
-3.6374 0000 91.7216 176
-3.5972 0000 91.7020 147
-3.5574 0000 91.6974 123
-3.5176 0000 91.6992 118
-3.4784 0000 91.7396 111
-3.4395 0000 91.7950 173
-3.4002 0000 91.8247 220
-3.3607 0000 91.8458 262
-3.3212 0000 91.8712 252
-3.2817 0000 91.8902 269
-3.2416 0000 91.8727 240
-3.2015 0000 91.8552 229
-3.1613 0000 91.8313 200
-3.1211 0000 91.8073 127
-3.0796 0000 91.6869 106
-3.0378 0000 91.5432 154
-2.9981 0000 91.5450 231
-2.9584 0000 91.5489 280
-2.9190 0000 91.5764 259
-2.8797 0000 91.6124 178
-2.8417 0000 91.7535 136
-2.8023 0000 91.7918 153
-2.7625 0000 91.7871 175
-2.7227 0000 91.7932 184
-2.6833 0000 91.8251 198
-2.6436 0000 91.8376 213
-2.6037 0000 91.8395 246
-2.5638 0000 91.8327 249
-2.5239 0000 91.8259 224
-2.4843 0000 91.8470 217
-2.4446 0000 91.8574 247
-2.4050 0000 91.8829 249
-2.3651 0000 91.8804 245
-2.3251 0000 91.8565 238
-2.2850 0000 91.8304 203
-2.2450 0000 91.8193 171
-2.2050 0000 91.7911 155
-2.1650 0000 91.7736 146
-2.1250 0000 91.7518 126
-2.0850 0000 91.7365 96
-2.0447 0000 91.6718 81
-2.0051 0000 91.6929 86
-1.9653 0000 91.6926 99
-1.9253 0000 91.6687 119
-1.8854 0000 91.6620 154
-1.8455 0000 91.6424 144
-1.8056 0000 91.6313 110
-1.7658 0000 91.6224 78
-1.7262 0000 91.6457 64
-1.6860 0000 91.5897 58
-1.6466 0000 91.6536 64
-1.6070 0000 91.6875 78
-1.5672 0000 91.6915 102
-1.5275 0000 91.7147 115
-1.4879 0000 91.7509 137
-1.4481 0000 91.7677 140
-1.4085 0000 91.8124 122
-1.3687 0000 91.8186 101
-1.3288 0000 91.8140 91
-1.2890 0000 91.8093 88
-1.2492 0000 91.8155 99
-1.2094 0000 91.8280 134
-1.1696 0000 91.8384 190
-1.1298 0000 91.8574 222
-1.0899 0000 91.8485 225
-1.0500 0000 91.8182 211
-1.0102 0000 91.8114 186
-0.9703 0000 91.8175 175
-0.9305 0000 91.8322 172
-0.8907 0000 91.8598 160
-0.8509 0000 91.8681 150
-0.8110 0000 91.8893 153
-0.7712 0000 91.8846 148
-0.7313 0000 91.8521 130
-0.6915 0000 91.8411 128
-0.6516 0000 91.8236 152
-0.6118 0000 91.8512 169
-0.5719 0000 91.8594 196
-0.5321 0000 91.8591 217
-0.4923 0000 91.8567 227
-0.4524 0000 91.8563 224
-0.4125 0000 91.8818 224
-0.3726 0000 91.9245 200
-0.3326 0000 91.9714 233
-0.2927 0000 92.0034 219
-0.2528 0000 92.0289 221
-0.2129 0000 92.0307 203
-0.1730 0000 92.0261 193
-0.1331 0000 92.0258 170
-0.0932 0000 92.0233 138
-0.0534 0000 92.0122 122
-0.0137 0000 91.9646 133
0.0261 0000 91.9557 156
0.0660 0000 91.9468 167
0.1058 0000 91.9379 166
0.1456 0000 91.9332 177
0.1855 0000 91.9329 191
0.2253 0000 91.9326 190
0.2652 0000 91.9366 168
0.3050 0000 91.9234 134
0.3450 0000 91.9467 97
0.3851 0000 91.9786 104
0.4250 0000 91.9848 101
0.4648 0000 91.9845 92
0.5049 0000 92.0143 84
0.5451 0000 92.0505 95
0.5850 0000 92.0610 97
0.6251 0000 92.0886 93
0.6651 0000 92.0948 103
0.7051 0000 92.1138 114
0.7449 0000 92.1070 131
0.7844 0000 92.0550 148
0.8243 0000 92.0569 170
0.8644 0000 92.0802 197
0.9043 0000 92.0821 193
0.9444 0000 92.1076 159
0.9846 0000 92.1374 150
1.0246 0000 92.1414 145
1.0644 0000 92.1368 141
1.1043 0000 92.1321 138
1.1443 0000 92.1404 136
1.1847 0000 92.1875 116
1.2254 0000 92.2648 106
1.2662 0000 92.3400 113
1.3062 0000 92.3440 115
1.3461 0000 92.3393 119
1.3855 0000 92.2980 128
1.4257 0000 92.3171 132
1.4656 0000 92.3146 142
1.5051 0000 92.2819 159
1.5446 0000 92.2449 168
1.5842 0000 92.2187 198
1.6238 0000 92.1946 179
1.6637 0000 92.1921 164
1.7039 0000 92.2177 171
1.7443 0000 92.2497 159
1.7848 0000 92.2882 162
1.8256 0000 92.3505 153
1.8660 0000 92.3847 145
1.9064 0000 92.4124 165
1.9465 0000 92.4251 194
1.9866 0000 92.4355 214
2.0274 0000 92.4849 208
2.0679 0000 92.5214 196
2.1084 0000 92.5556 230
2.1486 0000 92.5661 234
2.1890 0000 92.5918 202
2.2294 0000 92.6174 175
2.2699 0000 92.6474 110
2.3101 0000 92.6557 70
2.3494 0000 92.6164 52
2.3852 0000 92.3781 62
2.4251 0000 92.3735 62
2.4650 0000 92.3710 77
2.5049 0000 92.3706 82
2.5449 0000 92.3725 75
2.5855 0000 92.4088 65
2.6275 0000 92.5145 72
2.6690 0000 92.5942 97
2.7090 0000 92.5960 125
2.7491 0000 92.6022 130
2.7891 0000 92.6040 115
2.8287 0000 92.5842 92
2.8672 0000 92.5103 82
2.9046 0000 92.3845 84
2.9440 0000 92.3540 95
2.9841 0000 92.3623 103
3.0253 0000 92.4246 107
3.0670 0000 92.5042 130
3.1086 0000 92.5818 153
3.1493 0000 92.6140 178
3.1898 0000 92.6375 179
3.2300 0000 92.6458 192
3.2707 0000 92.6758 209
3.3109 0000 92.6863 214
3.3510 0000 92.6903 237
3.3911 0000 92.6943 258
3.4311 0000 92.6940 243
3.4709 0000 92.6828 196
3.5101 0000 92.6521 152
3.5500 0000 92.6475 147
3.5900 0000 92.6471 166
3.6299 0000 92.6446 189
3.6699 0000 92.6421 193
3.7099 0000 92.6418 187
3.7498 0000 92.6415 171
3.7898 0000 92.6411 151
3.8295 0000 92.6300 148
3.8683 0000 92.5841 163
3.9073 0000 92.5448 183
3.9397 0000 92.2593 137
3.9738 0000 92.0435 177
4.0093 0000 91.8820 393
4.0485 0000 91.8602 431
4.0871 0000 91.8191 431
4.1260 0000 91.7866 484
4.1656 0000 91.7777 448
4.2051 0000 91.7709 416
4.2447 0000 91.7641 407
4.2846 0000 91.7681 360
4.3248 0000 91.7828 288
4.3651 0000 91.7996 214
4.4055 0000 91.8208 153
4.4700 0000 92.6507 96
4.5092 0000 92.6266 118
4.5494 0000 92.6328 162
4.5898 0000 92.6476 210
4.6299 0000 92.6494 271
4.6696 0000 92.6405 273
4.7094 0000 92.6336 274
4.7484 0000 92.6030 310
4.7879 0000 92.5897 325
4.8277 0000 92.5829 283
4.8677 0000 92.5825 206
4.9070 0000 92.5627 138
4.9469 0000 92.5603 112
4.9867 0000 92.5556 104
5.0245 0000 92.4925 109
5.0623 0000 92.4274 131
5.1011 0000 92.3946 164
5.1399 0000 92.3598 160
5.1772 0000 92.2839 162
5.2140 0000 92.1930 190
5.2522 0000 92.1453 233
5.2919 0000 92.1407 283
5.3317 0000 92.1382 299
5.3717 0000 92.1444 260
5.4126 0000 92.1721 265
5.4524 0000 92.1718 265
5.4910 0000 92.1348 246
5.5306 0000 92.1281 213
5.5712 0000 92.1493 185
5.6113 0000 92.1555 148
5.6504 0000 92.1358 140
5.6902 0000 92.1333 152
5.7300 0000 92.1309 133
5.7701 0000 92.1392 116
5.8098 0000 92.1346 96
5.8486 0000 92.1063 77
5.8861 0000 92.0457 78
5.9256 0000 92.0368 82
5.9663 0000 92.0602 93
6.0066 0000 92.0707 103
6.0477 0000 92.1027 106
6.0880 0000 92.1153 121
6.1281 0000 92.1214 144
6.1696 0000 92.1621 171
6.2097 0000 92.1682 194
6.2495 0000 92.1658 206
6.2883 0000 92.1397 191
6.3268 0000 92.1071 191
6.3659 0000 92.0896 173
6.4044 0000 92.0570 186
6.4434 0000 92.0373 186
6.4832 0000 92.0370 201
6.5246 0000 92.0733 205
6.5662 0000 92.1161 196
6.6077 0000 92.1546 207
6.6486 0000 92.1780 234
6.6901 0000 92.2165 203
6.7318 0000 92.2572 157
6.7682 0000 92.1793 124
6.7995 0000 91.9832 136
6.8381 0000 91.9571 133
6.8754 0000 91.9010 129
6.9085 0000 91.7505 134
6.9445 0000 91.6666 182
6.9836 0000 91.6514 179
7.0249 0000 91.6875 150
7.0672 0000 91.7429 136
7.1081 0000 91.7684 124
7.1547 0000 91.9162 127
7.1961 0000 91.9503 133
7.2359 0000 91.9500 133
7.2755 0000 91.9455 117
7.3137 0000 91.9108 85
7.3491 0000 91.8182 60
7.3822 0000 91.6786 56
7.4195 0000 91.6269 74
7.4581 0000 91.6031 89
7.4978 0000 91.6029 105
7.5377 0000 91.6069 98
7.5776 0000 91.6087 86
7.6168 0000 91.5999 70
7.6559 0000 91.5868 50
7.6921 0000 91.5159 41
7.7280 0000 91.4387 41
7.7662 0000 91.4086 43
7.8043 0000 91.3763 40
7.8422 0000 91.3419 46
7.8819 0000 91.3416 59
7.9217 0000 91.3456 63
7.9614 0000 91.3453 55
8.0025 0000 91.3749 45
8.0438 0000 91.4067 37
0.0000 0000 0.0000 0
0.0000 0000 0.0000 0
0.0000 0000 0.0000 0
8.2005 0000 91.3672 36
8.2383 0000 91.3328 48
8.2769 0000 91.3133 61
8.3167 0000 91.3152 73
8.3561 0000 91.3107 74
8.3992 0000 91.3744 74
8.4446 0000 91.4810 100
8.4876 0000 91.5427 132
8.5279 0000 91.5532 154
8.5680 0000 91.5615 152
8.6075 0000 91.5569 125
8.6446 0000 91.5096 94
8.6820 0000 91.4687 86
8.7200 0000 91.4385 79
8.7594 0000 91.4340 77
8.7963 0000 91.3846 86
8.8339 0000 91.3481 96
8.8703 0000 91.2902 122
8.9087 0000 91.2686 152
8.9463 0000 91.2321 164
8.9843 0000 91.2042 193
9.0245 0000 91.2146 168
9.0642 0000 91.2164 134
9.1040 0000 91.2183 113
9.1412 0000 91.1776 121
9.1802 0000 91.1667 141
9.2201 0000 91.1728 156
9.2606 0000 91.1875 143
9.3009 0000 91.2000 111
9.3425 0000 91.2338 94
9.3842 0000 91.2677 92
9.4236 0000 91.2653 120
9.4631 0000 91.2629 170
9.5028 0000 91.2648 226
9.5427 0000 91.2688 269
9.5826 0000 91.2728 297
9.6231 0000 91.2875 289
9.6625 0000 91.2851 281
9.7020 0000 91.2827 257
9.7406 0000 91.2654 247
9.7795 0000 91.2545 212
9.8171 0000 91.2222 172
9.8564 0000 91.2177 170
9.8958 0000 91.2153 190
9.9339 0000 91.1917 219
9.9718 0000 91.1637 209
10.0108 0000 91.1549 206
10.0476 0000 91.1121 212
10.0885 0000 91.1332 224
10.1267 0000 91.1116 197
10.1672 0000 91.1263 164
10.2089 0000 91.1580 155
10.2490 0000 91.1662 159
10.2898 0000 91.1851 186
10.3292 0000 91.1828 188
10.3672 0000 91.1591 155
10.4058 0000 91.1440 135
10.4401 0000 91.0650 127
10.4759 0000 91.0074 135
10.5155 0000 91.0092 134
10.5553 0000 91.0132 132
10.5968 0000 91.0428 124
10.6376 0000 91.0617 144
10.6803 0000 91.1082 161
10.7206 0000 91.1186 165
10.7607 0000 91.1269 173
10.8013 0000 91.1415 195
10.8411 0000 91.1455 219
10.8802 0000 91.1389 231
10.9196 0000 91.1366 217
10.9584 0000 91.1257 167
10.9965 0000 91.1042 117
11.0341 0000 91.0763 111
11.0748 0000 91.0931 118
11.1143 0000 91.0928 126
11.1507 0000 91.0479 111
11.1870 0000 91.0031 102
11.2258 0000 90.9922 93
11.2674 0000 91.0217 82
11.3121 0000 91.0938 80
11.3554 0000 91.1467 77
11.3973 0000 91.1784 88
11.4331 0000 91.1271 109
11.4714 0000 91.1099 136
11.5105 0000 91.1033 176
11.5500 0000 91.1031 206
11.5887 0000 91.0922 192
11.6275 0000 91.0813 181
11.6689 0000 91.1066 147
11.7093 0000 91.1192 142
11.7519 0000 91.1594 166
11.7901 0000 91.1421 242
11.8273 0000 91.1100 436
11.8663 0000 91.1034 573
11.9066 0000 91.1138 603
11.9474 0000 91.1306 607
11.9882 0000 91.1474 560
12.0278 0000 91.1472 557
12.0687 0000 91.1661 613
12.1089 0000 91.1744 585
12.1491 0000 91.1827 526
12.1898 0000 91.1974 430
12.2301 0000 91.2078 266
12.2707 0000 91.2204 128
12.3097 0000 91.2138 59
0.0000 0000 0.0000 0
0.0000 0000 0.0000 0
12.4948 0000 92.0628 41
12.5350 0000 92.0690 58
12.5731 0000 92.0473 80
12.6102 0000 92.0148 91
12.6472 0000 91.9802 96
12.6863 0000 91.9714 109
12.7253 0000 91.9626 120
12.7650 0000 91.9623 127
12.8054 0000 91.9707 133
12.8472 0000 91.9963 148
12.8891 0000 92.0240 141
12.9332 0000 92.0776 137
12.9745 0000 92.0967 136
13.0170 0000 92.1309 141
13.0588 0000 92.1565 174
13.0986 0000 92.1563 204
13.1383 0000 92.1561 209
13.1789 0000 92.1666 197
13.2199 0000 92.1815 188
13.2639 0000 92.2330 173
13.3071 0000 92.2737 168
13.3515 0000 92.3296 172
13.3921 0000 92.3402 179
13.4325 0000 92.3464 175
13.4726 0000 92.3505 173
13.5122 0000 92.3481 152
13.5512 0000 92.3393 117
13.5912 0000 92.3412 105
13.6339 0000 92.3755 110
13.6745 0000 92.3861 122
13.7165 0000 92.4118 134
13.7567 0000 92.4159 134
13.7987 0000 92.4416 119
13.8412 0000 92.4737 117
13.8858 0000 92.5297 118
13.9294 0000 92.5727 135
13.9723 0000 92.6093 186
14.0129 0000 92.6177 229
14.0531 0000 92.6218 255
14.0929 0000 92.6216 235
14.1325 0000 92.6192 185
14.1720 0000 92.6146 150
14.2112 0000 92.6079 149
14.2489 0000 92.5839 162
14.2879 0000 92.5750 195
14.3264 0000 92.5596 247
14.3658 0000 92.5551 260
14.4058 0000 92.5570 247
14.4457 0000 92.5590 219
14.4851 0000 92.5544 197
14.5247 0000 92.5520 184
14.5682 0000 92.5929 173
14.6099 0000 92.6143 165
14.6521 0000 92.6400 179
14.6946 0000 92.6701 162
14.7369 0000 92.6980 147
14.7783 0000 92.7151 140
14.8237 0000 92.7755 139
14.8643 0000 92.7839 146
14.9043 0000 92.7858 154
14.9439 0000 92.7834 153
14.9831 0000 92.7767 145
15.0211 0000 92.7569 141
15.0609 0000 92.7567 128
15.1009 0000 92.7586 124
15.1411 0000 92.7627 117
15.1811 0000 92.7646 103
15.2252 0000 92.8099 95
15.2654 0000 92.8140 95
15.3023 0000 92.7834 103
15.3419 0000 92.7810 117
15.3833 0000 92.7981 132
15.4229 0000 92.7956 161
15.4627 0000 92.7954 182
15.5021 0000 92.7908 181
15.5380 0000 92.7494 158
15.5761 0000 92.7318 131
15.6136 0000 92.7077 119
15.6534 0000 92.7075 100
15.6958 0000 92.7354 88
15.7414 0000 92.7958 88
15.7795 0000 92.7782 99
15.8168 0000 92.7519 100
15.8559 0000 92.7452 101
15.8955 0000 92.7428 96
15.9355 0000 92.7447 93
15.9803 0000 92.7964 84
16.0209 0000 92.8048 85
16.0602 0000 92.8002 95
16.0936 0000 92.7350 101
16.1261 0000 92.6611 99
16.1599 0000 92.6003 90
16.1972 0000 92.5763 87
16.2376 0000 92.5825 84
16.2799 0000 92.6082 84
16.3246 0000 92.6577 76
16.3647 0000 92.6617 80
16.4068 0000 92.6853 87
16.4472 0000 92.6915 112
16.4889 0000 92.7107 135
16.5286 0000 92.7105 151
16.5690 0000 92.7167 145
16.6100 0000 92.7294 137
16.6506 0000 92.7378 130
16.6903 0000 92.7376 115
16.7272 0000 92.7092 109
16.7634 0000 92.6743 92
16.8020 0000 92.6632 89
16.8410 0000 92.6564 90
16.8781 0000 92.6302 95
16.9184 0000 92.6364 110
16.9606 0000 92.6600 120
16.9976 0000 92.6337 98
17.0344 0000 92.6054 85
17.0736 0000 92.6008 74
17.1128 0000 92.5962 72
17.1545 0000 92.6154 81
17.1949 0000 92.6216 90
17.2352 0000 92.6278 101
17.2738 0000 92.6168 106
17.3100 0000 92.5841 107
17.3483 0000 92.5708 125
17.3903 0000 92.5922 119
17.4425 0000 92.7109 89
17.4905 0000 92.7885 99
17.5306 0000 92.7926 121
17.5706 0000 92.7945 143
17.6107 0000 92.7985 161
17.6405 0000 92.7052 154
17.6748 0000 92.6552 162
17.7061 0000 92.5771 166
17.7483 0000 92.6006 152
17.7922 0000 92.6392 145
17.8388 0000 92.7038 150
17.8752 0000 92.6733 171
17.9116 0000 92.6427 172
17.9444 0000 92.5798 165
17.9801 0000 92.5428 177
18.0192 0000 92.5382 200
18.0536 0000 92.4905 225
18.0930 0000 92.4880 248
18.1329 0000 92.4899 251
18.1722 0000 92.4875 241
18.2109 0000 92.4786 211
18.2466 0000 92.4438 190
18.2826 0000 92.4112 178
18.2878 0000 92.1011 135
18.2947 0000 91.8093 186
18.3339 0000 91.8069 237
18.3719 0000 91.7938 293
18.4106 0000 91.7871 286
18.4520 0000 91.8040 207
18.4972 0000 91.8551 174
18.5412 0000 91.8956 149
18.5809 0000 91.8975 177
18.6204 0000 91.8972 213
18.6603 0000 91.9012 224
18.7000 0000 91.9031 208
18.7389 0000 91.8986 186
18.7776 0000 91.8919 170
18.8156 0000 91.8788 174
18.8545 0000 91.8743 132
18.8934 0000 91.8697 75
18.9348 0000 91.8866 51
0.0000 0000 0.0000 0
0.0000 0000 0.0000 0
0.0000 0000 0.0000 0
19.0688 0000 91.6824 37
19.1117 0000 91.7121 51
19.1540 0000 91.7375 62
19.1909 0000 91.7158 63
19.2305 0000 91.7177 66
19.2704 0000 91.7217 68
19.3095 0000 91.7193 74
19.3489 0000 91.7191 79
19.3880 0000 91.7167 74
19.4238 0000 91.6865 59
19.4426 0000 91.5135 45
19.4699 0000 91.4131 62
19.5013 0000 91.3469 89
19.5375 0000 91.3211 166
19.5778 0000 91.3294 273
19.6185 0000 91.3419 332
19.6586 0000 91.3480 350
19.6976 0000 91.3456 372
19.7371 0000 91.3475 354
19.7773 0000 91.3558 301
19.8205 0000 91.3874 284
19.8613 0000 91.4000 274
19.9026 0000 91.4167 198
19.9457 0000 91.4484 134
19.9884 0000 91.4758 103
20.0305 0000 91.4990 73
20.0918 0000 91.6779 50
20.1553 0000 91.8744 67
20.2020 0000 91.9341 88
20.2430 0000 91.9467 99
20.2831 0000 91.9528 112
20.3228 0000 91.9547 132
20.3624 0000 91.9566 149
20.4020 0000 91.9585 169
20.4417 0000 91.9604 194
20.4810 0000 91.9601 205
20.5161 0000 91.9256 193
20.5509 0000 91.8889 215
20.5888 0000 91.8780 229
20.6279 0000 91.8756 229
20.6621 0000 91.8347 208
20.6990 0000 91.8152 201
20.7378 0000 91.8107 201
20.7773 0000 91.8126 175
20.8164 0000 91.8102 151
20.8554 0000 91.8078 142
20.8944 0000 91.8054 138
20.9332 0000 91.8009 140
20.9692 0000 91.7750 136
21.0082 0000 91.7726 135
21.0461 0000 91.7617 133
21.0807 0000 91.7251 136
21.1139 0000 91.6779 114
21.1471 0000 91.6307 87
21.1725 0000 91.5238 89
21.2109 0000 91.5172 112
21.2504 0000 91.5191 141
21.2910 0000 91.5295 159
21.3313 0000 91.5378 168
21.3717 0000 91.5461 171
21.4159 0000 91.5843 178
21.4562 0000 91.5926 193
21.4958 0000 91.5945 196
21.5367 0000 91.6071 187
21.5801 0000 91.6389 181
21.6196 0000 91.6409 207
21.6574 0000 91.6300 229
21.6987 0000 91.6447 202
21.7385 0000 91.6488 139
21.7740 0000 91.6209 95
21.8115 0000 91.6079 85
21.8496 0000 91.5991 83
21.8885 0000 91.5968 84
21.9274 0000 91.5945 91
21.9638 0000 91.5730 98
22.0033 0000 91.5749 114
22.0422 0000 91.5726 123
22.0814 0000 91.5724 125
22.1194 0000 91.5637 125
22.1456 0000 91.4677 112
22.1701 0000 91.3590 104
22.2057 0000 91.3333 109
22.2449 0000 91.3331 108
22.2843 0000 91.3351 102
22.3261 0000 91.3541 97
22.3664 0000 91.3624 91
22.4093 0000 91.3900 98
22.4491 0000 91.3941 110
22.4888 0000 91.3982 106
22.5338 0000 91.4406 100
22.5697 0000 91.4171 107
22.6054 0000 91.3914 104
22.6427 0000 91.3786 104
22.6766 0000 91.3402 107
22.7104 0000 91.3018 106
22.7483 0000 91.2932 118
22.7865 0000 91.2867 138
22.8227 0000 91.2653 125
22.8591 0000 91.2461 127
22.8920 0000 91.2014 139
22.9311 0000 91.2013 138
22.9711 0000 91.2076 119
23.0087 0000 91.1969 115
23.0475 0000 91.1947 130
23.0905 0000 91.2222 133
23.1341 0000 91.2540 93
23.1774 0000 91.2837 81
23.2177 0000 91.2921 91
23.2571 0000 91.2942 105
23.2923 0000 91.2665 86
23.3268 0000 91.2346 85
23.3650 0000 91.2281 93
23.4005 0000 91.2026 89
23.4423 0000 91.2217 80
23.4900 0000 91.2811 80
23.5303 0000 91.2896 89
23.5789 0000 91.3554 98
23.6236 0000 91.3937 100
23.6670 0000 91.4235 105
23.7077 0000 91.4341 108
23.7515 0000 91.4660 116
23.7897 0000 91.4595 104
23.8226 0000 91.4169 83
23.8562 0000 91.3786 78
23.8872 0000 91.3233 75
23.9179 0000 91.2658 78
23.9511 0000 91.2254 88
23.9839 0000 91.1829 112
24.0180 0000 91.1489 118
24.0564 0000 91.1447 131
24.0930 0000 91.1277 163
24.1327 0000 91.1319 177
24.1758 0000 91.1595 171
24.2155 0000 91.1637 147
24.2596 0000 91.1977 111
24.3047 0000 91.2380 105
24.3517 0000 91.2912 92
24.3978 0000 91.3379 102
24.4445 0000 91.3890 125
24.4849 0000 91.3975 133
24.5247 0000 91.4017 117
24.5641 0000 91.4039 96
24.6106 0000 91.4528 91
24.6504 0000 91.4571 98
24.6889 0000 91.4528 107
24.7241 0000 91.4273 109
24.7636 0000 91.4294 127
24.8066 0000 91.4549 147
24.8499 0000 91.4826 188
24.8891 0000 91.4826 213
24.9279 0000 91.4805 221
24.9670 0000 91.4805 218
25.0061 0000 91.4805 208
25.0456 0000 91.4826 181
25.0785 0000 91.4421 156
