wt=150926062, DLLFiFo=0
-25.1929 0000 89.3410 310
-25.1550 0000 89.3466 221
-25.1164 0000 89.3480 167
-25.0773 0000 89.3452 133
-25.0397 0000 89.3528 97
-25.0050 0000 89.3811 94
-24.9698 0000 89.4053 96
-24.9318 0000 89.4108 107
-24.8933 0000 89.4122 113
-24.8547 0000 89.4136 123
-24.8174 0000 89.4233 128
-24.7821 0000 89.4475 110
-24.7438 0000 89.4510 101
-24.7076 0000 89.4690 95
-24.6711 0000 89.4849 78
-24.6370 0000 89.5174 80
-24.6007 0000 89.5354 87
-24.5625 0000 89.5389 108
-24.5239 0000 89.5403 117
-24.4856 0000 89.5438 116
-24.4499 0000 89.5659 132
-24.4116 0000 89.5694 129
-24.3701 0000 89.5501 107
-24.3309 0000 89.5473 93
-24.2976 0000 89.5861 84
-24.2587 0000 89.5855 89
-24.2189 0000 89.5786 104
-24.1791 0000 89.5717 118
-24.1411 0000 89.5773 133
-24.1028 0000 89.5808 157
-24.0639 0000 89.5801 165
-24.0258 0000 89.5857 150
-23.9916 0000 89.6183 128
-23.9549 0000 89.6343 139
-23.9163 0000 89.6357 148
-23.8774 0000 89.6351 128
-23.8379 0000 89.6303 116
-23.7984 0000 89.6255 124
-23.7592 0000 89.6228 159
-23.7189 0000 89.6118 152
-23.6791 0000 89.6049 175
-23.6402 0000 89.6043 201
-23.6035 0000 89.6203 197
-23.5674 0000 89.6404 212
-23.5302 0000 89.6523 185
-23.4896 0000 89.6392 202
-23.4512 0000 89.6427 187
-23.4128 0000 89.6463 183
-23.3739 0000 89.6457 182
-23.3347 0000 89.6430 181
-23.2977 0000 89.6569 174
-23.2604 0000 89.6688 178
-23.2235 0000 89.6827 174
-23.1870 0000 89.7009 166
-23.1522 0000 89.7315 162
-23.1169 0000 89.7579 130
-23.0807 0000 89.7782 125
-23.0428 0000 89.7859 110
-23.0038 0000 89.7853 90
-22.9643 0000 89.7806 70
-22.9253 0000 89.7800 69
-22.8863 0000 89.7794 73
-22.8479 0000 89.7830 95
-22.8130 0000 89.8137 114
-22.7773 0000 89.8381 147
-22.7386 0000 89.8396 144
-22.7004 0000 89.8453 135
-22.6652 0000 89.8740 131
-22.6292 0000 89.8964 147
-22.5910 0000 89.9021 145
-22.5528 0000 89.9078 154
-22.5167 0000 89.9302 167
-22.4782 0000 89.9338 179
-22.4394 0000 89.9354 154
-22.4031 0000 89.9557 150
-22.3646 0000 89.9594 166
-22.3258 0000 89.9609 178
-22.2894 0000 89.9813 166
-22.2512 0000 89.9870 165
-22.2121 0000 89.9865 145
-22.1712 0000 89.9714 128
-22.1332 0000 89.9793 118
-22.0981 0000 90.0101 125
-22.0627 0000 90.0388 175
-22.0242 0000 90.0425 203
-21.9848 0000 90.0399 185
-21.9468 0000 90.0478 167
-21.9077 0000 90.0473 197
-21.8702 0000 90.0594 183
-21.8390 0000 90.1216 142
-21.8017 0000 90.1358 122
-21.7652 0000 90.1562 118
-21.7264 0000 90.1579 113
-21.6880 0000 90.1637 117
-21.6486 0000 90.1611 122
-21.6090 0000 90.1565 121
-21.5704 0000 90.1602 116
-21.5320 0000 90.1660 116
-21.4934 0000 90.1697 123
-21.4545 0000 90.1714 123
-21.4157 0000 90.1730 111
-21.3765 0000 90.1726 112
-21.3376 0000 90.1742 135
-21.2990 0000 90.1780 166
-21.2619 0000 90.1943 171
-21.2228 0000 90.1938 163
-21.1839 0000 90.1955 144
-21.1480 0000 90.2223 154
-21.1168 0000 90.2868 162
-21.0819 0000 90.3221 166
-21.0437 0000 90.3300 160
-21.0010 0000 90.3002 154
-20.9575 0000 90.2642 154
-20.9158 0000 90.2428 130
-20.8767 0000 90.2423 120
-20.8362 0000 90.2314 162
-20.7953 0000 90.2163 265
-20.7567 0000 90.2201 271
-20.7175 0000 90.2197 226
-20.6761 0000 90.2004 186
-20.6362 0000 90.1937 157
-20.5945 0000 90.1723 129
-20.5549 0000 90.1677 107
-20.5167 0000 90.1757 117
-20.4815 0000 90.2088 150
-20.4425 0000 90.2105 180
-20.4034 0000 90.2101 221
-20.3639 0000 90.2075 260
-20.3255 0000 90.2134 271
-20.2888 0000 90.2340 250
-20.2511 0000 90.2461 251
-20.2128 0000 90.2541 234
-20.1737 0000 90.2537 201
-20.1337 0000 90.2470 153
-20.0938 0000 90.2403 118
-20.0525 0000 90.2210 131
-20.0128 0000 90.2164 169
-19.9729 0000 90.2097 198
-19.9330 0000 90.2030 171
-19.8926 0000 90.1921 137
-19.8487 0000 90.1498 127
-19.8085 0000 90.1410 111
-19.7691 0000 90.1385 104
-19.7302 0000 90.1402 112
-19.6908 0000 90.1377 104
-19.6516 0000 90.1373 99
-19.6122 0000 90.1348 107
-19.5726 0000 90.1302 112
-19.5334 0000 90.1298 140
-19.4959 0000 90.1441 171
-19.4534 0000 90.1143 195
-19.4138 0000 90.1097 183
-19.3744 0000 90.1072 152
-19.3373 0000 90.1257 143
-19.2996 0000 90.1379 126
-19.2609 0000 90.1416 114
-19.2214 0000 90.1391 116
-19.1823 0000 90.1387 120
-19.1431 0000 90.1383 115
-19.1048 0000 90.1463 109
-19.0682 0000 90.1690 124
-19.0267 0000 90.1476 124
-18.9866 0000 90.1388 136
-18.9486 0000 90.1489 131
-18.9073 0000 90.1296 146
-18.8677 0000 90.1250 146
-18.8281 0000 90.1204 139
-18.7886 0000 90.1179 135
-18.7495 0000 90.1175 146
-18.7083 0000 90.0983 162
-18.6682 0000 90.0895 210
-18.6286 0000 90.0849 314
-18.5894 0000 90.0845 464
-18.5509 0000 90.0903 554
-18.5137 0000 90.1088 523
-18.4743 0000 90.1063 509
-18.4349 0000 90.1038 465
-18.3959 0000 90.1055 399
-18.3576 0000 90.1134 349
-18.3186 0000 90.1151 349
-18.2775 0000 90.0959 366
-18.2372 0000 90.0850 324
-18.1969 0000 90.0741 282
-18.1555 0000 90.0528 217
-18.1148 0000 90.0377 210
-18.0780 0000 90.0603 250
-18.0377 0000 90.0494 251
-17.9973 0000 90.0364 264
-17.9572 0000 90.0277 246
-17.9176 0000 90.0231 188
-17.8788 0000 90.0268 162
-17.8405 0000 90.0348 182
-17.8015 0000 90.0365 189
-17.7656 0000 90.0674 192
-17.7270 0000 90.0733 199
-17.6884 0000 90.0792 199
-17.6492 0000 90.0787 197
-17.6098 0000 90.0762 188
-17.5704 0000 90.0737 172
-17.5310 0000 90.0712 178
-17.4916 0000 90.0687 195
-17.4521 0000 90.0662 197
-17.4123 0000 90.0594 203
-17.3723 0000 90.0506 243
-17.3314 0000 90.0335 259
-17.2942 0000 90.0540 250
-17.2569 0000 90.0724 210
-17.2183 0000 90.0782 200
-17.1791 0000 90.0778 171
-17.1438 0000 90.1172 155
-17.1050 0000 90.1209 169
-17.0655 0000 90.1184 206
-17.0257 0000 90.1117 241
-16.9850 0000 90.0966 266
-16.9482 0000 90.1213 224
-16.9104 0000 90.1355 191
-16.8722 0000 90.1456 153
-16.8372 0000 90.1892 144
-16.7983 0000 90.1929 177
-16.7587 0000 90.1883 216
-16.7200 0000 90.1942 226
-16.6836 0000 90.2231 208
-16.6443 0000 90.2227 201
-16.6026 0000 90.1970 191
-16.5623 0000 90.1861 154
-16.5201 0000 90.1542 150
-16.4788 0000 90.1328 181
-16.4380 0000 90.1156 167
-16.3980 0000 90.1068 163
-16.3583 0000 90.1021 175
-16.3226 0000 90.1394 209
-16.2884 0000 90.1935 284
-16.2497 0000 90.1994 325
-16.2104 0000 90.1989 312
-16.1690 0000 90.1754 259
-16.1280 0000 90.1561 238
-16.0843 0000 90.1074 233
-16.0463 0000 90.1216 238
-16.0077 0000 90.1275 235
-15.9695 0000 90.1396 254
-15.9312 0000 90.1497 274
-15.8939 0000 90.1702 297
-15.8567 0000 90.1928 275
-15.8189 0000 90.2092 298
-15.7836 0000 90.2528 323
-15.7448 0000 90.2587 308
-15.7057 0000 90.2603 262
-15.6668 0000 90.2641 240
-15.6278 0000 90.2679 296
-15.5889 0000 90.2716 387
-15.5531 0000 90.3111 412
-15.5157 0000 90.3317 409
-15.4782 0000 90.3523 384
-15.4389 0000 90.3518 350
-15.3997 0000 90.3535 296
-15.3615 0000 90.3657 279
-15.3216 0000 90.3589 236
-15.2787 0000 90.3185 208
-15.2394 0000 90.3181 209
-15.2008 0000 90.3261 218
-15.1618 0000 90.3298 222
-15.1230 0000 90.3357 207
-15.0880 0000 90.3858 198
-15.0501 0000 90.4022 212
-15.0129 0000 90.4270 196
-14.9760 0000 90.4560 201
-14.9375 0000 90.4661 198
-14.8988 0000 90.4741 204
-14.8612 0000 90.4948 228
-14.8238 0000 90.5175 211
-14.7847 0000 90.5213 231
-14.7452 0000 90.5188 266
-14.7056 0000 90.5162 303
-14.6677 0000 90.5348 287
-14.6299 0000 90.5533 286
-14.5947 0000 90.6036 297
-14.5563 0000 90.6158 258
-14.5218 0000 90.6745 195
-14.4889 0000 90.7544 190
-14.4536 0000 90.8048 214
-14.4136 0000 90.7980 218
-14.3724 0000 90.7764 217
-14.3329 0000 90.7760 194
-14.2933 0000 90.7734 170
-14.2519 0000 90.7498 172
-14.2119 0000 90.7430 179
-14.1704 0000 90.7172 168
-14.1288 0000 90.6914 177
-14.0889 0000 90.6846 171
-14.0496 0000 90.6863 162
-14.0111 0000 90.6986 168
-13.9758 0000 90.7510 195
-13.9370 0000 90.7591 219
-13.8993 0000 90.7819 204
-13.8630 0000 90.8217 215
-13.8266 0000 90.8615 197
-13.7894 0000 90.8908 211
-13.7515 0000 90.9116 188
-13.7120 0000 90.9112 191
-13.6723 0000 90.9086 242
-13.6326 0000 90.9061 348
-13.5930 0000 90.9057 404
-13.5538 0000 90.9095 360
-13.5143 0000 90.9091 311
-13.4746 0000 90.9066 301
-13.4355 0000 90.9125 271
-13.3982 0000 90.9418 231
-13.3622 0000 90.9880 187
-13.3280 0000 91.0598 217
-13.2926 0000 91.1146 252
-13.2547 0000 91.1376 287
-13.2181 0000 91.1776 328
-13.1793 0000 91.1878 317
-13.1403 0000 91.1959 258
-13.1026 0000 91.2210 245
-13.0645 0000 91.2419 269
-13.0266 0000 91.2649 257
-12.9883 0000 91.2837 238
-12.9504 0000 91.3067 180
-12.9115 0000 91.3169 171
-12.8725 0000 91.3251 175
-12.8333 0000 91.3311 196
-12.7950 0000 91.3498 239
-12.7568 0000 91.3707 223
-12.7178 0000 91.3789 198
-12.6783 0000 91.3806 157
-12.6390 0000 91.3866 129
-12.6019 0000 91.4225 141
-12.5630 0000 91.4327 164
-12.5235 0000 91.4345 169
-12.4835 0000 91.4298 150
-12.4475 0000 91.4827 149
-12.4100 0000 91.5144 164
-12.3709 0000 91.5225 180
-12.3314 0000 91.5243 174
-12.2930 0000 91.5431 162
-12.2535 0000 91.5470 143
-12.2144 0000 91.5551 131
-12.1750 0000 91.5590 113
-12.1373 0000 91.5885 108
-12.0976 0000 91.5881 113
-12.0566 0000 91.5685 122
-12.0170 0000 91.5702 143
-11.9783 0000 91.5848 133
-11.9387 0000 91.5865 114
-11.9005 0000 91.6096 104
-11.8606 0000 91.6071 94
-11.8233 0000 91.6431 98
-11.7863 0000 91.6833 102
-11.7489 0000 91.7193 111
-11.7098 0000 91.7296 127
-11.6701 0000 91.7292 140
-11.6303 0000 91.7289 152
-11.5902 0000 91.7220 153
-11.5478 0000 91.6810 141
-11.5028 0000 91.5993 164
-11.4587 0000 91.5305 202
-11.4187 0000 91.5259 231
-11.3823 0000 91.5768 235
-11.3447 0000 91.6106 244
-11.3088 0000 91.6701 272
-11.2705 0000 91.6932 228
-11.2319 0000 91.7121 204
-11.1922 0000 91.7117 201
-11.1523 0000 91.7092 201
-11.1129 0000 91.7152 186
-11.0746 0000 91.7384 179
-11.0350 0000 91.7401 156
-10.9968 0000 91.7654 143
-10.9588 0000 91.7929 175
-10.9181 0000 91.7775 183
-10.8777 0000 91.7664 237
-10.8374 0000 91.7574 308
-10.7973 0000 91.7528 355
-10.7576 0000 91.7524 387
-10.7168 0000 91.7349 360
-10.6768 0000 91.7302 323
-10.6363 0000 91.7169 309
-10.5974 0000 91.7315 279
-10.5578 0000 91.7333 276
-10.5181 0000 91.7350 260
-10.4786 0000 91.7389 246
-10.4390 0000 91.7407 234
-10.4006 0000 91.7639 233
-10.3628 0000 91.7977 213
-10.3246 0000 91.8252 224
-10.2852 0000 91.8313 201
-10.2455 0000 91.8330 174
-10.2056 0000 91.8305 166
-10.1650 0000 91.8151 182
-10.1248 0000 91.8083 164
-10.0847 0000 91.8015 135
-10.0459 0000 91.8182 117
-10.0052 0000 91.8007 129
-9.9656 0000 91.8046 132
-9.9284 0000 91.8513 138
-9.8900 0000 91.8767 148
-9.8502 0000 91.8763 168
-9.8095 0000 91.8587 198
-9.7700 0000 91.8626 223
-9.7307 0000 91.8730 256
-9.6920 0000 91.8919 259
-9.6522 0000 91.8915 274
-9.6122 0000 91.8868 276
-9.5722 0000 91.8843 267
-9.5327 0000 91.8882 250
-9.4921 0000 91.8728 263
-9.4522 0000 91.8703 237
-9.4125 0000 91.8720 190
-9.3728 0000 91.8738 162
-9.3330 0000 91.8734 163
-9.2933 0000 91.8751 169
-9.2545 0000 91.8941 158
-9.2139 0000 91.8765 166
-9.1737 0000 91.8697 164
-9.1335 0000 91.8607 170
-9.0935 0000 91.8561 179
-9.0525 0000 91.8321 170
-9.0125 0000 91.8274 166
-8.9725 0000 91.8227 162
-8.9326 0000 91.8202 167
-8.8918 0000 91.7984 197
-8.8517 0000 91.7916 236
-8.8128 0000 91.8083 281
-8.7734 0000 91.8165 320
-8.7336 0000 91.8161 286
-8.6937 0000 91.8136 253
-8.6539 0000 91.8132 261
-8.6144 0000 91.8171 271
-8.5745 0000 91.8146 257
-8.5345 0000 91.8099 248
-8.4945 0000 91.8053 283
-8.4546 0000 91.8027 316
-8.4149 0000 91.8045 298
-8.3751 0000 91.8041 261
-8.3351 0000 91.7973 262
-8.2949 0000 91.7884 284
-8.2538 0000 91.7580 271
-8.2139 0000 91.7555 256
-8.1739 0000 91.7508 265
-8.1341 0000 91.7504 244
-8.0945 0000 91.7522 205
-8.0550 0000 91.7582 188
-8.0162 0000 91.7814 218
-7.9769 0000 91.7917 261
-7.9360 0000 91.7657 311
-7.8960 0000 91.7589 295
-7.8560 0000 91.7542 270
-7.8163 0000 91.7560 310
-7.7763 0000 91.7492 356
-7.7361 0000 91.7402 349
-7.6964 0000 91.7420 370
-7.6577 0000 91.7673 390
-7.6190 0000 91.7926 456
-7.5803 0000 91.8201 408
-7.5413 0000 91.8391 353
-7.5028 0000 91.8709 321
-7.4629 0000 91.8683 268
-7.4218 0000 91.8358 206
-7.3808 0000 91.8054 211
-7.3409 0000 91.8008 216
-7.3009 0000 91.7961 212
-7.2601 0000 91.7700 190
-7.2201 0000 91.7654 179
-7.1810 0000 91.7822 185
-7.1399 0000 91.7475 228
-7.1003 0000 91.7514 314
-7.0607 0000 91.7554 348
-7.0208 0000 91.7528 309
-6.9808 0000 91.7482 244
-6.9407 0000 91.7371 186
-6.9005 0000 91.7261 151
-6.8597 0000 91.7000 149
-6.8198 0000 91.6954 161
-6.7799 0000 91.6907 222
-6.7400 0000 91.6882 337
-6.6999 0000 91.6772 375
-6.6601 0000 91.6768 380
-6.6203 0000 91.6764 387
-6.5804 0000 91.6718 450
-6.5405 0000 91.6672 494
-6.5007 0000 91.6668 436
-6.4609 0000 91.6665 332
-6.4218 0000 91.6854 239
-6.3821 0000 91.6872 205
-6.3417 0000 91.6697 210
-6.3020 0000 91.6715 226
-6.2621 0000 91.6669 254
-6.2222 0000 91.6622 310
-6.1825 0000 91.6662 383
-6.1428 0000 91.6680 411
-6.1027 0000 91.6569 396
-6.0626 0000 91.6480 340
-6.0230 0000 91.6541 275
-5.9835 0000 91.6623 268
-5.9442 0000 91.6748 288
-5.9037 0000 91.6530 373
-5.8637 0000 91.6463 467
-5.8239 0000 91.6459 543
-5.7842 0000 91.6456 470
-5.7444 0000 91.6452 316
-5.7045 0000 91.6428 246
-5.6649 0000 91.6467 236
-5.6252 0000 91.6506 224
-5.5854 0000 91.6503 211
-5.5465 0000 91.6778 197
-5.5076 0000 91.7117 215
-5.4688 0000 91.7435 192
-5.4291 0000 91.7475 181
-5.3890 0000 91.7386 188
-5.3483 0000 91.7039 262
-5.3079 0000 91.6843 323
-5.2682 0000 91.6840 370
-5.2284 0000 91.6836 357
-5.1883 0000 91.6747 312
-5.1478 0000 91.6466 318
-5.1077 0000 91.6334 309
-5.0678 0000 91.6309 268
-5.0283 0000 91.6413 217
-4.9894 0000 91.6752 194
-4.9497 0000 91.6770 213
-4.9093 0000 91.6553 242
-4.8694 0000 91.6485 248
-4.8297 0000 91.6503 248
-4.7900 0000 91.6543 259
-4.7501 0000 91.6496 256
-4.7100 0000 91.6365 225
-4.6695 0000 91.6083 210
-4.6292 0000 91.5823 174
-4.5889 0000 91.5606 178
-4.5496 0000 91.5816 168
-4.5104 0000 91.6070 201
-4.4704 0000 91.5938 192
-4.4305 0000 91.5892 190
-4.3906 0000 91.5824 182
-4.3508 0000 91.5799 189
-4.3111 0000 91.5860 226
-4.2718 0000 91.6092 236
-4.2325 0000 91.6303 255
-4.1928 0000 91.6342 227
-4.1531 0000 91.6360 187
-4.1134 0000 91.6421 165
-4.0738 0000 91.6525 157
-4.0341 0000 91.6564 159
-3.9943 0000 91.6540 194
-3.9545 0000 91.6536 237
-3.9147 0000 91.6554 260
-3.8749 0000 91.6508 294
-3.8351 0000 91.6505 369
-3.7952 0000 91.6480 430
-3.7554 0000 91.6477 445
-3.7156 0000 91.6430 431
-3.6757 0000 91.6363 367
-3.6357 0000 91.6274 292
-3.5959 0000 91.6228 256
-3.5555 0000 91.5860 233
-3.5163 0000 91.6200 216
-3.4765 0000 91.6218 224
-3.4368 0000 91.6278 243
-3.3971 0000 91.6318 258
-3.3573 0000 91.6293 283
-3.3175 0000 91.6290 292
-3.2777 0000 91.6308 294
-3.2380 0000 91.6326 298
-3.1983 0000 91.6408 286
-3.1589 0000 91.6683 269
-3.1195 0000 91.6915 331
-3.0796 0000 91.6869 380
-3.0396 0000 91.6694 359
-2.9994 0000 91.6413 377
-2.9594 0000 91.6281 383
-2.9197 0000 91.6320 422
-2.8801 0000 91.6424 484
-2.8403 0000 91.6421 556
-2.8004 0000 91.6396 586
-2.7607 0000 91.6414 528
-2.7209 0000 91.6432 427
-2.6811 0000 91.6450 349
-2.6416 0000 91.6661 279
-2.6021 0000 91.6936 264
-2.5627 0000 91.7319 262
-2.5232 0000 91.7616 356
-2.4835 0000 91.7655 413
-2.4437 0000 91.7695 439
-2.4041 0000 91.7884 420
-2.3643 0000 91.7924 403
-2.3244 0000 91.7921 355
-2.2846 0000 91.7917 309
-2.2448 0000 91.7936 280
-2.2052 0000 91.8168 264
-2.1654 0000 91.8251 238
-2.1257 0000 91.8355 238
-2.0859 0000 91.8373 252
-2.0460 0000 91.8327 275
-2.0061 0000 91.8324 268
-1.9663 0000 91.8363 216
-1.9265 0000 91.8403 178
-1.8867 0000 91.8421 181
-1.8469 0000 91.8461 212
-1.8072 0000 91.8672 237
-1.7675 0000 91.8841 167
-1.7276 0000 91.8902 114
-1.6878 0000 91.8985 84
-1.6480 0000 91.9067 74
-1.6085 0000 91.9666 73
-1.5689 0000 92.0243 63
-1.5292 0000 92.0628 79
-1.4895 0000 92.0990 114
-1.4497 0000 92.1267 125
-1.4099 0000 92.1350 115
-1.3700 0000 92.1562 98
-1.3302 0000 92.1602 77
-1.2903 0000 92.1707 76
-1.2504 0000 92.1984 82
-1.2105 0000 92.2024 93
-1.1707 0000 92.2344 102
-1.1308 0000 92.2384 124
-1.0908 0000 92.2381 159
-1.0509 0000 92.2378 178
-1.0110 0000 92.2396 169
-0.9711 0000 92.2436 161
-0.9312 0000 92.2951 166
-0.8913 0000 92.3120 175
-0.8513 0000 92.3376 172
-0.8114 0000 92.3632 188
-0.7714 0000 92.3694 171
-0.7315 0000 92.3734 129
-0.6915 0000 92.3990 98
-0.6516 0000 88.3434 87
-0.6126 0000 88.3225 152
-0.5735 0000 88.3263 236
-0.5345 0000 88.3301 278
-0.4955 0000 88.3462 236
-0.4564 0000 88.3665 196
-0.4174 0000 88.3992 163
-0.3783 0000 88.3927 105
-0.3316 0000 92.5086 60
-0.2916 0000 92.4996 62
-0.2516 0000 92.5036 67
-0.2114 0000 92.5725 66
-0.1713 0000 92.6112 65
-0.1312 0000 92.6195 61
-0.0910 0000 92.6777 57
-0.0509 0000 92.7121 58
-0.0107 0000 92.7443 70
0.0295 0000 92.7722 78
0.0695 0000 92.7741 86
0.1096 0000 92.7824 97
0.1498 0000 92.8190 116
0.1901 0000 92.8512 142
0.2303 0000 92.8792 176
0.2705 0000 92.9093 164
0.3107 0000 92.9198 161
0.3508 0000 92.9216 145
0.3912 0000 92.9735 129
0.4314 0000 92.9906 134
0.4716 0000 93.0164 160
0.5119 0000 93.0443 160
0.5521 0000 93.0549 187
0.5923 0000 93.0676 256
0.6328 0000 93.1087 346
0.6730 0000 93.1192 398
0.7132 0000 93.1298 383
0.7534 0000 93.1382 330
0.7937 0000 93.1553 255
0.8338 0000 93.1593 216
0.8742 0000 93.1895 213
0.9147 0000 93.2284 203
0.9552 0000 93.2586 230
0.9953 0000 93.2605 232
1.0355 0000 93.2601 210
1.0757 0000 93.2642 162
1.1162 0000 93.3009 144
1.1567 0000 93.3334 138
1.1969 0000 93.3374 135
1.2374 0000 93.3655 143
1.2779 0000 93.3935 137
1.3181 0000 93.3976 143
1.3584 0000 93.4038 161
1.3987 0000 93.4144 192
1.4389 0000 93.4162 214
1.4793 0000 93.4334 207
1.5197 0000 93.4505 224
1.5599 0000 93.4524 206
1.6002 0000 93.4542 185
1.6405 0000 93.4648 184
1.6808 0000 93.4732 200
1.7210 0000 93.4751 229
1.7612 0000 93.4704 246
1.8014 0000 93.4722 226
1.8417 0000 93.4785 192
1.8822 0000 93.4978 156
1.9229 0000 93.5325 149
1.9637 0000 93.5759 152
2.0044 0000 93.6019 215
2.0446 0000 93.6016 260
2.0849 0000 93.6056 233
2.1252 0000 93.6096 167
2.1654 0000 93.6093 131
2.2060 0000 93.6331 124
2.2467 0000 93.6634 104
2.2871 0000 93.6697 102
2.3278 0000 93.6978 122
2.3682 0000 93.7063 134
2.4086 0000 93.7169 132
2.4490 0000 93.7210 135
2.4891 0000 93.7140 153
2.5290 0000 93.6962 175
2.5686 0000 93.6585 181
2.6087 0000 93.6516 190
2.6491 0000 93.6623 184
2.6898 0000 93.6839 192
2.7309 0000 93.7296 209
2.7713 0000 93.7380 208
2.8115 0000 93.7355 235
2.8517 0000 93.7308 318
2.8919 0000 93.7304 393
2.9322 0000 93.7323 420
2.9724 0000 93.7320 416
3.0127 0000 93.7338 390
3.0531 0000 93.7379 335
3.0935 0000 93.7441 270
3.1343 0000 93.7723 221
3.1753 0000 93.8049 256
3.2157 0000 93.8112 282
3.2558 0000 93.8043 308
3.2961 0000 93.8039 355
3.3366 0000 93.8146 366
3.3772 0000 93.8274 330
3.4174 0000 93.8227 326
3.4575 0000 93.8158 334
3.4978 0000 93.8199 296
3.5387 0000 93.8459 232
3.5782 0000 93.8126 180
3.6184 0000 93.8101 160
3.6586 0000 93.8076 163
3.6988 0000 93.8050 167
3.7392 0000 93.8069 151
3.7794 0000 93.8066 134
3.8196 0000 93.8040 127
3.8603 0000 93.8213 127
3.9000 0000 93.7968 125
3.9401 0000 93.7921 156
3.9803 0000 93.7874 192
4.0204 0000 93.7826 219
4.0605 0000 93.7757 233
4.1003 0000 93.7578 252
4.1399 0000 93.7355 213
4.1797 0000 93.7198 198
4.2192 0000 93.6910 210
4.2585 0000 93.6578 208
4.2982 0000 93.6377 224
4.3373 0000 93.6001 215
4.3773 0000 93.5910 182
4.4180 0000 93.6082 141
4.4592 0000 93.6430 143
4.4999 0000 93.6580 139
4.5417 0000 93.7103 123
4.5826 0000 93.7298 109
4.6238 0000 93.7602 113
4.6632 0000 93.7335 115
4.7030 0000 93.7178 150
4.7425 0000 93.6934 205
4.7826 0000 93.6886 224
4.8228 0000 93.6883 231
4.8628 0000 93.6792 220
4.9024 0000 93.6614 185
4.9433 0000 93.6808 190
4.9836 0000 93.6827 184
5.0238 0000 93.6823 174
5.0644 0000 93.6908 156
5.1048 0000 93.6971 148
5.1450 0000 93.6967 158
5.1858 0000 93.7118 158
5.2264 0000 93.7224 146
5.2669 0000 93.7287 119
5.3080 0000 93.7525 112
5.3484 0000 93.7566 100
5.3887 0000 93.7585 98
5.4288 0000 93.7538 127
5.4691 0000 93.7557 179
5.5094 0000 93.7554 210
5.5495 0000 93.7528 216
5.5897 0000 93.7503 253
5.6300 0000 93.7522 316
5.6698 0000 93.7387 299
5.7098 0000 93.7340 282
5.7512 0000 93.7623 277
5.7914 0000 93.7620 285
5.8316 0000 93.7594 267
5.8705 0000 93.7262 232
5.9106 0000 93.7215 217
5.9512 0000 93.7300 199
5.9929 0000 93.7670 167
6.0333 0000 93.7711 145
6.0737 0000 93.7752 124
6.1140 0000 93.7771 104
6.1535 0000 93.7570 111
6.1944 0000 93.7742 118
6.2349 0000 93.7805 128
6.2770 0000 93.8242 134
6.3166 0000 93.8085 141
6.3568 0000 93.8082 162
6.3971 0000 93.8079 181
6.4371 0000 93.8032 184
6.4767 0000 93.7875 190
6.5179 0000 93.8092 183
6.5583 0000 93.8111 202
6.5992 0000 93.8283 242
6.6412 0000 93.8676 248
6.6823 0000 93.8871 242
6.7236 0000 93.9110 211
6.7622 0000 93.8733 208
6.7992 0000 93.7983 202
6.8374 0000 93.7519 221
6.8761 0000 93.7165 243
6.9161 0000 93.7118 271
6.9559 0000 93.7027 286
6.9960 0000 93.7002 283
7.0363 0000 93.7021 268
7.0769 0000 93.7084 261
7.1173 0000 93.7125 282
7.1580 0000 93.7232 328
7.1981 0000 93.7207 296
7.2383 0000 93.7204 248
7.2775 0000 93.6982 204
7.3174 0000 93.6913 207
7.3574 0000 93.6866 215
7.3977 0000 93.6886 217
7.4381 0000 93.6927 228
7.4785 0000 93.6968 228
7.5190 0000 93.7031 235
7.5603 0000 93.7247 237
7.6008 0000 93.7310 235
7.6422 0000 93.7549 246
7.6840 0000 93.7875 238
7.7246 0000 93.7960 242
7.7652 0000 93.8023 213
7.8065 0000 93.8240 176
7.8468 0000 93.8259 142
7.8872 0000 93.8278 131
7.9274 0000 93.8276 151
7.9675 0000 93.8251 224
8.0082 0000 93.8336 328
8.0493 0000 93.8509 427
8.0898 0000 93.8550 507
8.1298 0000 93.8503 537
8.1699 0000 93.8478 516
8.2101 0000 93.8476 466
8.2502 0000 93.8451 386
8.2908 0000 93.8514 296
8.3325 0000 93.8797 223
8.3744 0000 93.9102 229
8.4168 0000 93.9517 230
8.4575 0000 93.9602 256
8.4978 0000 93.9600 294
8.5380 0000 93.9597 297
8.5780 0000 93.9550 254
8.6184 0000 93.9569 204
8.6591 0000 93.9655 183
8.6985 0000 93.9498 211
8.7385 0000 93.9451 222
8.7795 0000 93.9580 211
8.8199 0000 93.9600 214
8.8607 0000 93.9707 207
8.9027 0000 94.0012 220
8.9436 0000 94.0120 208
8.9846 0000 94.0249 200
9.0261 0000 94.0466 184
9.0666 0000 94.0508 191
9.1083 0000 94.0747 237
9.1501 0000 94.1009 243
9.1906 0000 94.1050 260
9.2309 0000 94.1048 279
9.2713 0000 94.1067 297
9.3114 0000 94.1042 287
9.3520 0000 94.1084 243
9.3939 0000 94.1368 187
9.4360 0000 94.1674 181
9.4774 0000 94.1847 171
9.5206 0000 94.2330 154
9.5614 0000 94.2416 141
9.6018 0000 94.2435 146
9.6449 0000 94.2896 153
9.6858 0000 94.2982 158
9.7261 0000 94.2979 175
9.7663 0000 94.2954 186
9.8073 0000 94.3062 177
9.8483 0000 94.3170 178
9.8890 0000 94.3234 203
9.9324 0000 94.3717 236
9.9750 0000 94.4091 249
10.0162 0000 94.4221 291
10.0581 0000 94.4461 361
10.0990 0000 94.4547 385
10.1399 0000 94.4633 383
10.1815 0000 94.4830 319
10.2209 0000 94.4672 279
10.2607 0000 94.4581 221
10.3009 0000 94.4556 199
10.3415 0000 94.4598 200
10.3833 0000 94.4817 221
10.4241 0000 94.4880 217
10.4646 0000 94.4900 234
10.5064 0000 94.5119 228
10.5476 0000 94.5249 215
10.5887 0000 94.5357 191
10.6319 0000 94.5776 175
10.6730 0000 94.5884 165
10.7137 0000 94.5925 159
10.7543 0000 94.5967 160
10.7949 0000 94.5987 158
10.8366 0000 94.6184 173
10.8773 0000 94.6225 192
10.9182 0000 94.6312 203
10.9603 0000 94.6553 184
11.0010 0000 94.6595 185
11.0418 0000 94.6659 184
11.0833 0000 94.6811 181
11.1243 0000 94.6898 179
11.1648 0000 94.6917 166
11.2066 0000 94.7114 158
11.2487 0000 94.7356 136
11.2900 0000 94.7486 144
11.3309 0000 94.7550 161
11.3722 0000 94.7681 148
11.4137 0000 94.7834 150
11.4547 0000 94.7920 153
11.4958 0000 94.8007 167
11.5370 0000 94.8115 175
11.5804 0000 94.8535 162
11.6216 0000 94.8643 139
11.6644 0000 94.8974 124
11.7071 0000 94.9283 145
11.7504 0000 94.9681 163
11.7934 0000 95.0034 213
11.8364 0000 95.0388 239
11.8775 0000 95.0474 259
11.9175 0000 95.0405 257
11.9561 0000 95.0157 264
11.9964 0000 95.0132 228
12.0369 0000 95.0130 183
12.0775 0000 95.0149 158
12.1179 0000 95.0147 148
12.1582 0000 95.0122 139
12.1991 0000 95.0186 137
12.2429 0000 95.0629 154
12.2838 0000 95.0693 173
12.3243 0000 95.0690 174
12.3644 0000 95.0643 162
12.4053 0000 95.0707 157
12.4465 0000 95.0794 160
12.4878 0000 95.0902 172
12.5302 0000 95.1167 203
12.5727 0000 95.1432 175
12.6140 0000 95.1541 149
12.6550 0000 95.1605 128
12.6958 0000 95.1647 119
12.7380 0000 95.1867 130
12.7791 0000 95.1954 132
12.8199 0000 95.1995 126
12.8602 0000 95.1970 117
12.9028 0000 95.2235 129
12.9459 0000 95.2567 125
12.9890 0000 95.2899 129
13.0300 0000 95.2964 140
13.0708 0000 95.3006 144
13.1111 0000 95.2980 153
13.1510 0000 95.2911 157
13.1917 0000 95.2930 149
13.2323 0000 95.2950 144
13.2724 0000 95.2902 146
13.3125 0000 95.2855 146
13.3508 0000 95.2584 161
13.3905 0000 95.2492 159
13.4292 0000 95.2266 144
13.4687 0000 95.2152 157
13.5086 0000 95.2082 175
13.5494 0000 95.2124 172
13.5898 0000 95.2121 130
13.6277 0000 95.1806 100
13.6627 0000 95.1157 87
13.7022 0000 95.1043 86
13.7428 0000 95.1063 94
13.7834 0000 95.1082 105
13.8238 0000 95.1079 106
13.8640 0000 95.1054 94
13.9018 0000 95.0740 77
13.9393 0000 95.0403 75
13.9791 0000 95.0334 81
14.0193 0000 95.0309 86
14.0597 0000 95.0306 97
14.1004 0000 95.0348 119
14.1416 0000 95.0434 128
14.1821 0000 95.0453 125
14.2212 0000 95.0295 125
14.2586 0000 94.9958 133
14.2988 0000 94.9933 143
14.3372 0000 94.9708 144
14.3745 0000 94.9350 131
14.4121 0000 94.9036 150
14.4511 0000 94.8877 138
14.4887 0000 94.8564 119
14.5264 0000 94.8272 127
14.5659 0000 94.8181 120
14.6058 0000 94.8134 115
14.6463 0000 94.8153 119
14.6850 0000 94.7973 114
14.7245 0000 94.7881 113
14.7634 0000 94.7723 115
14.8039 0000 94.7743 104
14.8436 0000 94.7674 90
14.8829 0000 94.7560 77
14.9229 0000 94.7535 76
14.9606 0000 94.7244 87
14.9962 0000 94.6732 110
15.0328 0000 94.6330 169
15.0718 0000 94.6195 226
15.1119 0000 94.6170 263
15.1527 0000 94.6233 262
15.1931 0000 94.6253 205
15.2336 0000 94.6272 134
15.2746 0000 94.6358 98
15.3152 0000 94.6400 84
15.3554 0000 94.6397 73
15.3932 0000 94.6128 74
15.4324 0000 94.6015 79
15.4697 0000 94.5702 78
15.5076 0000 94.5456 84
15.5478 0000 94.5454 85
15.5882 0000 94.5473 79
15.6283 0000 94.5470 73
15.6673 0000 94.5335 71
15.7037 0000 94.4934 68
15.7426 0000 94.4799 70
15.7802 0000 94.4531 73
15.8199 0000 94.4484 75
15.8605 0000 94.4525 81
15.9030 0000 94.4766 76
15.9440 0000 94.4851 76
15.9846 0000 94.4893 86
16.0271 0000 94.5133 95
16.0698 0000 94.5396 118
16.1104 0000 94.5437 138
16.1504 0000 94.5412 153
16.1907 0000 94.5431 162
16.2309 0000 94.5429 153
16.2684 0000 94.5161 117
16.3055 0000 94.4848 105
16.3455 0000 94.4823 92
16.3854 0000 94.4799 82
16.4227 0000 94.4509 96
16.4606 0000 94.4285 108
16.5005 0000 94.4260 112
16.5393 0000 94.4125 121
16.5790 0000 94.4078 153
16.6200 0000 94.4163 189
16.6601 0000 94.4160 204
16.6993 0000 94.4069 205
16.7385 0000 94.3978 208
16.7782 0000 94.3931 208
16.8185 0000 94.3950 198
16.8595 0000 94.4036 179
16.9005 0000 94.4121 160
16.9408 0000 94.4141 145
16.9795 0000 94.4005 144
17.0187 0000 94.3914 145
17.0581 0000 94.3845 160
17.0982 0000 94.3842 169
17.1390 0000 94.3906 170
17.1811 0000 94.4101 151
17.2196 0000 94.3944 140
17.2583 0000 94.3809 109
17.2952 0000 94.3497 92
17.3348 0000 94.3450 88
17.3721 0000 94.3182 88
17.4124 0000 94.3201 87
17.4548 0000 94.3419 95
17.4950 0000 94.3438 112
17.5351 0000 94.3435 124
17.5740 0000 94.3322 139
17.6138 0000 94.3297 128
17.6532 0000 94.3228 116
17.6953 0000 94.3424 113
17.7359 0000 94.3465 126
17.7757 0000 94.3440 134
17.8150 0000 94.3371 137
17.8553 0000 94.3390 145
17.8953 0000 94.3387 160
17.9344 0000 94.3296 170
17.9740 0000 94.3249 169
18.0136 0000 94.3202 159
18.0517 0000 94.3022 165
18.0944 0000 94.3262 151
18.1354 0000 94.3347 154
18.1759 0000 94.3388 170
18.2159 0000 94.3385 197
18.2564 0000 94.3427 223
18.2972 0000 94.3490 228
18.3392 0000 94.3663 230
18.3794 0000 94.3682 201
18.4195 0000 94.3680 157
18.4595 0000 94.3677 119
18.4995 0000 94.3674 115
18.5396 0000 94.3671 119
18.5799 0000 94.3690 131
18.6224 0000 94.3908 138
18.6634 0000 94.3993 141
18.7042 0000 94.4056 155
18.7459 0000 94.4208 197
18.7882 0000 94.4404 175
18.8292 0000 94.4489 164
18.8693 0000 94.4486 166
18.9068 0000 94.4262 157
18.9441 0000 94.4017 168
18.9844 0000 94.4036 172
19.0251 0000 94.4099 177
19.0695 0000 94.4471 183
19.1103 0000 94.4535 177
19.1513 0000 94.4620 168
19.1944 0000 94.4883 153
19.2382 0000 94.5211 154
19.2831 0000 94.5628 146
19.3296 0000 94.6178 150
19.3707 0000 94.6264 151
19.4115 0000 94.6328 153
19.4516 0000 94.6325 159
19.4896 0000 94.6145 186
19.5307 0000 94.6231 207
19.5752 0000 94.6604 222
19.6165 0000 94.6712 222
19.6579 0000 94.6820 207
19.6982 0000 94.6839 179
19.7388 0000 94.6881 160
19.7847 0000 94.7365 157
19.8263 0000 94.7495 151
19.8740 0000 94.8136 145
19.9221 0000 94.8798 155
19.9667 0000 94.9173 167
20.0103 0000 94.9459 204
20.0538 0000 94.9745 202
20.0948 0000 94.9809 180
20.1349 0000 94.9806 147
20.1748 0000 94.9781 137
20.2157 0000 94.9845 150
20.2585 0000 95.0065 166
20.2989 0000 95.0084 162
20.3404 0000 95.0193 158
20.3870 0000 95.0724 155
20.4291 0000 95.0877 147
20.4760 0000 95.1431 138
20.5183 0000 95.1606 136
20.5659 0000 95.2205 144
20.6068 0000 95.2269 150
20.6478 0000 95.2333 153
20.6905 0000 95.2531 175
20.7320 0000 95.2640 165
20.7766 0000 95.2994 129
20.8179 0000 95.3081 112
20.8614 0000 95.3346 111
20.9063 0000 95.3722 109
20.9482 0000 95.3853 128
20.9942 0000 95.4320 158
21.0353 0000 95.4384 178
21.0766 0000 95.4471 200
21.1176 0000 95.4535 212
21.1587 0000 95.4599 201
21.2022 0000 95.4865 166
21.2501 0000 95.5466 140
21.2999 0000 95.6223 129
21.3489 0000 95.6915 132
21.3945 0000 95.7337 154
21.4393 0000 95.7693 164
21.4836 0000 95.8004 188
21.5281 0000 95.8338 180
21.5724 0000 95.8649 183
21.6144 0000 95.8781 152
21.6581 0000 95.9047 130
21.7021 0000 95.9336 102
21.7470 0000 95.9693 100
21.7928 0000 96.0117 97
21.8377 0000 96.0473 112
21.8852 0000 96.1033 123
21.9307 0000 96.1435 125
21.9743 0000 96.1679 135
22.0222 0000 96.2262 148
22.0648 0000 96.2439 152
22.1119 0000 96.2954 145
22.1551 0000 96.3177 146
22.2019 0000 96.3670 146
22.2435 0000 96.3757 133
22.2841 0000 96.3777 120
22.3244 0000 96.3774 121
22.3651 0000 96.3794 129
22.4054 0000 96.3791 139
22.4451 0000 96.3743 161
22.4858 0000 96.3763 189
22.5270 0000 96.3827 191
22.5679 0000 96.3870 183
22.6082 0000 96.3867 204
22.6482 0000 96.3842 211
22.6903 0000 96.3974 198
22.7319 0000 96.4061 163
22.7734 0000 96.4149 138
22.8140 0000 96.4169 133
22.8549 0000 96.4211 145
22.8952 0000 96.4208 146
22.9349 0000 96.4160 135
22.9743 0000 96.4090 132
23.0140 0000 96.4042 133
23.0546 0000 96.4062 128
23.0955 0000 96.4105 120
23.1364 0000 96.4147 117
23.1763 0000 96.4122 119
23.2163 0000 96.4097 117
23.2569 0000 96.4116 110
23.2975 0000 96.4136 106
23.3377 0000 96.4134 108
23.3811 0000 96.4357 105
23.4220 0000 96.4399 114
23.4616 0000 96.4351 131
23.5013 0000 96.4304 145
23.5415 0000 96.4301 158
23.5824 0000 96.4344 173
23.6233 0000 96.4386 189
23.6642 0000 96.4429 213
23.7057 0000 96.4516 234
23.7468 0000 96.4582 237
23.7874 0000 96.4602 220
23.8280 0000 96.4622 212
23.8707 0000 96.4800 245
23.9110 0000 96.4797 241
23.9531 0000 96.4930 198
23.9946 0000 96.5018 182
24.0358 0000 96.5083 171
24.0773 0000 96.5171 159
24.1182 0000 96.5213 144
24.1645 0000 96.5640 134
24.2061 0000 96.5728 137
24.2476 0000 96.5816 138
24.2888 0000 96.5881 127
24.3326 0000 96.6127 122
24.3764 0000 96.6373 112
24.4176 0000 96.6439 117
24.4589 0000 96.6504 121
24.4991 0000 96.6502 131
24.5390 0000 96.6477 147
24.5796 0000 96.6497 157
24.6202 0000 96.6517 152
24.6604 0000 96.6515 133
24.7007 0000 96.6513 121
24.7442 0000 96.6736 140
24.7858 0000 96.6825 148
24.8293 0000 96.7048 127
24.8702 0000 96.7091 117
24.9102 0000 96.7066 124
24.9468 0000 96.6815 131
24.9870 0000 96.6813 136
25.0243 0000 96.6607 144
25.0645 0000 96.6605 154
25.1051 0000 96.6625 174
25.1457 0000 96.6646 194
25.1862 0000 96.6666 204
25.2265 0000 96.6664 200
25.2691 0000 96.6820 174
25.3096 0000 96.6840 165
25.3526 0000 96.7019 180
25.3894 0000 96.6790 175
25.4256 0000 96.6517 185
25.4642 0000 96.6401 165
25.5044 0000 96.6399 154
25.5463 0000 96.6510 163
25.5896 0000 96.6711 174
25.6302 0000 96.6731 157
25.6711 0000 96.6774 149
25.7110 0000 96.6749 142
25.7508 0000 96.6725 134
25.7914 0000 96.6745 130
25.8316 0000 96.6743 122
25.8719 0000 96.6740 112
