wt=153538694, DLLFiFo=0
-24.5742 0000 85.1747 102
-24.5341 0000 85.1582 121
-24.4948 0000 85.1476 148
-24.4535 0000 85.1233 142
-24.4131 0000 85.1049 157
-24.3745 0000 85.0983 140
-24.3358 0000 85.0917 101
-24.2960 0000 85.0772 76
-24.2559 0000 85.0607 77
-24.2129 0000 85.0246 93
-24.1703 0000 84.9905 123
-24.1305 0000 84.9761 115
-24.0971 0000 85.0048 127
-24.0625 0000 85.0257 167
-24.0262 0000 85.0349 158
-24.0014 0000 85.1226 132
-23.9845 0000 85.2657 120
-23.9705 0000 85.4287 131
-23.9324 0000 85.4260 135
-23.8948 0000 85.4273 150
-23.8586 0000 85.4384 173
-23.8219 0000 85.4456 196
-23.7843 0000 85.4469 214
-23.7447 0000 85.4343 247
-23.7063 0000 85.4297 253
-23.6678 0000 85.4250 243
-23.6302 0000 85.4263 210
-23.5923 0000 85.4256 169
-23.5545 0000 85.4249 146
-23.5163 0000 85.4222 125
-23.4781 0000 85.4196 106
-23.4408 0000 85.4228 86
-23.4071 0000 85.4518 68
-23.3801 0000 85.5282 70
-23.3489 0000 85.5749 100
-23.3118 0000 85.5802 128
-23.2741 0000 85.5815 164
-23.2376 0000 85.5907 180
-23.2002 0000 85.5940 179
-23.1633 0000 85.6012 160
-23.1262 0000 85.6065 149
-23.0872 0000 85.5979 137
-23.0473 0000 85.5834 137
-23.0080 0000 85.5728 144
-22.9673 0000 85.5524 141
-22.9264 0000 85.5300 109
-22.8852 0000 85.5056 148
-22.8451 0000 85.4891 236
-22.8041 0000 85.4668 252
-22.7678 0000 85.4780 208
-22.7307 0000 85.4833 180
-22.6963 0000 85.5083 157
-22.6546 0000 85.4800 145
-22.6121 0000 85.4458 139
-22.5650 0000 85.3780 144
-22.5180 0000 85.3103 176
-22.4732 0000 85.2585 226
-22.4324 0000 85.2362 250
-22.3940 0000 85.2316 294
-22.3574 0000 85.2409 344
-22.3232 0000 85.2679 423
-22.2866 0000 85.2771 479
-22.2492 0000 85.2805 521
-22.2108 0000 85.2759 490
-22.1737 0000 85.2813 361
-22.1331 0000 85.2610 291
-22.0924 0000 85.2387 202
-22.0508 0000 85.2106 177
-22.0103 0000 85.1903 182
-21.9659 0000 85.1405 228
-21.9269 0000 85.1321 279
-21.8885 0000 85.1276 297
-21.8506 0000 85.1270 311
-21.8155 0000 85.1481 322
-21.7784 0000 85.1535 348
-21.7405 0000 85.1529 334
-21.7033 0000 85.1583 290
-21.6703 0000 85.1952 284
-21.6349 0000 85.2144 295
-21.6015 0000 85.2493 284
-21.5620 0000 85.2370 254
-21.5243 0000 85.2384 200
-21.4897 0000 85.2635 165
-21.4558 0000 85.2946 182
-21.4185 0000 85.3000 173
-21.3821 0000 85.3113 145
-21.3438 0000 85.3089 157
-21.3056 0000 85.3064 176
-21.2701 0000 85.3256 167
-21.2329 0000 85.3311 148
-21.1954 0000 85.3345 113
-21.1534 0000 85.3025 88
-21.1146 0000 85.2961 69
-21.0697 0000 85.2404 58
-21.0247 0000 85.1847 60
-20.9860 0000 85.1783 66
-20.9451 0000 85.1542 68
-20.9071 0000 85.1537 55
-20.8726 0000 85.1808 45
-20.8346 0000 85.1803 40
0.0000 0000 0.0000 0
0.0000 0000 0.0000 0
0.0000 0000 0.0000 0
0.0000 0000 0.0000 0
0.0000 0000 0.0000 0
0.0000 0000 0.0000 0
0.0000 0000 0.0000 0
0.0000 0000 0.0000 0
0.0000 0000 0.0000 0
0.0000 0000 0.0000 0
0.0000 0000 0.0000 0
0.0000 0000 0.0000 0
0.0000 0000 0.0000 0
0.0000 0000 0.0000 0
0.0000 0000 0.0000 0
0.0000 0000 0.0000 0
0.0000 0000 0.0000 0
0.0000 0000 0.0000 0
0.0000 0000 0.0000 0
0.0000 0000 0.0000 0
0.0000 0000 0.0000 0
0.0000 0000 0.0000 0
0.0000 0000 0.0000 0
0.0000 0000 0.0000 0
0.0000 0000 0.0000 0
0.0000 0000 0.0000 0
0.0000 0000 0.0000 0
0.0000 0000 0.0000 0
0.0000 0000 0.0000 0
0.0000 0000 0.0000 0
0.0000 0000 0.0000 0
0.0000 0000 0.0000 0
-19.2115 0000 82.0398 50
-19.1679 0000 81.9862 59
-19.1230 0000 81.9213 67
-19.0813 0000 81.8830 66
-19.0340 0000 81.7974 93
-18.9937 0000 81.7704 128
-18.9544 0000 81.7529 170
-18.9143 0000 81.7278 222
-18.8768 0000 81.7255 237
-18.8407 0000 81.7344 233
-18.8063 0000 81.7585 197
-18.7697 0000 81.7637 164
-18.7354 0000 81.7897 130
-18.6990 0000 81.7967 102
-18.6648 0000 81.8227 101
-18.6334 0000 81.8733 103
-18.5970 0000 81.8804 97
-18.5670 0000 81.9443 89
-18.5163 0000 81.8265 83
-18.4650 0000 81.7031 94
-18.4201 0000 81.6346 135
-18.3832 0000 81.6379 112
-18.3524 0000 81.6941 125
-18.3149 0000 81.6917 145
-18.2747 0000 81.6648 162
-18.2345 0000 81.6379 157
-18.1964 0000 81.6298 167
-18.1589 0000 81.6275 177
-18.1214 0000 81.6251 171
-18.0819 0000 81.6038 158
-18.0444 0000 81.6015 128
-18.0072 0000 81.6010 121
-17.9728 0000 81.6269 116
-17.9327 0000 81.6000 122
-17.8819 0000 81.4770 147
-17.8355 0000 81.3937 194
-17.7971 0000 81.3819 244
-17.7545 0000 81.3325 271
-17.7147 0000 81.3075 268
-17.6775 0000 81.3071 277
-17.6407 0000 81.3103 279
-17.6090 0000 81.3606 274
-17.5769 0000 81.4072 308
-17.5444 0000 81.4500 346
-17.5076 0000 81.4533 362
-17.4708 0000 81.4566 347
-17.4331 0000 81.4523 290
-17.3949 0000 81.4424 232
-17.3550 0000 81.4175 223
-17.3176 0000 81.4151 213
-17.2830 0000 81.4391 199
-17.2472 0000 81.4518 197
-17.2129 0000 81.4796 184
-17.1783 0000 81.5036 188
-17.1410 0000 81.5031 176
-17.1012 0000 81.4781 173
-17.0616 0000 81.4551 197
-17.0234 0000 81.4452 200
-16.9851 0000 81.4353 191
-16.9473 0000 81.4291 177
-16.9101 0000 81.4286 173
-16.8725 0000 81.4244 164
-16.8307 0000 81.3806 145
-16.7904 0000 81.3500 144
-16.7491 0000 81.3100 137
-16.7061 0000 81.2531 156
-16.6660 0000 81.2245 222
-16.6261 0000 81.1977 256
-16.5864 0000 81.1728 326
-16.5469 0000 81.1498 300
-16.5082 0000 81.1343 267
-16.4685 0000 81.1094 243
-16.4287 0000 81.0827 199
-16.3900 0000 81.0672 208
-16.3506 0000 81.0442 220
-16.3129 0000 81.0381 278
-16.2750 0000 81.0301 357
-16.2376 0000 81.0278 394
-16.2010 0000 81.0329 354
-16.1637 0000 81.0305 283
-16.1243 0000 81.0076 243
-16.0868 0000 81.0033 211
-16.0484 0000 80.9897 226
-16.0125 0000 81.0024 199
-15.9750 0000 80.9981 207
-15.9336 0000 80.9546 253
-15.8944 0000 80.9335 326
-15.8560 0000 80.9199 384
-15.8162 0000 80.8914 399
-15.7788 0000 80.8890 393
-15.7417 0000 80.8885 346
-15.7046 0000 80.8881 274
-15.6698 0000 80.9119 218
-15.6358 0000 80.9432 225
-15.5990 0000 80.9465 225
-15.5612 0000 80.9385 219
-15.5233 0000 80.9305 204
-15.4839 0000 80.9057 174
-15.4441 0000 80.8772 180
-15.4068 0000 80.8748 182
-15.3698 0000 80.8762 164
-15.3327 0000 80.8757 149
-15.2956 0000 80.8753 152
-15.2583 0000 80.8729 171
-15.2222 0000 80.8836 203
-15.1856 0000 80.8888 206
-15.1494 0000 80.8976 211
-15.1124 0000 80.8990 211
-15.0732 0000 80.8761 192
-15.0361 0000 80.8756 211
-14.9988 0000 80.8733 230
-14.9596 0000 80.8503 232
-14.9197 0000 80.8200 184
-14.8818 0000 80.8101 153
-14.8416 0000 80.7760 142
-14.7997 0000 80.7233 147
-14.7624 0000 80.7209 159
-14.7257 0000 80.7242 168
-14.6910 0000 80.7498 165
-14.6539 0000 80.7493 171
-14.6166 0000 80.7470 188
-14.5796 0000 80.7465 250
-14.5428 0000 80.7498 321
-14.5059 0000 80.7511 316
-14.4691 0000 80.7544 271
-14.4330 0000 80.7651 265
-14.3996 0000 80.8057 272
-14.3628 0000 80.8090 249
-14.3261 0000 80.8122 222
-14.2934 0000 80.8622 213
-14.2593 0000 80.8954 215
-14.2241 0000 80.9174 272
-14.1869 0000 80.9150 376
-14.1501 0000 80.9183 479
-14.1133 0000 80.9216 476
-14.0761 0000 80.9211 378
-14.0390 0000 80.9206 310
-14.0019 0000 80.9201 303
-13.9673 0000 80.9496 315
-13.9342 0000 80.9959 355
-13.8979 0000 81.0048 372
-13.8628 0000 81.0287 368
-13.8283 0000 81.0582 292
-13.7943 0000 81.0952 228
-13.7646 0000 81.1829 205
-13.7298 0000 81.2106 233
-13.6926 0000 81.2101 300
-13.6556 0000 81.2115 370
-13.6170 0000 81.1941 400
-13.5814 0000 81.2124 452
-13.5442 0000 81.2120 412
-13.5071 0000 81.2134 313
-13.4791 0000 81.3238 215
-13.4623 0000 81.5701 207
-13.4291 0000 81.6187 220
-13.3947 0000 81.6542 223
-13.3619 0000 81.7085 258
-13.3255 0000 81.7194 268
-13.2925 0000 81.7718 250
-13.2563 0000 81.7846 225
-13.2218 0000 81.8201 217
-13.1892 0000 81.8783 232
-13.1543 0000 81.9082 252
-13.1171 0000 81.9096 286
-13.0796 0000 81.9072 319
-13.0426 0000 81.9125 298
-13.0098 0000 81.9689 244
-12.9790 0000 82.0519 238
-12.9429 0000 82.0686 238
-12.9090 0000 82.1118 219
-12.8741 0000 82.1436 204
-12.8412 0000 82.2021 194
-12.8060 0000 82.2302 194
-12.7690 0000 82.2355 199
-12.7317 0000 82.2369 186
-12.6941 0000 82.2345 167
-12.6565 0000 82.2322 155
-12.6195 0000 82.2374 162
-12.5853 0000 82.2808 179
-12.5522 0000 82.3375 199
-12.5162 0000 82.3561 241
-12.4791 0000 82.3613 274
-12.4431 0000 82.3800 253
-12.4070 0000 82.3986 258
-12.3699 0000 82.4038 228
-12.3324 0000 82.4034 193
-12.2945 0000 82.3972 169
-12.2571 0000 82.3987 155
-12.2200 0000 82.4039 146
-12.1827 0000 82.4054 142
-12.1449 0000 82.4011 136
-12.1072 0000 82.3987 127
-12.0701 0000 82.4040 128
-12.0328 0000 82.4055 127
-11.9937 0000 82.3840 124
-11.9558 0000 82.3779 118
-11.9184 0000 82.3793 112
-11.8824 0000 82.3999 98
-11.8449 0000 82.3994 96
-11.8071 0000 82.3951 104
-11.7636 0000 82.3089 129
-11.7250 0000 82.2932 164
-11.6835 0000 82.2356 173
-11.6439 0000 82.2047 174
-11.6059 0000 82.1966 161
-11.5667 0000 82.1714 154
-11.5262 0000 82.1272 128
-11.4883 0000 82.1211 110
-11.4509 0000 82.1206 106
-11.4133 0000 82.1183 120
-11.3742 0000 82.0931 142
-11.3359 0000 82.0812 177
-11.2945 0000 82.0219 221
-11.2550 0000 81.9911 268
-11.2163 0000 81.9716 343
-11.1776 0000 81.9522 347
-11.1395 0000 81.9423 341
-11.1000 0000 81.9096 323
-11.0609 0000 81.8845 340
-11.0249 0000 81.9049 305
-10.9895 0000 81.9348 275
-10.9532 0000 81.9515 222
-10.9172 0000 81.9738 201
-10.8812 0000 81.9943 175
-10.8453 0000 82.0185 177
-10.8082 0000 82.0219 163
-10.7708 0000 82.0234 146
-10.7371 0000 82.0800 140
-10.6981 0000 82.0567 152
-10.6607 0000 82.0563 159
-10.6229 0000 82.0502 164
-10.5853 0000 82.0478 169
-10.5483 0000 82.0550 174
-10.5112 0000 82.0603 178
-10.4739 0000 82.0617 178
-10.4375 0000 82.0784 174
-10.4001 0000 82.0799 160
-10.3644 0000 82.1080 147
-10.3285 0000 82.1323 150
-10.2909 0000 82.1300 158
-10.2519 0000 82.1048 161
-10.2128 0000 82.0778 168
-10.1752 0000 82.0754 196
-10.1375 0000 82.0712 265
-10.0976 0000 82.0309 314
-10.0595 0000 82.0190 302
-10.0217 0000 82.0129 258
-9.9842 0000 82.0125 200
-9.9469 0000 82.0140 156
-9.9142 0000 82.0934 140
-9.8752 0000 82.0682 135
-9.8378 0000 82.0678 136
-9.8000 0000 82.0617 138
-9.7605 0000 82.0270 137
-9.7216 0000 82.0019 126
-9.6808 0000 81.9445 122
-9.6437 0000 81.9498 117
-9.6094 0000 82.0045 107
-9.5726 0000 82.0154 92
-9.5363 0000 82.0359 85
-9.4991 0000 82.0393 85
-9.4617 0000 82.0408 101
-9.4228 0000 82.0138 119
-9.3829 0000 81.9715 142
-9.3431 0000 81.9293 197
-9.3044 0000 81.9061 210
-9.2658 0000 81.8849 217
-9.2281 0000 81.8787 178
-9.1903 0000 81.8726 131
-9.1514 0000 81.8457 122
-9.1124 0000 81.8149 130
-9.0739 0000 81.7955 169
-9.0365 0000 81.7951 192
-9.0003 0000 81.8174 206
-8.9635 0000 81.8284 222
-8.9276 0000 81.8564 198
-8.8913 0000 81.8788 213
-8.8535 0000 81.8708 250
-8.8158 0000 81.8647 274
-8.7768 0000 81.8358 304
-8.7374 0000 81.7974 450
-8.6985 0000 81.7686 500
-8.6599 0000 81.7454 500
-8.6229 0000 81.7526 381
-8.5868 0000 81.7787 272
-8.5498 0000 81.7859 216
-8.5130 0000 81.7968 164
-8.4780 0000 81.8457 130
-8.4408 0000 81.8491 114
-8.4032 0000 81.8449 108
-8.3655 0000 81.8407 109
-8.3263 0000 81.8042 136
-8.2877 0000 81.7792 161
-8.2505 0000 81.7845 171
-8.2180 0000 81.8846 194
-8.1850 0000 81.9753 289
-8.1476 0000 81.9768 383
-8.1106 0000 81.9859 442
-8.0730 0000 81.9836 385
-8.0368 0000 82.0098 284
-8.0010 0000 82.0436 228
-7.9662 0000 82.1003 216
-7.9286 0000 82.0980 220
-7.8888 0000 82.0481 229
-7.8496 0000 82.0115 260
-7.8107 0000 81.9807 283
-7.7718 0000 81.9499 333
-7.7323 0000 81.9058 353
-7.6947 0000 81.9016 350
-7.6574 0000 81.9050 362
-7.6213 0000 81.9331 383
-7.5840 0000 81.9365 412
-7.5464 0000 81.9342 428
-7.5088 0000 81.9319 434
-7.4724 0000 81.9543 425
-7.4365 0000 81.9900 436
-7.4005 0000 82.0238 406
-7.3629 0000 82.0215 375
-7.3242 0000 81.9926 358
-7.2866 0000 81.9883 337
-7.2491 0000 81.9879 321
-7.2115 0000 81.9856 304
-7.1739 0000 81.9833 277
-7.1365 0000 81.9848 239
-7.0994 0000 81.9940 197
-7.0644 0000 82.0525 160
-7.0289 0000 82.1016 161
-6.9914 0000 82.1012 191
-6.9537 0000 82.0970 248
-6.9154 0000 82.0757 280
-6.8776 0000 82.0696 301
-6.8392 0000 82.0463 292
-6.8014 0000 82.0383 291
-6.7638 0000 82.0360 265
-6.7255 0000 82.0147 243
-6.6892 0000 82.0448 211
-6.6586 0000 82.2234 195
-6.6255 0000 82.3395 214
-6.5883 0000 82.3467 211
-6.5508 0000 82.3501 179
-6.5132 0000 82.3498 138
-6.4764 0000 82.3704 121
-6.4400 0000 82.4006 113
-6.4043 0000 82.4518 144
-6.3673 0000 82.4668 194
-6.3305 0000 82.4912 213
-6.2932 0000 82.4985 221
-6.2555 0000 82.4962 209
-6.2173 0000 82.4805 210
-6.1797 0000 82.4782 203
-6.1420 0000 82.4759 199
-6.1049 0000 82.4909 171
-6.0685 0000 82.5250 175
-6.0332 0000 82.5916 193
-5.9976 0000 82.6526 231
-5.9609 0000 82.6810 256
-5.9234 0000 82.6845 282
-5.8863 0000 82.7014 302
-5.8487 0000 82.7048 282
-5.8120 0000 82.7313 237
-5.7752 0000 82.7579 222
-5.7376 0000 82.7613 195
-5.6999 0000 82.7610 174
-5.6629 0000 82.7836 177
-5.6265 0000 82.8236 174
-5.5908 0000 82.8867 175
-5.5550 0000 82.9460 154
-5.5203 0000 83.0439 140
-5.4844 0000 83.1034 145
-5.4490 0000 83.1821 148
-5.4116 0000 83.1934 161
-5.3797 0000 83.3922 165
-5.3438 0000 83.4558 168
-5.3084 0000 83.5408 151
-5.2766 0000 83.7463 164
-5.2399 0000 83.7888 181
-5.2035 0000 83.8410 232
-5.1655 0000 83.8406 289
-5.1275 0000 83.8364 327
-5.0894 0000 83.8321 343
-5.0516 0000 83.8356 338
-5.0144 0000 83.8626 290
-4.9773 0000 83.8953 255
-4.9397 0000 83.9086 199
-4.9024 0000 83.9336 157
-4.8660 0000 83.9898 111
-4.8335 0000 84.1966 116
-4.7988 0000 84.3254 138
-4.7624 0000 84.3878 170
-4.7252 0000 84.4247 223
-4.6880 0000 84.4597 234
-4.6515 0000 84.5202 231
-4.6139 0000 84.5395 218
-4.5758 0000 84.5391 182
-4.5380 0000 84.5525 138
-4.4999 0000 84.5561 101
-4.4746 0000 85.0881 108
-4.4373 0000 85.1253 140
-4.4003 0000 85.1764 165
-4.3628 0000 85.2097 157
-4.3248 0000 85.2213 153
-4.2860 0000 85.1971 151
-4.2468 0000 85.1591 137
-4.2084 0000 85.1509 142
-4.1704 0000 85.1604 154
-4.1333 0000 85.2155 175
-4.0953 0000 85.2290 196
-4.0575 0000 85.2485 222
-4.0192 0000 85.2481 230
-3.9808 0000 85.2438 248
-3.9421 0000 85.2196 260
-3.9037 0000 85.2153 290
-3.8654 0000 85.2150 313
-3.8271 0000 85.2126 310
-3.7887 0000 85.2063 272
-3.7504 0000 85.2020 242
-3.7122 0000 85.2056 232
-3.6740 0000 85.2112 212
-3.6362 0000 85.2346 192
-3.5986 0000 85.2699 150
-3.5621 0000 85.3668 131
-3.5254 0000 85.4538 138
-3.4880 0000 85.5051 118
-3.4504 0000 85.5485 100
-3.4130 0000 85.6039 88
-3.3750 0000 85.6234 71
-3.3376 0000 85.6789 54
-3.2993 0000 85.6845 43
-3.2620 0000 85.7499 39
0.0000 0000 0.0000 0
0.0000 0000 0.0000 0
0.0000 0000 0.0000 0
0.0000 0000 0.0000 0
0.0000 0000 0.0000 0
0.0000 0000 0.0000 0
0.0000 0000 0.0000 0
0.0000 0000 0.0000 0
0.0000 0000 0.0000 0
0.0000 0000 0.0000 0
0.0000 0000 0.0000 0
0.0000 0000 0.0000 0
0.0000 0000 0.0000 0
0.0000 0000 0.0000 0
-2.6448 0000 82.5503 34
-2.6064 0000 82.4944 46
-2.5685 0000 82.4673 65
-2.5307 0000 82.4555 73
-2.4925 0000 82.4035 67
-2.4545 0000 82.3688 60
-2.4165 0000 82.3341 56
-2.3786 0000 82.3051 48
-2.3407 0000 82.2742 40
0.0000 0000 0.0000 0
0.0000 0000 0.0000 0
0.0000 0000 0.0000 0
0.0000 0000 0.0000 0
0.0000 0000 0.0000 0
0.0000 0000 0.0000 0
-2.0679 0000 81.2081 36
-2.0306 0000 81.2096 39
-1.9930 0000 81.1792 42
-1.9540 0000 80.9701 45
-1.9156 0000 80.8347 69
-1.8779 0000 80.7744 103
-1.8403 0000 80.7292 119
-1.8029 0000 80.6933 104
-1.7654 0000 80.6612 98
-1.7282 0000 80.6534 85
-1.6907 0000 80.6026 77
-1.6531 0000 80.5444 71
-1.6152 0000 80.4228 72
-1.5775 0000 80.3237 82
-1.5402 0000 80.2936 97
-1.5028 0000 80.2393 115
-1.4656 0000 80.2074 119
-1.4285 0000 80.1978 121
-1.3915 0000 80.2235 115
-1.3544 0000 80.2195 112
-1.3171 0000 80.1597 106
-1.2796 0000 80.0554 107
-1.2425 0000 80.0292 105
-1.2054 0000 80.0029 93
-1.1683 0000 79.9729 88
-1.1311 0000 79.9356 93
-1.0940 0000 79.9019 100
-1.0569 0000 79.8590 95
-1.0199 0000 79.8476 85
-0.9829 0000 79.8048 81
-0.9459 0000 79.8008 84
-0.9089 0000 79.7968 82
-0.8719 0000 79.7688 81
-0.8349 0000 79.7389 90
-0.7979 0000 79.6832 110
-0.7610 0000 79.6442 137
-0.7240 0000 79.6125 149
-0.6871 0000 79.5643 168
-0.6502 0000 79.5548 192
-0.6133 0000 79.5121 214
-0.5764 0000 79.5026 235
-0.5396 0000 79.4950 254
-0.5027 0000 79.4855 264
-0.4659 0000 79.4465 258
-0.4290 0000 79.4370 238
-0.3922 0000 79.4110 200
-0.3554 0000 79.3776 188
-0.3186 0000 79.3442 164
-0.2817 0000 79.3660 156
-0.2448 0000 79.3713 172
-0.2080 0000 79.3710 213
-0.1711 0000 79.3707 229
-0.1343 0000 79.3686 225
-0.0976 0000 79.3334 207
-0.0608 0000 79.3203 181
-0.0240 0000 79.3071 154
0.0127 0000 79.2793 142
0.0495 0000 79.2570 129
0.0862 0000 79.2494 132
0.1229 0000 79.2216 129
0.1595 0000 79.1847 131
0.1962 0000 79.1587 118
0.2328 0000 79.1255 115
0.2694 0000 79.0940 112
0.3058 0000 79.0462 109
0.3426 0000 79.0404 120
0.3792 0000 79.0200 135
0.4159 0000 79.0124 155
0.4525 0000 78.9902 149
0.4890 0000 78.9589 146
0.5257 0000 78.9495 142
0.5623 0000 78.9236 136
0.5987 0000 78.8923 145
0.6350 0000 78.8372 158
0.6711 0000 78.7731 179
0.7073 0000 78.7181 194
0.7436 0000 78.6760 197
0.7802 0000 78.6666 213
0.8168 0000 78.6536 232
0.8532 0000 78.6278 234
0.8896 0000 78.6021 195
0.9258 0000 78.5545 179
0.9621 0000 78.5179 164
0.9978 0000 78.4340 169
1.0341 0000 78.4029 195
1.0704 0000 78.3772 215
1.1067 0000 78.3516 252
1.1430 0000 78.3259 260
1.1796 0000 78.3184 272
1.2156 0000 78.2710 264
1.2521 0000 78.2671 255
1.2890 0000 78.2904 236
1.3260 0000 78.3156 237
1.3626 0000 78.3171 244
1.3991 0000 78.3114 271
1.4354 0000 78.2822 302
1.4715 0000 78.2475 326
1.5073 0000 78.1911 333
1.5437 0000 78.1781 335
1.5795 0000 78.1254 333
1.6156 0000 78.0980 348
1.6522 0000 78.0978 369
1.6888 0000 78.0993 387
1.7253 0000 78.0991 401
1.7619 0000 78.0988 406
1.7986 0000 78.1040 386
1.8356 0000 78.1309 377
1.8718 0000 78.1125 345
1.9083 0000 78.1087 328
1.9453 0000 78.1319 301
1.9825 0000 78.1679 287
2.0201 0000 78.2238 262
2.0573 0000 78.2580 257
2.0943 0000 78.2813 255
2.1309 0000 78.2847 232
2.1676 0000 78.2844 223
2.2041 0000 78.2823 215
2.2406 0000 78.2767 197
2.2768 0000 78.2528 173
2.3124 0000 78.2037 167
2.3481 0000 78.1563 167
2.3830 0000 78.0710 194
2.4184 0000 78.0148 209
2.4547 0000 78.0001 217
2.4908 0000 77.9781 217
2.5274 0000 77.9815 231
2.5644 0000 78.0047 255
2.6010 0000 78.0063 260
2.6376 0000 78.0079 250
2.6741 0000 78.0058 240
2.7101 0000 77.9821 228
2.7462 0000 77.9620 248
2.7826 0000 77.9581 255
2.8191 0000 77.9561 249
2.8557 0000 77.9576 234
2.8923 0000 77.9628 214
2.9299 0000 78.0077 194
2.9666 0000 78.0129 173
3.0030 0000 78.0072 148
3.0388 0000 77.9763 119
3.0744 0000 77.9363 106
3.1097 0000 77.8873 95
3.1457 0000 77.8654 99
3.1820 0000 77.8598 106
3.2185 0000 77.8560 113
3.2545 0000 77.8395 129
3.2910 0000 77.8374 144
3.3271 0000 77.8210 152
3.3635 0000 77.8171 172
3.3999 0000 77.8133 191
3.4362 0000 77.8077 202
3.4727 0000 77.8056 200
3.5097 0000 77.8252 169
3.5463 0000 77.8286 158
3.5826 0000 77.8211 158
3.6189 0000 77.8155 151
3.6548 0000 77.7954 140
3.6913 0000 77.7934 141
3.7272 0000 77.7752 136
3.7639 0000 77.7803 116
3.8005 0000 77.7855 113
3.8369 0000 77.7835 130
3.8731 0000 77.7742 156
3.9090 0000 77.7524 187
3.9453 0000 77.7468 193
3.9817 0000 77.7465 189
4.0188 0000 77.7661 172
4.0555 0000 77.7713 166
4.0912 0000 77.7477 156
4.1268 0000 77.7186 162
4.1631 0000 77.7148 162
4.1989 0000 77.6930 152
4.2346 0000 77.6694 158
4.2700 0000 77.6368 156
4.3044 0000 77.5737 165
4.3388 0000 77.5124 174
4.3732 0000 77.4494 189
4.4080 0000 77.4026 224
4.4427 0000 77.3522 240
4.4777 0000 77.3108 239
4.5138 0000 77.3034 218
4.5499 0000 77.2979 191
4.5850 0000 77.2619 167
4.6212 0000 77.2563 146
4.6568 0000 77.2346 143
4.6930 0000 77.2309 139
4.7293 0000 77.2306 139
4.7648 0000 77.2072 134
4.8008 0000 77.1981 142
4.8371 0000 77.1979 155
4.8740 0000 77.2120 184
4.9097 0000 77.1957 179
4.9457 0000 77.1865 182
4.9816 0000 77.1756 179
5.0185 0000 77.1915 134
5.0549 0000 77.1949 110
5.0911 0000 77.1911 98
5.1265 0000 77.1659 96
5.1608 0000 77.1139 93
5.1949 0000 77.0567 96
5.2297 0000 77.0208 96
5.2646 0000 76.9850 113
5.2989 0000 76.9349 131
5.3339 0000 76.9045 145
5.3691 0000 76.8776 175
5.4051 0000 76.8721 180
5.4405 0000 76.8523 157
5.4757 0000 76.8273 147
5.5115 0000 76.8164 139
5.5468 0000 76.7931 142
5.5820 0000 76.7699 164
5.6169 0000 76.7395 162
5.6526 0000 76.7269 175
5.6888 0000 76.7267 188
5.7253 0000 76.7354 198
5.7627 0000 76.7619 205
5.7980 0000 76.7422 235
5.8336 0000 76.7295 253
5.8678 0000 76.6832 263
5.9035 0000 76.6724 266
5.9392 0000 76.6616 270
5.9736 0000 76.6224 282
6.0094 0000 76.6134 275
6.0443 0000 76.5849 288
6.0794 0000 76.5617 258
6.1155 0000 76.5615 197
6.1527 0000 76.5844 137
6.1904 0000 76.6196 105
6.2290 0000 76.6727 105
6.2676 0000 76.7257 119
6.3041 0000 76.7326 140
6.3403 0000 76.7325 167
6.3764 0000 76.7305 193
6.4124 0000 76.7286 199
6.4483 0000 76.7231 190
6.4841 0000 76.7140 190
6.5191 0000 76.6908 217
6.5546 0000 76.6765 212
6.5916 0000 76.6940 210
6.6278 0000 76.6939 224
6.6630 0000 76.6742 238
6.6989 0000 76.6705 232
6.7349 0000 76.6668 223
6.7710 0000 76.6666 210
6.8074 0000 76.6718 204
6.8439 0000 76.6787 204
6.8810 0000 76.6963 213
6.9174 0000 76.7014 202
6.9538 0000 76.7066 196
6.9897 0000 76.7011 186
7.0246 0000 76.6779 174
7.0606 0000 76.6742 182
7.0967 0000 76.6740 182
7.1328 0000 76.6721 176
7.1687 0000 76.6684 170
7.2027 0000 76.6275 169
7.2380 0000 76.6114 175
7.2726 0000 76.5829 187
7.3077 0000 76.5633 164
7.3440 0000 76.5666 146
7.3810 0000 76.5842 137
7.4170 0000 76.5823 125
7.4532 0000 76.5821 118
7.4889 0000 76.5749 122
7.5228 0000 76.5340 146
7.5583 0000 76.5232 167
7.5939 0000 76.5142 172
7.6289 0000 76.4946 154
7.6650 0000 76.4945 139
7.7000 0000 76.4749 124
7.7344 0000 76.4447 95
7.7671 0000 76.3844 91
7.8013 0000 76.3507 112
7.8370 0000 76.3453 126
7.8730 0000 76.3434 128
7.9084 0000 76.3326 118
7.9453 0000 76.3466 125
7.9795 0000 76.3147 119
8.0150 0000 76.3057 111
8.0505 0000 76.2968 101
8.0840 0000 76.2525 96
8.1195 0000 76.2436 96
8.1538 0000 76.2134 96
8.1873 0000 76.1710 104
8.2230 0000 76.1656 108
8.2588 0000 76.1619 110
8.2945 0000 76.1565 119
8.3300 0000 76.1493 128
8.3658 0000 76.1456 133
8.4006 0000 76.1244 146
8.4353 0000 76.1031 146
8.4707 0000 76.0941 155
8.5043 0000 76.0553 170
8.5393 0000 76.0393 187
8.5739 0000 76.0163 216
8.6088 0000 75.9986 199
8.6444 0000 75.9932 180
8.6809 0000 76.0018 166
8.7168 0000 76.0017 137
8.7507 0000 75.9682 116
8.7859 0000 75.9557 108
8.8194 0000 75.9170 113
8.8551 0000 75.9133 125
8.8909 0000 75.9114 137
8.9265 0000 75.9060 139
8.9622 0000 75.9024 130
8.9981 0000 75.9022 118
9.0342 0000 75.9039 111
9.0704 0000 75.9090 116
9.1077 0000 75.9299 118
9.1440 0000 75.9350 118
9.1814 0000 75.9577 123
9.2177 0000 75.9629 121
9.2537 0000 75.9645 118
9.2897 0000 75.9661 111
9.3270 0000 75.9853 97
9.3618 0000 75.9694 105
9.3972 0000 75.9605 121
9.4323 0000 75.9480 135
9.4657 0000 75.9110 147
9.5007 0000 75.8969 168
9.5353 0000 75.8774 176
9.5711 0000 75.8756 167
9.6070 0000 75.8754 138
9.6440 0000 75.8911 118
9.6801 0000 75.8945 106
9.7165 0000 75.9014 104
9.7551 0000 75.9399 101
9.7915 0000 75.9468 95
9.8292 0000 75.9730 89
9.8652 0000 75.9746 93
9.8994 0000 75.9499 117
9.9345 0000 75.9375 137
9.9674 0000 75.8953 144
10.0028 0000 75.8881 145
10.0373 0000 75.8687 138
10.0716 0000 75.8458 150
10.1067 0000 75.8352 156
10.1407 0000 75.8088 157
10.1746 0000 75.7806 175
10.2086 0000 75.7560 174
10.2428 0000 75.7331 191
10.2782 0000 75.7260 201
10.3126 0000 75.7067 193
10.3479 0000 75.6996 196
10.3833 0000 75.6925 199
10.4191 0000 75.6923 192
10.4549 0000 75.6922 198
10.4897 0000 75.6782 261
10.5267 0000 75.6938 266
10.5639 0000 75.7112 235
10.6001 0000 75.7164 166
10.6362 0000 75.7198 144
10.6707 0000 75.7022 171
10.7063 0000 75.6986 230
10.7404 0000 75.6758 304
10.7757 0000 75.6687 343
10.8112 0000 75.6651 357
10.8457 0000 75.6475 321
10.8808 0000 75.6387 287
10.9151 0000 75.6194 260
10.9509 0000 75.6193 216
10.9867 0000 75.6192 181
11.0224 0000 75.6174 158
11.0576 0000 75.6103 150
11.0917 0000 75.5875 145
11.1270 0000 75.5822 146
11.1610 0000 75.5594 152
11.1947 0000 75.5332 146
11.2302 0000 75.5296 143
11.2658 0000 75.5278 135
11.2995 0000 75.5016 133
11.3333 0000 75.4771 123
11.3692 0000 75.4788 121
11.4051 0000 75.4804 124
11.4424 0000 75.4996 136
11.4786 0000 75.5047 141
11.5145 0000 75.5064 146
11.5500 0000 75.5029 139
11.5853 0000 75.4976 131
11.6212 0000 75.4993 128
11.6569 0000 75.4992 126
11.6908 0000 75.4765 119
11.7245 0000 75.4520 118
11.7575 0000 75.4188 98
11.7885 0000 75.3631 91
11.8221 0000 75.3369 99
11.8570 0000 75.3282 105
11.8924 0000 75.3246 108
11.9267 0000 75.3072 110
11.9624 0000 75.3071 121
11.9979 0000 75.3053 126
12.0321 0000 75.2879 143
12.0671 0000 75.2792 150
12.1005 0000 75.2530 142
12.1342 0000 75.2304 150
12.1697 0000 75.2286 137
12.2074 0000 75.2512 113
12.2434 0000 75.2546 111
12.2806 0000 75.2720 124
12.3162 0000 75.2719 125
12.3502 0000 75.2527 112
12.3855 0000 75.2475 102
12.4191 0000 75.2249 90
12.4505 0000 75.1762 73
12.4827 0000 75.1380 65
12.5131 0000 75.0790 61
12.5441 0000 75.0270 59
12.5794 0000 75.0235 63
12.6106 0000 74.9749 74
12.6437 0000 74.9472 87
12.6768 0000 74.9195 100
12.7099 0000 74.8918 125
12.7433 0000 74.8676 136
12.7782 0000 74.8606 158
12.8119 0000 74.8398 187
12.8451 0000 74.8139 184
12.8773 0000 74.7776 177
12.9076 0000 74.7206 180
12.9377 0000 74.6620 189
12.9683 0000 74.6085 195
12.9995 0000 74.5620 216
13.0324 0000 74.5344 197
13.0666 0000 74.5206 197
13.0978 0000 74.4742 209
13.1286 0000 74.4243 222
13.1590 0000 74.3710 246
13.1916 0000 74.3401 274
13.2244 0000 74.3126 316
13.2574 0000 74.2868 313
13.2904 0000 74.2611 337
13.3253 0000 74.2559 345
13.3601 0000 74.2490 339
13.3914 0000 74.2061 325
13.4259 0000 74.1958 307
13.4570 0000 74.1513 299
13.4916 0000 74.1427 300
13.5267 0000 74.1392 278
13.5601 0000 74.1187 250
13.5935 0000 74.0981 216
13.6289 0000 74.0981 204
13.6638 0000 74.0929 191
13.6985 0000 74.0860 183
13.7315 0000 74.0620 184
13.7672 0000 74.0654 182
13.8023 0000 74.0620 186
13.8351 0000 74.0363 189
13.8678 0000 74.0089 220
13.9005 0000 73.9815 253
13.9350 0000 73.9730 310
13.9683 0000 73.9524 377
14.0021 0000 73.9370 375
14.0368 0000 73.9302 369
14.0691 0000 73.8994 396
14.1032 0000 73.8874 401
14.1370 0000 73.8720 317
14.1699 0000 73.8481 261
14.2021 0000 73.8174 223
14.2345 0000 73.7884 227
14.2652 0000 73.7424 232
14.2977 0000 73.7151 227
14.3297 0000 73.6827 229
14.3645 0000 73.6776 229
14.3971 0000 73.6521 232
14.4321 0000 73.6486 251
14.4670 0000 73.6452 263
14.4974 0000 73.5976 271
14.5328 0000 73.5992 286
14.5705 0000 73.6230 321
14.6039 0000 73.6043 322
14.6386 0000 73.5991 326
14.6735 0000 73.5957 329
14.7065 0000 73.5736 345
14.7414 0000 73.5701 337
14.7764 0000 73.5684 331
14.8097 0000 73.5497 301
14.8450 0000 73.5497 279
14.8802 0000 73.5496 263
14.9156 0000 73.5513 241
14.9536 0000 73.5768 229
14.9886 0000 73.5750 222
15.0206 0000 73.5444 217
15.0528 0000 73.5155 236
15.0880 0000 73.5155 254
15.1212 0000 73.4968 264
15.1565 0000 73.4968 277
15.1913 0000 73.4934 275
15.2220 0000 73.4510 266
15.2568 0000 73.4475 250
15.2918 0000 73.4458 230
15.3270 0000 73.4458 203
15.3676 0000 73.4950 178
15.4060 0000 73.5238 163
15.4468 0000 73.5747 152
15.4880 0000 73.6291 156
15.5238 0000 73.6341 168
15.5592 0000 73.6358 178
15.5963 0000 73.6528 189
15.6295 0000 73.6341 174
15.6670 0000 73.6545 166
15.7021 0000 73.6527 159
15.7345 0000 73.6272 154
15.7689 0000 73.6204 156
15.7986 0000 73.5711 178
15.8312 0000 73.5474 196
15.8635 0000 73.5219 223
15.8978 0000 73.5134 240
15.9324 0000 73.5083 249
15.9655 0000 73.4896 231
15.9999 0000 73.4828 216
16.0299 0000 73.4371 199
16.0620 0000 73.4099 208
16.0946 0000 73.3879 208
16.1294 0000 73.3845 221
16.1642 0000 73.3811 242
16.1991 0000 73.3795 267
16.2343 0000 73.3795 278
16.2692 0000 73.3778 275
16.3020 0000 73.3575 276
16.3371 0000 73.3575 249
16.3723 0000 73.3575 223
16.4074 0000 73.3575 196
16.4451 0000 73.3795 176
16.4805 0000 73.3812 151
16.5152 0000 73.3778 137
16.5450 0000 73.3321 137
16.5797 0000 73.3288 138
16.6122 0000 73.3068 133
16.6471 0000 73.3051 140
16.6792 0000 73.2798 148
16.7139 0000 73.2764 165
16.7488 0000 73.2748 186
16.7839 0000 73.2748 212
16.8162 0000 73.2511 257
16.8486 0000 73.2292 266
16.8823 0000 73.2174 283
16.9121 0000 73.1735 303
16.9455 0000 73.1601 318
16.9753 0000 73.1163 324
17.0089 0000 73.1045 329
17.0410 0000 73.0809 342
17.0734 0000 73.0591 305
17.1076 0000 73.0524 290
17.1381 0000 73.0153 271
17.1723 0000 73.0087 260
17.2040 0000 72.9818 255
17.2353 0000 72.9515 286
17.2694 0000 72.9448 305
17.3019 0000 72.9247 302
17.3340 0000 72.9012 319
17.3681 0000 72.8946 307
17.4024 0000 72.8896 285
17.4322 0000 72.8476 263
17.4665 0000 72.8426 239
17.5014 0000 72.8427 205
17.5340 0000 72.8243 181
17.5686 0000 72.8210 171
17.6031 0000 72.8177 178
17.6348 0000 72.7926 181
17.6693 0000 72.7893 194
17.7042 0000 72.7894 210
17.7389 0000 72.7878 215
17.7732 0000 72.7828 213
17.8077 0000 72.7795 211
17.8423 0000 72.7779 203
17.8777 0000 72.7814 188
17.9130 0000 72.7848 180
17.9502 0000 72.8033 185
17.9860 0000 72.8101 172
18.0241 0000 72.8354 152
18.0560 0000 72.8120 154
18.0879 0000 72.7886 151
18.1230 0000 72.7903 147
18.1578 0000 72.7904 143
18.1893 0000 72.7637 147
18.2204 0000 72.7352 148
18.2516 0000 72.7068 161
18.2834 0000 72.6835 165
18.3147 0000 72.6567 184
18.3459 0000 72.6284 186
18.3800 0000 72.6234 196
18.4149 0000 72.6235 202
18.4497 0000 72.6236 202
18.4786 0000 72.5785 206
18.5070 0000 72.5301 214
18.5387 0000 72.5068 219
18.5730 0000 72.5036 230
18.6072 0000 72.4987 246
18.6388 0000 72.4754 271
18.6734 0000 72.4738 280
18.7086 0000 72.4772 280
18.7434 0000 72.4773 267
18.7779 0000 72.4758 245
18.8127 0000 72.4759 226
18.8470 0000 72.4726 210
18.8816 0000 72.4711 201
18.9163 0000 72.4712 200
18.9457 0000 72.4312 194
18.9796 0000 72.4246 188
19.0136 0000 72.4197 199
19.0454 0000 72.3981 239
19.0793 0000 72.3916 275
19.1133 0000 72.3867 305
19.1476 0000 72.3834 326
19.1803 0000 72.3685 331
19.2141 0000 72.3619 372
19.2486 0000 72.3604 368
19.2840 0000 72.3655 305
19.3212 0000 72.3840 264
19.3599 0000 72.4124 210
19.3985 0000 72.4409 183
19.4371 0000 72.4694 151
19.4758 0000 72.4979 144
19.5108 0000 72.4997 129
19.5455 0000 72.4998 120
19.5803 0000 72.4999 122
19.6152 0000 72.5017 123
19.6467 0000 72.4784 125
19.6805 0000 72.4718 134
19.7092 0000 72.4285 146
19.7430 0000 72.4220 153
19.7747 0000 72.4004 163
19.8089 0000 72.3971 165
19.8406 0000 72.3755 149
19.8741 0000 72.3673 135
19.9057 0000 72.3457 129
19.9402 0000 72.3442 124
19.9746 0000 72.3426 129
20.0091 0000 72.3410 133
20.0435 0000 72.3395 130
20.0782 0000 72.3396 145
20.1110 0000 72.3264 165
20.1483 0000 72.3448 160
20.1861 0000 72.3666 158
20.2210 0000 72.3684 148
20.2557 0000 72.3685 140
20.2909 0000 72.3719 134
20.3287 0000 72.3937 137
20.3631 0000 72.3921 139
20.3945 0000 72.3689 133
20.4251 0000 72.3406 131
20.4556 0000 72.3124 142
20.4843 0000 72.2708 150
20.5180 0000 72.2643 152
20.5526 0000 72.2644 151
20.5877 0000 72.2678 151
20.6229 0000 72.2713 144
20.6573 0000 72.2697 136
20.6920 0000 72.2698 138
20.7269 0000 72.2716 144
20.7608 0000 72.2667 143
20.7947 0000 72.2618 129
20.8259 0000 72.2386 116
20.8573 0000 72.2170 112
20.8920 0000 72.2171 98
20.9264 0000 72.2156 81
20.9538 0000 72.1675 73
20.9875 0000 72.1609 74
21.0184 0000 72.1361 74
21.0525 0000 72.1329 80
21.0864 0000 72.1280 90
21.1130 0000 72.0749 108
21.1464 0000 72.0667 129
21.1760 0000 72.0336 140
21.2103 0000 72.0321 145
21.2444 0000 72.0289 157
21.2787 0000 72.0273 167
21.3123 0000 72.0208 162
21.3433 0000 71.9977 153
21.3746 0000 71.9762 173
21.4090 0000 71.9747 172
21.4438 0000 71.9765 147
21.4781 0000 71.9749 116
21.5124 0000 71.9734 97
21.5432 0000 71.9486 87
21.5731 0000 71.9189 93
21.6036 0000 71.8926 93
21.6346 0000 71.8695 95
21.6691 0000 71.8696 96
21.7036 0000 71.8697 100
21.7351 0000 71.8500 103
21.7694 0000 71.8485 109
21.8036 0000 71.8469 113
21.8382 0000 71.8470 116
21.8727 0000 71.8472 117
21.9075 0000 71.8489 111
21.9454 0000 71.8705 106
21.9838 0000 71.8955 99
22.0220 0000 71.9188 102
22.0575 0000 71.9255 97
