wt=151534097, DLLFiFo=0
-26.3482 0000 97.2548 92
-26.3092 0000 97.2657 115
-26.2702 0000 97.2767 127
-26.2309 0000 97.2853 129
-26.1922 0000 97.2985 137
-26.1584 0000 97.3458 146
-26.1177 0000 97.3454 143
-26.0755 0000 97.3337 135
-26.0345 0000 97.3310 140
-25.9987 0000 97.3647 149
-25.9603 0000 97.3802 163
-25.9232 0000 97.4048 193
-25.8768 0000 97.3635 218
-25.8348 0000 97.3540 245
-25.7967 0000 97.3718 236
-25.7567 0000 97.3760 233
-25.7164 0000 97.3778 219
-25.6729 0000 97.3570 182
-25.6316 0000 97.3521 141
-25.5890 0000 97.3380 123
-25.5426 0000 97.2968 148
-25.4975 0000 97.2646 176
-25.4540 0000 97.2438 223
-25.4127 0000 97.2389 205
-25.3696 0000 97.2203 155
-25.3299 0000 97.2267 135
-25.2886 0000 97.2218 94
-25.2455 0000 97.2033 78
-25.2058 0000 97.2097 65
-25.1724 0000 97.2615 64
-25.1318 0000 97.2611 73
-25.0905 0000 97.2561 86
-25.0480 0000 97.2421 90
-25.0076 0000 97.2440 96
-24.9726 0000 97.2845 96
-24.9391 0000 97.3363 89
-24.9150 0000 97.4564 105
-24.8839 0000 97.5266 146
-24.8463 0000 97.5490 212
-24.8087 0000 97.5714 216
-24.7699 0000 97.5847 200
-24.7322 0000 97.6071 195
-24.6959 0000 97.6386 214
-24.6548 0000 97.6360 210
-24.6122 0000 97.6219 200
-24.5672 0000 97.5896 179
-24.5261 0000 97.5869 172
-24.4860 0000 97.5911 159
-24.4453 0000 97.5907 138
-24.4036 0000 97.5835 110
-24.3577 0000 97.5444 97
-24.3133 0000 97.5166 114
-24.2732 0000 97.5208 122
-24.2364 0000 97.5500 107
-24.2091 0000 97.6500 101
-24.1738 0000 97.6907 110
-24.1339 0000 97.6971 114
-24.0934 0000 97.6990 120
-24.0533 0000 97.7032 124
-24.0128 0000 97.7051 130
-23.9708 0000 97.6956 143
-23.9288 0000 97.6861 146
-23.8872 0000 97.6788 134
-23.8431 0000 97.6534 120
-23.8059 0000 97.6804 125
-23.7687 0000 97.7074 135
-23.7243 0000 97.6796 166
-23.6836 0000 97.6792 172
-23.6469 0000 97.7108 165
-23.6130 0000 97.7629 170
-23.5695 0000 97.7420 186
-23.5287 0000 97.7416 204
-23.4885 0000 97.7458 223
-23.4521 0000 97.7797 218
-23.4171 0000 97.8250 224
-23.3775 0000 97.8338 236
-23.3340 0000 97.8128 250
-23.2932 0000 97.8124 244
-23.2512 0000 97.8029 215
-23.2089 0000 97.7911 186
-23.1637 0000 97.7564 176
-23.1228 0000 97.7560 164
-23.0788 0000 97.7305 171
-23.0377 0000 97.7278 178
-22.9969 0000 97.7274 186
-22.9566 0000 97.7316 180
-22.9161 0000 97.7335 172
-22.8787 0000 97.7605 169
-22.8416 0000 97.7899 169
-22.8010 0000 97.7918 169
-22.7585 0000 97.7777 181
-22.7185 0000 97.7842 170
-22.6830 0000 97.8272 174
-22.6436 0000 97.8383 215
-22.6005 0000 97.8196 228
-22.5582 0000 97.8078 217
-22.5167 0000 97.8028 194
-22.4767 0000 97.8093 183
-22.4390 0000 97.8341 192
-22.3986 0000 97.8383 183
-22.3580 0000 97.8402 165
-22.3169 0000 97.8375 141
-22.2735 0000 97.8165 121
-22.2248 0000 97.7521 117
-22.1806 0000 97.7243 121
-22.1394 0000 97.7216 109
-22.0994 0000 97.7281 119
-22.0591 0000 97.7323 126
-22.0182 0000 97.7319 105
-21.9796 0000 97.7498 103
-21.9423 0000 97.7792 115
-21.9058 0000 97.8154 134
-21.8668 0000 97.8311 148
-21.8325 0000 97.8857 147
-21.7966 0000 97.9265 149
-21.7573 0000 97.9399 180
-21.7166 0000 97.9418 221
-21.6697 0000 97.8911 207
-21.6258 0000 97.8655 181
-21.5887 0000 97.8972 180
-21.5516 0000 97.9289 223
-21.5155 0000 97.9698 248
-21.4781 0000 97.9993 261
-21.4382 0000 98.0081 228
-21.4029 0000 98.0559 206
-21.3630 0000 98.0647 187
-21.3228 0000 98.0712 169
-21.2827 0000 98.0778 165
-21.2428 0000 98.0866 169
-21.2079 0000 98.1391 176
-21.1677 0000 98.1456 202
-21.1299 0000 98.1729 262
-21.0889 0000 98.1725 310
-21.0501 0000 98.1906 324
-21.0093 0000 98.1925 334
-20.9688 0000 98.1968 319
-20.9260 0000 98.1803 321
-20.8845 0000 98.1754 321
-20.8432 0000 98.1727 347
-20.7996 0000 98.1494 364
-20.7573 0000 98.1376 406
-20.7155 0000 98.1303 397
-20.6750 0000 98.1346 335
-20.6343 0000 98.1366 269
-20.5928 0000 98.1316 226
-20.5556 0000 98.1658 206
-20.5188 0000 98.2022 208
-20.4780 0000 98.2042 199
-20.4372 0000 98.2062 207
-20.3965 0000 98.2081 217
-20.3552 0000 98.2055 205
-20.3180 0000 98.2397 192
-20.2772 0000 98.2417 211
-20.2354 0000 98.2345 241
-20.1911 0000 98.2042 264
-20.1491 0000 98.1947 225
-20.1033 0000 98.1507 178
-20.0492 0000 98.0309 173
-20.0019 0000 97.9732 189
-19.9560 0000 97.9270 170
-19.9137 0000 97.9152 141
-19.8735 0000 97.9218 127
-19.8331 0000 97.9260 141
-19.7906 0000 97.9119 219
-19.7469 0000 97.8864 306
-19.7052 0000 97.8792 395
-19.6652 0000 97.8880 428
-19.6280 0000 97.9221 397
-19.5907 0000 97.9562 290
-19.5597 0000 98.0500 199
-19.5351 0000 98.2037 177
-19.5048 0000 98.3047 219
-19.4635 0000 98.3021 226
-19.4202 0000 98.2810 192
-19.3767 0000 98.2577 182
-19.3320 0000 98.2229 153
-19.2898 0000 98.2110 134
-19.2495 0000 98.2176 130
-19.2183 0000 98.3117 164
-19.1784 0000 98.3229 209
-19.1387 0000 98.3365 218
-19.0926 0000 98.2878 231
-19.0511 0000 98.2829 269
-19.0112 0000 98.2941 331
-18.9704 0000 98.2961 337
-18.9288 0000 98.2911 267
-18.8899 0000 98.3116 224
-18.8500 0000 98.3228 202
-18.8096 0000 98.3294 211
-18.7706 0000 98.3498 217
-18.7323 0000 98.3772 240
-18.6924 0000 98.3884 246
-18.6513 0000 98.3881 254
-18.6076 0000 98.3624 220
-18.5658 0000 98.3552 198
-18.5252 0000 98.3595 198
-18.4859 0000 98.3776 229
-18.4471 0000 98.4004 204
-18.4148 0000 98.4878 167
-18.3817 0000 98.5683 167
-18.3433 0000 98.5957 168
-18.2985 0000 98.5584 141
-18.2530 0000 98.5142 134
-18.2084 0000 98.4793 151
-18.1648 0000 98.4536 174
-18.1218 0000 98.4348 197
-18.0803 0000 98.4299 189
-18.0387 0000 98.4250 166
-17.9973 0000 98.4223 150
-17.9535 0000 98.3943 142
-17.9095 0000 98.3640 164
-17.8672 0000 98.3522 158
-17.8279 0000 98.3703 137
-17.7881 0000 98.3838 133
-17.7474 0000 98.3881 117
-17.7058 0000 98.3832 97
-17.6616 0000 98.3506 78
-17.6137 0000 98.2788 56
-17.5653 0000 98.2025 48
-17.5378 0000 98.3451 53
-17.4982 0000 98.3609 74
-17.4564 0000 98.3536 80
-17.4166 0000 98.3672 69
-17.3809 0000 98.4245 69
-17.3463 0000 98.4935 108
-17.3060 0000 98.5024 126
-17.2641 0000 98.4951 102
-17.2251 0000 98.5179 96
-17.1874 0000 98.5546 112
-17.1490 0000 98.5843 134
-17.1076 0000 98.5817 155
-17.0640 0000 98.5559 184
-17.0239 0000 98.5671 161
-16.9827 0000 98.5668 142
-16.9396 0000 98.5457 130
-16.8961 0000 98.5199 162
-16.8570 0000 98.5427 197
-16.8192 0000 98.5794 178
-16.7799 0000 98.5999 186
-16.7393 0000 98.6065 203
-16.6985 0000 98.6108 210
-16.6569 0000 98.6058 205
-16.6153 0000 98.6009 213
-16.5743 0000 98.6029 243
-16.5328 0000 98.6002 275
-16.4912 0000 98.5953 285
-16.4500 0000 98.5949 279
-16.4092 0000 98.5992 255
-16.3698 0000 98.6197 197
-16.3288 0000 98.6217 203
-16.2870 0000 98.6144 184
-16.2435 0000 98.5886 155
-16.2047 0000 98.6161 204
-16.1659 0000 98.6435 243
-16.1253 0000 98.6501 271
-16.0842 0000 98.6521 254
-16.0420 0000 98.6402 254
-15.9975 0000 98.6028 267
-15.9537 0000 98.5724 281
-15.9111 0000 98.5559 207
-15.8657 0000 98.5070 132
-15.8239 0000 98.4997 97
-15.7805 0000 98.4740 78
-15.7393 0000 98.4736 69
-15.7034 0000 98.5357 69
-15.6631 0000 98.5469 84
-15.6240 0000 98.5720 78
-15.5861 0000 98.6110 90
-15.5483 0000 98.6523 163
-15.5080 0000 98.6635 242
-15.4674 0000 98.6701 255
-15.4261 0000 98.6698 252
-15.3841 0000 98.6602 249
-15.3418 0000 98.6482 230
-15.2986 0000 98.6247 195
-15.2595 0000 98.6499 180
-15.2207 0000 98.6796 160
-15.1819 0000 98.7094 203
-15.1408 0000 98.7113 245
-15.0995 0000 98.7110 265
-15.0608 0000 98.7431 251
-15.0227 0000 98.7822 239
-14.9821 0000 98.7911 234
-14.9408 0000 98.7907 216
-14.8995 0000 98.7904 197
-14.8582 0000 98.7900 189
-14.8148 0000 98.7642 192
-14.7731 0000 98.7592 185
-14.7300 0000 98.7356 189
-14.6883 0000 98.7306 178
-14.6477 0000 98.7396 167
-14.6104 0000 98.7902 167
-14.5698 0000 98.7991 166
-14.5292 0000 98.8081 160
-14.4883 0000 98.8124 145
-14.4455 0000 98.7934 137
-14.4005 0000 98.7467 131
-14.3576 0000 98.7255 147
-14.3202 0000 98.7761 175
-14.2789 0000 98.7758 211
-14.2361 0000 98.7569 217
-14.1944 0000 98.7519 224
-14.1522 0000 98.7399 210
-14.1081 0000 98.7025 174
-14.0639 0000 98.6650 153
-14.0205 0000 98.6369 134
-13.9838 0000 98.6967 125
-13.9445 0000 98.7242 144
-13.9040 0000 98.7354 173
-13.8643 0000 98.7560 205
-13.8245 0000 98.7765 192
-13.7814 0000 98.7529 193
-13.7373 0000 98.7154 205
-13.6931 0000 98.6757 154
-13.6499 0000 98.6498 130
-13.6121 0000 98.6981 129
-13.5721 0000 98.7163 151
-13.5328 0000 98.7438 160
-13.4952 0000 98.7945 178
-13.4568 0000 98.8359 182
-13.4164 0000 98.8495 185
-13.3749 0000 98.8468 187
-13.3307 0000 98.8070 198
-13.2870 0000 98.7741 204
-13.2455 0000 98.7714 204
-13.2039 0000 98.7688 215
-13.1609 0000 98.7452 221
-13.1194 0000 98.7425 247
-13.0782 0000 98.7445 242
-13.0368 0000 98.7441 223
-12.9940 0000 98.7229 225
-12.9523 0000 98.7179 199
-12.9108 0000 98.7152 171
-12.8690 0000 98.7079 163
-12.8243 0000 98.6588 165
-12.7818 0000 98.6423 146
-12.7379 0000 98.6048 126
-12.6933 0000 98.5558 103
-12.6500 0000 98.5277 108
-12.6114 0000 98.5667 108
-12.5741 0000 98.6266 129
-12.5351 0000 98.6610 159
-12.4954 0000 98.6861 149
-12.4541 0000 98.6858 145
-12.4113 0000 98.6646 143
-12.3698 0000 98.6619 155
-12.3278 0000 98.6523 162
-12.2858 0000 98.6426 170
-12.2428 0000 98.6168 183
-12.2010 0000 98.6095 177
-12.1577 0000 98.5790 157
-12.1154 0000 98.5647 141
-12.0722 0000 98.5343 149
-12.0313 0000 98.5409 169
-11.9926 0000 98.5822 168
-11.9528 0000 98.6074 188
-11.9112 0000 98.6024 196
-11.8701 0000 98.6066 196
-11.8298 0000 98.6225 198
-11.7887 0000 98.6268 199
-11.7469 0000 98.6195 188
-11.7052 0000 98.6145 178
-11.6637 0000 98.6118 182
-11.6216 0000 98.5999 191
-11.5767 0000 98.5416 206
-11.5328 0000 98.4996 211
-11.4879 0000 98.4414 223
-11.4462 0000 98.4341 212
-11.4047 0000 98.4315 195
-11.3636 0000 98.4357 191
-11.3224 0000 98.4377 196
-11.2810 0000 98.4350 209
-11.2398 0000 98.4370 220
-11.1987 0000 98.4413 216
-11.1574 0000 98.4409 210
-11.1158 0000 98.4359 215
-11.0743 0000 98.4333 230
-11.0336 0000 98.4445 241
-10.9954 0000 98.4974 240
-10.9539 0000 98.4947 220
-10.9105 0000 98.4596 205
-10.8659 0000 98.4014 190
-10.8239 0000 98.3895 178
-10.7842 0000 98.4192 146
-10.7449 0000 98.4536 125
-10.7035 0000 98.4532 98
-10.6622 0000 98.4529 91
-10.6207 0000 98.4502 115
-10.5778 0000 98.4221 152
-10.5350 0000 98.3963 131
-10.4923 0000 98.3705 114
-10.4471 0000 98.3008 120
-10.4029 0000 98.2474 131
-10.3609 0000 98.2355 133
-10.3182 0000 98.2097 149
-10.2756 0000 98.1840 144
-10.2341 0000 98.1813 131
-10.1925 0000 98.1741 97
-10.1493 0000 98.1391 81
-10.1082 0000 98.1410 82
-10.0672 0000 98.1476 92
-10.0265 0000 98.1588 116
-9.9877 0000 98.2046 136
-9.9473 0000 98.2227 128
-9.9074 0000 98.2500 130
-9.8664 0000 98.2543 148
-9.8250 0000 98.2539 166
-9.7821 0000 98.2212 200
-9.7396 0000 98.1978 212
-9.6979 0000 98.1905 207
-9.6547 0000 98.1532 187
-9.6095 0000 98.0745 170
-9.5655 0000 98.0211 163
-9.5241 0000 98.0184 175
-9.4836 0000 98.0342 154
-9.4444 0000 98.0753 167
-9.4044 0000 98.1003 215
-9.3642 0000 98.1230 249
-9.3230 0000 98.1249 291
-9.2817 0000 98.1246 327
-9.2405 0000 98.1265 357
-9.1993 0000 98.1284 365
-9.1580 0000 98.1281 362
-9.1166 0000 98.1254 363
-9.0752 0000 98.1227 354
-9.0340 0000 98.1247 328
-8.9939 0000 98.1497 294
-8.9539 0000 98.1793 308
-8.9129 0000 98.1859 322
-8.8719 0000 98.1924 327
-8.8309 0000 98.1990 312
-8.7895 0000 98.1963 299
-8.7474 0000 98.1798 284
-8.7046 0000 98.1471 307
-8.6632 0000 98.1444 334
-8.6208 0000 98.1187 349
-8.5788 0000 98.1045 390
-8.5363 0000 98.0764 428
-8.4948 0000 98.0715 399
-8.4532 0000 98.0642 336
-8.4130 0000 98.0892 258
-8.3767 0000 98.2042 226
-8.3372 0000 98.2454 229
-8.2961 0000 98.2519 227
-8.2550 0000 98.2562 226
-8.2139 0000 98.2627 222
-8.1729 0000 98.2693 209
-8.1317 0000 98.2736 175
-8.0868 0000 98.1877 135
-8.0327 0000 97.8832 141
-7.9909 0000 97.8690 168
-7.9477 0000 97.8227 190
-7.9063 0000 97.8177 183
-7.8651 0000 97.8196 151
-7.8251 0000 97.8492 135
-7.7843 0000 97.8603 173
-7.7432 0000 97.8645 202
-7.7030 0000 97.8895 208
-7.6629 0000 97.9190 170
-7.6220 0000 97.9279 158
-7.5807 0000 97.9275 161
-7.5393 0000 97.9225 175
-7.4989 0000 97.9452 177
-7.4565 0000 97.9149 182
-7.4147 0000 97.9030 187
-7.3725 0000 97.8774 180
-7.3314 0000 97.8816 168
-7.2907 0000 97.8950 197
-7.2507 0000 97.9292 188
-7.2110 0000 97.9703 198
-7.1705 0000 97.9930 179
-7.1270 0000 97.9304 171
-7.0833 0000 97.8657 175
-7.0421 0000 97.8653 184
-7.0019 0000 97.8948 177
-6.9617 0000 97.9244 176
-6.9207 0000 97.9333 156
-6.8830 0000 98.0320 181
-6.8441 0000 98.1008 219
-6.8030 0000 98.1073 265
-6.7626 0000 98.1324 272
-6.7216 0000 98.1412 286
-6.6811 0000 98.1663 338
-6.6382 0000 98.1175 400
-6.5963 0000 98.1010 448
-6.5546 0000 98.0891 439
-6.5130 0000 98.0795 379
-6.4703 0000 98.0377 296
-6.4288 0000 98.0304 218
-6.3864 0000 97.9978 179
-6.3436 0000 97.9491 170
-6.3015 0000 97.9234 242
-6.2602 0000 97.9208 273
-6.2188 0000 97.9181 227
-6.1822 0000 98.0675 173
-6.1438 0000 98.1594 191
-6.1038 0000 98.2006 229
-6.0633 0000 98.2280 256
-6.0222 0000 98.2369 239
-5.9811 0000 98.2435 206
-5.9398 0000 98.2431 169
-5.8985 0000 98.2451 145
-5.8585 0000 98.2886 158
-5.8189 0000 98.3484 194
-5.7784 0000 98.3805 241
-5.7379 0000 98.4079 339
-5.6968 0000 98.4168 397
-5.6556 0000 98.4257 407
-5.6144 0000 98.4300 375
-5.5732 0000 98.4366 339
-5.5325 0000 98.4617 309
-5.4915 0000 98.4752 323
-5.4514 0000 98.5235 325
-5.4102 0000 98.5302 310
-5.3689 0000 98.5321 292
-5.3277 0000 98.5410 276
-5.2870 0000 98.5662 279
-5.2455 0000 98.5612 248
-5.2033 0000 98.5331 275
-5.1619 0000 98.5327 303
-5.1207 0000 98.5393 335
-5.0800 0000 98.5668 378
-5.0393 0000 98.5966 340
-4.9987 0000 98.6287 297
-4.9580 0000 98.6585 305
-4.9168 0000 98.6674 321
-4.8764 0000 98.7112 309
-4.8359 0000 98.7480 311
-4.7944 0000 98.7453 316
-4.7526 0000 98.7311 344
-4.7106 0000 98.7052 388
-4.6691 0000 98.7025 384
-4.6275 0000 98.6975 349
-4.5856 0000 98.6740 272
-4.5441 0000 98.6736 223
-4.5038 0000 98.7220 187
-4.4619 0000 98.7031 165
-4.4205 0000 98.7051 138
-4.3792 0000 98.7094 122
-4.3385 0000 98.7462 114
-4.2978 0000 98.7807 122
-4.2570 0000 98.8128 123
-4.2163 0000 98.8497 150
-4.1750 0000 98.8563 192
-4.1334 0000 98.8536 208
-4.0917 0000 98.8394 176
-4.0493 0000 98.7902 137
-4.0077 0000 98.7806 119
-3.9662 0000 98.7779 120
-3.9247 0000 98.7775 127
-3.8831 0000 98.7702 113
-3.8412 0000 98.7420 93
-3.7996 0000 98.7347 66
-3.7582 0000 98.7367 54
-3.7180 0000 98.8107 45
-3.6792 0000 98.9638 62
-3.6386 0000 99.0194 96
-3.5974 0000 99.0353 120
-3.5561 0000 99.0490 136
-3.5146 0000 99.0486 138
-3.4725 0000 99.0133 122
-3.4304 0000 98.9711 115
-3.3893 0000 98.9963 112
-3.3481 0000 99.0216 129
-3.3067 0000 99.0259 146
-3.2658 0000 99.0675 155
-3.2250 0000 99.1208 142
-3.1841 0000 99.1625 162
-3.1425 0000 99.1574 155
-3.1006 0000 99.1338 126
-3.0582 0000 99.0658 107
-3.0163 0000 99.0375 117
-2.9748 0000 99.0348 125
-2.9335 0000 99.0531 100
-2.8929 0000 99.1274 91
-2.8523 0000 99.2064 116
-2.8108 0000 99.2107 134
-2.7688 0000 99.1707 116
-2.7268 0000 99.1330 104
-2.6854 0000 99.1420 90
-2.6440 0000 99.1510 80
-2.6028 0000 99.1856 81
-2.5619 0000 99.2507 100
-2.5210 0000 99.3088 134
-2.4794 0000 99.3107 177
-2.4379 0000 99.3198 191
-2.3967 0000 99.3545 210
-2.3554 0000 99.3869 201
-2.3139 0000 99.3959 187
-2.2725 0000 99.4260 182
-2.2310 0000 99.4280 183
-2.1891 0000 99.3972 182
-2.1475 0000 99.3945 187
-2.1059 0000 99.3919 176
-2.0642 0000 99.3822 161
-2.0225 0000 99.3654 195
-1.9811 0000 99.3979 237
-1.9396 0000 99.4022 282
-1.8980 0000 99.3972 310
-1.8562 0000 99.3641 319
-1.8145 0000 99.3567 329
-1.7730 0000 99.3587 319
-1.7316 0000 99.3958 324
-1.6902 0000 99.4282 295
-1.6487 0000 99.4654 274
-1.6073 0000 99.5025 236
-1.5658 0000 99.5303 258
-1.5242 0000 99.5276 263
-1.4825 0000 99.5202 244
-1.4408 0000 99.4918 239
-1.3992 0000 99.4914 236
-1.3576 0000 99.4887 260
-1.3159 0000 99.4837 290
-1.2743 0000 99.4787 288
-1.2327 0000 99.4596 253
-1.1911 0000 99.4639 259
-1.1495 0000 99.4659 253
-1.1078 0000 99.4398 237
-1.0662 0000 99.4395 215
-1.0247 0000 99.5235 214
-0.9831 0000 99.5302 233
-0.9415 0000 99.5322 241
-0.8999 0000 99.5623 229
-0.8583 0000 99.5948 226
-0.8167 0000 99.6250 213
-0.7750 0000 99.6246 211
-0.7334 0000 99.6266 197
-0.6917 0000 99.6333 174
-0.6501 0000 99.6353 161
-0.6085 0000 99.6068 166
-0.5669 0000 99.6041 155
-0.5253 0000 99.5311 141
-0.4838 0000 99.4862 164
-0.4422 0000 99.4672 201
-0.4006 0000 99.4879 201
-0.3589 0000 99.5016 213
-0.3172 0000 99.5482 198
-0.2755 0000 99.5595 170
-0.2339 0000 99.5662 161
-0.1922 0000 99.5964 168
-0.1505 0000 99.6101 196
-0.1086 0000 99.6661 230
-0.0669 0000 99.6892 265
-0.0250 0000 99.7547 270
0.0170 0000 99.8154 250
0.0587 0000 99.8245 229
0.1004 0000 99.8312 208
0.1424 0000 99.8967 188
0.1843 0000 99.9294 182
0.2260 0000 99.9361 168
0.2667 0000 99.7499 135
0.3083 0000 99.7378 125
0.3500 0000 99.7469 141
0.3916 0000 99.7395 168
0.4333 0000 99.7439 174
0.4750 0000 99.7435 162
0.5166 0000 99.7408 146
0.5583 0000 99.7475 127
0.5999 0000 99.7354 120
0.6416 0000 99.7327 107
0.6831 0000 99.7207 93
0.7247 0000 99.7109 89
0.7661 0000 99.6848 96
0.8078 0000 99.6797 94
0.8496 0000 99.7005 92
0.8915 0000 99.7260 110
0.9337 0000 99.7891 141
0.9754 0000 99.7911 158
1.0171 0000 99.7861 153
1.0587 0000 99.7834 139
1.1004 0000 99.7877 140
1.1422 0000 99.7921 140
1.1838 0000 99.7871 120
1.2247 0000 99.7162 109
1.2661 0000 99.6900 116
1.3071 0000 99.6310 108
1.3486 0000 99.6236 93
1.3906 0000 99.6538 92
1.4327 0000 99.6934 91
1.4747 0000 99.7165 96
1.5173 0000 99.7890 97
1.5599 0000 99.8592 102
1.6023 0000 99.9177 106
1.6443 0000 99.9409 119
1.6872 0000 100.0278 140
1.7299 0000 100.0982 173
1.7720 0000 100.1191 212
1.8144 0000 100.1683 268
1.8563 0000 100.1727 321
1.8980 0000 100.1723 339
1.9398 0000 100.1720 327
1.9820 0000 100.2024 272
2.0240 0000 100.2162 225
2.0660 0000 100.2277 208
2.1078 0000 100.2273 210
2.1491 0000 100.2010 225
2.1907 0000 100.1865 235
2.2319 0000 100.1555 281
2.2736 0000 100.1504 323
2.3154 0000 100.1501 357
2.3573 0000 100.1568 378
2.3995 0000 100.1824 354
2.4415 0000 100.1963 351
2.4834 0000 100.2007 312
2.5250 0000 100.1932 250
2.5662 0000 100.1622 232
2.6078 0000 100.1501 206
2.6494 0000 100.1403 183
2.6909 0000 100.1305 168
2.7319 0000 100.0877 151
2.7734 0000 100.0756 145
2.8150 0000 100.0682 148
2.8570 0000 100.0796 151
2.9000 0000 100.1430 156
2.9424 0000 100.1733 148
2.9839 0000 100.1588 152
3.0255 0000 100.1514 148
3.0663 0000 100.1062 141
3.1064 0000 100.0304 155
3.1473 0000 99.9900 204
3.1890 0000 99.9873 245
3.2308 0000 99.9894 262
3.2725 0000 99.9914 265
3.3145 0000 100.0005 256
3.3568 0000 100.0284 237
3.4004 0000 100.1059 163
3.4444 0000 100.2047 123
3.4888 0000 100.3155 132
3.5299 0000 100.2868 157
3.5707 0000 100.2439 157
3.6117 0000 100.2105 185
3.6532 0000 100.2007 191
3.6945 0000 100.1815 189
3.7358 0000 100.1599 153
3.7776 0000 100.1643 163
3.8199 0000 100.1852 202
3.8618 0000 100.1896 195
3.9042 0000 100.2129 151
3.9463 0000 100.2267 145
3.9880 0000 100.2240 152
4.0283 0000 100.1670 149
4.0681 0000 100.0935 155
4.1089 0000 100.0578 158
4.1501 0000 100.0362 152
4.1916 0000 100.0288 125
4.2333 0000 100.0261 103
4.2752 0000 100.0329 100
4.3190 0000 100.1080 102
4.3622 0000 100.1573 130
4.4051 0000 100.1971 200
4.4480 0000 100.2369 220
4.4901 0000 100.2484 219
4.5318 0000 100.2433 209
4.5728 0000 100.2170 211
4.6144 0000 100.2120 194
4.6584 0000 100.2849 186
4.7019 0000 100.3437 205
4.7448 0000 100.3789 251
4.7864 0000 100.3714 298
4.8269 0000 100.3285 367
4.8687 0000 100.3282 419
4.9105 0000 100.3278 429
4.9524 0000 100.3322 437
4.9955 0000 100.3721 437
5.0376 0000 100.3813 410
5.0799 0000 100.3975 385
5.1229 0000 100.4327 365
5.1665 0000 100.4868 363
5.2083 0000 100.4865 353
5.2498 0000 100.4767 345
5.2897 0000 100.4171 323
5.3312 0000 100.4097 294
5.3730 0000 100.4070 271
5.4148 0000 100.4067 246
5.4568 0000 100.4135 212
5.4996 0000 100.4415 195
5.5404 0000 100.4128 200
5.5822 0000 100.4125 204
5.6242 0000 100.4169 191
5.6671 0000 100.4473 173
5.7092 0000 100.4541 191
5.7510 0000 100.4538 215
5.7928 0000 100.4534 219
5.8347 0000 100.4555 209
5.8762 0000 100.4480 199
5.9166 0000 100.4074 181
5.9566 0000 100.3598 176
5.9969 0000 100.3192 179
6.0369 0000 100.2716 174
6.0782 0000 100.2595 172
6.1191 0000 100.2379 182
6.1610 0000 100.2399 169
6.2029 0000 100.2443 157
6.2461 0000 100.2794 133
6.2893 0000 100.3169 133
6.3323 0000 100.3473 112
6.3754 0000 100.3801 106
6.4174 0000 100.3869 96
6.4580 0000 100.3558 91
6.4964 0000 100.2704 78
6.5339 0000 100.1661 102
6.5755 0000 100.1634 148
6.6171 0000 100.1584 182
6.6575 0000 100.1250 186
6.6984 0000 100.1058 204
6.7391 0000 100.0819 235
6.7804 0000 100.0721 234
6.8224 0000 100.0765 212
6.8645 0000 100.0856 178
6.9071 0000 100.1065 138
6.9501 0000 100.1369 141
6.9934 0000 100.1719 117
7.0388 0000 100.2566 108
7.0828 0000 100.3083 104
7.1257 0000 100.3340 106
7.1649 0000 100.2769 94
7.2048 0000 100.2341 83
7.2458 0000 100.2172 73
7.2873 0000 100.2098 73
7.3272 0000 100.1693 80
7.3690 0000 100.1714 90
7.4116 0000 100.1899 92
7.4535 0000 100.1943 98
7.4981 0000 100.2554 116
7.5404 0000 100.2669 149
7.5845 0000 100.3185 171
7.6271 0000 100.3371 175
7.6706 0000 100.3723 158
7.7139 0000 100.4051 171
7.7576 0000 100.4473 171
7.8017 0000 100.4944 194
7.8449 0000 100.5248 173
7.8867 0000 100.5245 155
7.9274 0000 100.5005 158
7.9693 0000 100.5025 187
8.0119 0000 100.5188 222
8.0549 0000 100.5445 283
8.0972 0000 100.5536 298
8.1392 0000 100.5581 311
8.1816 0000 100.5696 328
8.2238 0000 100.5764 330
8.2659 0000 100.5831 325
8.3088 0000 100.6041 282
8.3505 0000 100.6014 239
8.3899 0000 100.5537 203
8.4291 0000 100.5012 153
8.4690 0000 100.4654 149
8.5107 0000 100.4627 157
8.5520 0000 100.4529 188
8.5936 0000 100.4502 196
8.6354 0000 100.4499 174
8.6759 0000 100.4259 110
8.7150 0000 100.3735 84
8.7539 0000 100.3188 86
8.7943 0000 100.2924 123
8.8369 0000 100.3086 146
8.8800 0000 100.3343 137
8.9216 0000 100.3316 134
8.9627 0000 100.3195 129
9.0044 0000 100.3191 124
9.0457 0000 100.3093 131
9.0876 0000 100.3137 123
9.1294 0000 100.3134 119
9.1710 0000 100.3107 107
9.2136 0000 100.3269 92
9.2569 0000 100.3550 72
9.3069 0000 100.5037 75
9.3575 0000 100.6622 114
9.4002 0000 100.6785 184
9.4433 0000 100.6995 251
9.4833 0000 100.6683 334
9.5239 0000 100.6466 379
9.5626 0000 100.5917 422
9.6035 0000 100.5748 502
9.6439 0000 100.5508 631
9.6851 0000 100.5410 670
9.7254 0000 100.5146 643
9.7654 0000 100.4834 732
9.8063 0000 100.4689 744
9.8475 0000 100.4591 726
9.8887 0000 100.4493 644
9.9308 0000 100.4537 484
9.9746 0000 100.4889 311
10.0250 0000 100.6331 233
10.0721 0000 100.7229 213
10.1114 0000 100.6798 203
10.1451 0000 100.5444 212
10.1864 0000 100.5369 229
10.2280 0000 100.5342 216
10.2662 0000 100.4747 195
10.3071 0000 100.4601 175
10.3442 0000 100.3841 172
10.3817 0000 100.3152 173
10.4228 0000 100.3054 175
10.4631 0000 100.2814 173
10.5030 0000 100.2527 143
10.5438 0000 100.2382 135
10.5838 0000 100.2096 142
10.6248 0000 100.1998 148
10.6653 0000 100.1806 143
10.7064 0000 100.1708 126
10.7460 0000 100.1375 108
10.7869 0000 100.1253 104
10.8267 0000 100.0967 101
10.8672 0000 100.0775 96
10.9047 0000 100.0136 94
10.9441 0000 99.9779 102
10.9851 0000 99.9682 111
11.0282 0000 99.9914 119
11.0711 0000 100.0099 141
11.1150 0000 100.0449 156
11.1590 0000 100.0799 184
11.2011 0000 100.0866 174
11.2396 0000 100.0392 154
11.2779 0000 99.9894 179
11.3198 0000 99.9937 209
11.3645 0000 100.0382 235
11.4085 0000 100.0732 296
11.4507 0000 100.0823 325
11.4940 0000 100.1055 309
11.5364 0000 100.1170 303
11.5787 0000 100.1260 290
11.6203 0000 100.1257 274
11.6616 0000 100.1207 268
11.7046 0000 100.1392 295
11.7467 0000 100.1459 314
11.7903 0000 100.1739 329
11.8325 0000 100.1807 368
11.8738 0000 100.1756 387
11.9113 0000 100.1163 400
11.9522 0000 100.1066 418
11.9935 0000 100.1015 444
12.0351 0000 100.1012 462
12.0769 0000 100.1032 456
12.1191 0000 100.1100 445
12.1610 0000 100.1144 419
12.2045 0000 100.1400 409
12.2448 0000 100.1208 360
12.2836 0000 100.0827 349
12.3239 0000 100.0636 391
12.3646 0000 100.0514 450
12.4042 0000 100.0229 505
12.4475 0000 100.0461 481
12.4896 0000 100.0528 474
12.5314 0000 100.0549 462
12.5728 0000 100.0522 468
12.6145 0000 100.0542 490
12.6561 0000 100.0539 502
12.6974 0000 100.0489 483
12.7372 0000 100.0250 450
12.7807 0000 100.0506 359
12.8221 0000 100.0479 285
12.8607 0000 100.0075 231
12.8974 0000 99.9437 199
12.9370 0000 99.9175 190
12.9782 0000 99.9124 167
13.0190 0000 99.9027 157
13.0598 0000 99.8930 159
13.1001 0000 99.8762 182
13.1416 0000 99.8759 189
13.1833 0000 99.8779 186
13.2251 0000 99.8800 186
13.2681 0000 99.8985 185
13.3100 0000 99.9029 212
13.3515 0000 99.9025 238
13.3930 0000 99.9022 247
13.4314 0000 99.8619 243
13.4716 0000 99.8452 214
13.5114 0000 99.8237 177
13.5507 0000 99.7952 165
13.6108 0000 100.0277 129
13.6637 0000 100.1688 160
13.7032 0000 100.1425 214
13.7437 0000 100.1281 242
13.7826 0000 100.0948 251
13.8215 0000 100.0615 226
13.8598 0000 100.0211 221
13.9007 0000 100.0137 201
13.9427 0000 100.0181 188
13.9840 0000 100.0154 178
14.0224 0000 99.9775 180
14.0628 0000 99.9630 180
14.1047 0000 99.9674 182
14.1472 0000 99.9789 164
14.1909 0000 100.0044 140
14.2305 0000 99.9806 138
14.2684 0000 99.9379 109
14.3068 0000 99.9000 107
14.3489 0000 99.9067 109
14.3930 0000 99.9369 116
14.4351 0000 99.9437 114
14.4774 0000 99.9528 111
14.5197 0000 99.9619 110
14.5628 0000 99.9804 103
14.6051 0000 99.9895 107
14.6515 0000 100.0457 110
14.6967 0000 100.0877 102
14.7412 0000 100.1228 109
14.7830 0000 100.1248 104
14.8239 0000 100.1174 84
14.8601 0000 100.0558 62
14.8981 0000 100.0155 51
14.9357 0000 99.9704 47
14.9741 0000 99.9348 50
15.0216 0000 100.0027 67
15.0642 0000 100.0142 98
15.1038 0000 99.9927 118
15.1478 0000 100.0206 163
15.1897 0000 100.0250 200
15.2325 0000 100.0388 172
15.2744 0000 100.0431 128
15.3252 0000 100.1465 90
15.3811 0000 100.3066 92
15.4265 0000 100.3488 116
15.4734 0000 100.4076 128
15.5167 0000 100.4261 144
15.5615 0000 100.4613 146
15.6085 0000 100.5201 149
15.6509 0000 100.5292 160
15.6917 0000 100.5194 170
15.7298 0000 100.4812 180
15.7692 0000 100.4572 170
15.8130 0000 100.4806 179
15.8550 0000 100.4849 164
15.8970 0000 100.4893 158
15.9412 0000 100.5174 152
15.9843 0000 100.5336 158
16.0266 0000 100.5404 164
16.0677 0000 100.5353 154
16.1096 0000 100.5373 136
16.1516 0000 100.5417 147
16.1930 0000 100.5390 133
16.2339 0000 100.5316 115
16.2754 0000 100.5312 108
16.3172 0000 100.5332 107
16.3591 0000 100.5353 107
16.4013 0000 100.5420 102
16.4433 0000 100.5464 100
16.4872 0000 100.5697 91
16.5324 0000 100.6073 96
16.5783 0000 100.6519 100
16.6226 0000 100.6800 128
16.6644 0000 100.6821 135
16.7065 0000 100.6864 141
16.7509 0000 100.7145 126
16.7987 0000 100.7783 109
16.8523 0000 100.9014 100
16.9081 0000 101.0461 119
16.8637 0000 100.1669 135
16.9050 0000 100.1642 172
16.9460 0000 100.1591 186
16.9881 0000 100.1658 183
17.0303 0000 100.1725 150
17.0718 0000 100.1722 107
17.1132 0000 100.1718 84
17.1587 0000 100.2116 81
17.2004 0000 100.2136 88
17.2430 0000 100.2250 90
17.2880 0000 100.2601 86
17.3330 0000 100.2951 92
17.3776 0000 100.3254 75
17.4186 0000 100.3204 71
17.4632 0000 100.3507 81
17.5109 0000 100.4118 87
17.5567 0000 100.4540 99
17.6009 0000 100.4796 94
17.6467 0000 100.5218 104
17.6921 0000 100.5593 99
17.7372 0000 100.5945 114
17.7822 0000 100.6273 128
17.8271 0000 100.6601 118
17.8706 0000 100.6787 129
17.9197 0000 100.7518 124
17.9654 0000 100.7918 130
18.0141 0000 100.8603 138
18.0638 0000 100.9383 113
18.1173 0000 101.0521 101
18.1597 0000 101.0588 103
18.2008 0000 101.0537 94
18.2391 0000 101.0224 96
18.2810 0000 101.0244 123
18.3248 0000 101.0454 172
18.3669 0000 101.0498 192
18.4112 0000 101.0756 188
18.4541 0000 101.0871 216
18.4982 0000 101.1105 207
18.5459 0000 101.1673 194
18.5992 0000 101.2766 186
18.6434 0000 101.3000 188
18.6860 0000 101.3092 200
18.7271 0000 101.3040 218
18.7675 0000 101.2917 221
18.8055 0000 101.2579 216
18.8456 0000 101.2432 178
18.8805 0000 101.1808 134
18.9130 0000 101.0971 123
18.9530 0000 101.0824 128
18.9933 0000 101.0701 136
19.0291 0000 101.0174 143
19.0686 0000 100.9980 143
19.1099 0000 100.9952 136
19.1519 0000 100.9996 140
19.1945 0000 101.0087 140
19.2374 0000 101.0202 115
19.2826 0000 101.0531 97
19.3326 0000 101.1289 82
19.3839 0000 101.2166 80
19.4355 0000 101.3068 89
19.4747 0000 101.2850 106
19.5145 0000 101.2679 129
19.5544 0000 101.2532 145
19.5936 0000 101.2313 164
19.6354 0000 101.2333 174
19.6773 0000 101.2353 161
19.7213 0000 101.2564 138
19.7798 0000 101.4063 93
19.8365 0000 101.5397 97
19.8790 0000 101.5464 105
19.9225 0000 101.5628 119
19.9522 0000 101.4572 135
19.9943 0000 101.4616 139
20.0332 0000 101.4373 160
20.0751 0000 101.4393 166
20.1172 0000 101.4437 156
20.1616 0000 101.4672 130
20.2037 0000 101.4716 112
20.2431 0000 101.4521 97
20.2841 0000 101.4469 81
20.3219 0000 101.4131 75
20.3629 0000 101.4079 64
20.4053 0000 101.4147 62
20.4544 0000 101.4788 77
20.4977 0000 101.4927 99
20.5429 0000 101.5234 113
20.5853 0000 101.5302 139
20.6295 0000 101.5513 139
20.6753 0000 101.5868 148
20.7220 0000 101.6294 137
20.7650 0000 101.6410 130
20.8058 0000 101.6335 127
20.8440 0000 101.6044 143
20.8842 0000 101.5920 130
20.9244 0000 101.5797 105
20.9666 0000 101.5841 94
21.0102 0000 101.6005 92
21.0526 0000 101.6073 92
21.0943 0000 101.6069 87
21.1361 0000 101.6089 81
21.1737 0000 101.5751 70
21.2046 0000 101.4863 62
21.2205 0000 101.2736 60
21.2497 0000 101.1708 75
21.2906 0000 101.1657 89
21.3318 0000 101.1630 103
21.3707 0000 101.1412 116
21.4125 0000 101.1432 146
21.4545 0000 101.1476 159
21.4978 0000 101.1616 156
21.5399 0000 101.1660 127
21.5799 0000 101.1537 110
21.7387 0000 102.1053 78
21.7769 0000 102.0761 80
21.8144 0000 102.0420 74
21.8558 0000 102.0393 81
21.9091 0000 102.1327 95
21.9562 0000 102.1756 112
21.9991 0000 102.1849 129
22.0444 0000 102.2134 143
22.0835 0000 102.1913 131
22.1197 0000 102.1477 122
22.1488 0000 102.0463 115
22.1817 0000 101.9763 115
22.2188 0000 101.9400 132
22.2571 0000 101.9132 127
22.2990 0000 101.9153 121
22.3471 0000 101.9653 104
22.3933 0000 102.0010 106
22.4356 0000 102.0054 99
22.4772 0000 102.0050 87
22.5198 0000 102.0119 79
22.5657 0000 102.0452 82
22.6120 0000 102.0808 70
22.6623 0000 102.1478 68
22.7126 0000 102.2148 72
22.7571 0000 102.2361 81
22.8031 0000 102.2694 88
22.8458 0000 102.2763 103
22.8881 0000 102.2807 106
22.9285 0000 102.2707 97
22.9693 0000 102.2632 96
23.0112 0000 102.2652 102
23.0570 0000 102.2961 107
23.1028 0000 102.3271 132
23.1470 0000 102.3460 148
23.1906 0000 102.3601 155
23.2361 0000 102.3887 146
23.2784 0000 102.3931 140
23.3188 0000 102.3831 124
23.3535 0000 102.3297 120
23.3872 0000 102.2692 119
23.4285 0000 102.2664 121
23.4705 0000 102.2684 125
23.5134 0000 102.2777 132
23.5557 0000 102.2821 131
23.5954 0000 102.2673 117
23.6316 0000 102.2261 104
23.6764 0000 102.2498 110
23.7197 0000 102.2614 100
23.7694 0000 102.3212 93
23.8126 0000 102.3329 101
23.8556 0000 102.3422 110
23.9057 0000 102.4045 110
23.9532 0000 102.4475 104
24.0000 0000 102.4857 111
24.0473 0000 102.5263 106
24.0948 0000 102.5694 103
24.1417 0000 102.6077 106
24.1874 0000 102.6363 98
24.2241 0000 102.5997 92
24.2608 0000 102.5631 91
24.3018 0000 102.5578 95
24.3441 0000 102.5623 94
24.3867 0000 102.5692 89
24.4320 0000 102.5953 97
24.4777 0000 102.6239 91
24.5170 0000 102.6066 93
24.5533 0000 102.5676 80
24.5889 0000 102.5238 75
24.6288 0000 102.5113 72
24.6630 0000 102.4579 72
24.7040 0000 102.4527 69
24.7452 0000 102.4499 75
24.7878 0000 102.4567 87
24.8341 0000 102.4901 86
24.8805 0000 102.5235 89
24.9275 0000 102.5617 85
24.9837 0000 102.6652 89
25.0362 0000 102.7422 103
25.0796 0000 102.7539 124
25.1263 0000 102.7898 139
25.1728 0000 102.8233 169
25.2155 0000 102.8301 182
25.2578 0000 102.8346 175
25.2991 0000 102.8318 162
25.3397 0000 102.8241 143
25.3755 0000 102.7826 125
25.4154 0000 102.7701 122
25.4566 0000 102.7672 136
25.5031 0000 102.8007 143
25.5451 0000 102.8027 164
25.5878 0000 102.8096 180
25.6305 0000 102.8165 188
25.6731 0000 102.8233 182
25.7158 0000 102.8302 173
25.7567 0000 102.8250 178
25.7976 0000 102.8197 184
25.8400 0000 102.8242 174
25.8827 0000 102.8310 162
25.9282 0000 102.8573 170
25.9687 0000 102.8496 169
26.0050 0000 102.8129 139
26.0417 0000 102.7786 121
26.0836 0000 102.7806 108
26.1327 0000 102.8311 111
26.1811 0000 102.8767 110
26.2249 0000 102.8908 109
26.2661 0000 102.8880 106
26.3113 0000 102.9119 119
26.3537 0000 102.9163 130
26.3960 0000 102.9208 133
26.4387 0000 102.9276 127
26.4815 0000 102.9345 127
26.5227 0000 102.9317 134
26.5597 0000 102.8998 134
26.6006 0000 102.8945 147
26.6433 0000 102.9014 172
26.6860 0000 102.9083 207
26.7280 0000 102.9103 238
26.7692 0000 102.9075 263
26.8108 0000 102.9071 286
