wt=150532008, DLLFiFo=0
-25.2693 0000 89.8660 130
-25.2283 0000 89.8507 131
-25.1878 0000 89.8397 149
-25.1540 0000 89.8744 150
-25.1184 0000 89.8966 161
-25.0827 0000 89.9188 168
-25.0444 0000 89.9223 158
-25.0069 0000 89.9321 136
-24.9719 0000 89.9585 128
-24.9341 0000 89.9662 124
-24.8930 0000 89.9509 132
-24.8529 0000 89.9419 112
-24.8124 0000 89.9309 93
-24.7735 0000 89.9302 86
-24.7330 0000 89.9191 87
-24.6893 0000 89.8851 91
-24.6495 0000 89.8782 99
-24.6111 0000 89.8817 99
-24.5733 0000 89.8894 100
-24.5376 0000 89.9117 112
-24.5028 0000 89.9402 105
-24.4661 0000 89.9562 131
-24.4263 0000 89.9493 168
-24.3856 0000 89.9361 153
-24.3472 0000 89.9397 121
-24.3213 0000 90.0328 99
-24.2838 0000 90.0426 97
-24.2448 0000 90.0420 100
-24.2047 0000 90.0330 112
-24.1645 0000 90.0240 105
-24.1191 0000 89.9775 107
-24.0775 0000 89.9581 135
-24.0386 0000 89.9574 131
-23.9990 0000 89.9526 114
-23.9566 0000 89.9270 94
-23.9164 0000 89.9180 113
-23.8775 0000 89.9174 173
-23.8393 0000 89.9230 226
-23.8032 0000 89.9432 214
-23.7651 0000 89.9488 218
-23.7267 0000 89.9524 207
-23.6885 0000 89.9580 179
-23.6504 0000 89.9637 180
-23.6122 0000 89.9693 196
-23.5752 0000 89.9833 185
-23.5362 0000 89.9827 141
-23.4978 0000 89.9862 154
-23.4593 0000 89.9898 229
-23.4200 0000 89.9871 306
-23.3788 0000 89.9698 280
-23.3387 0000 89.9609 258
-23.3002 0000 89.9645 235
-23.2643 0000 89.9868 246
-23.2267 0000 89.9966 241
-23.1893 0000 90.0086 189
-23.1517 0000 90.0184 164
-23.1140 0000 90.0283 184
-23.0756 0000 90.0319 197
-23.0368 0000 90.0334 174
-22.9975 0000 90.0307 162
-22.9582 0000 90.0281 170
-22.9205 0000 90.0379 203
-22.8815 0000 90.0374 193
-22.8427 0000 90.0389 166
-22.8031 0000 90.0342 154
-22.7632 0000 90.0274 148
-22.7250 0000 90.0331 143
-22.6868 0000 90.0388 162
-22.6477 0000 90.0382 196
-22.6087 0000 90.0377 216
-22.5699 0000 90.0393 210
-22.5286 0000 90.0220 169
-22.4880 0000 90.0090 152
-22.4476 0000 89.9980 158
-22.4069 0000 89.9849 189
-22.3678 0000 89.9844 185
-22.3315 0000 90.0048 176
-22.2940 0000 90.0168 198
-22.2555 0000 90.0205 211
-22.2185 0000 90.0367 259
-22.1821 0000 90.0570 252
-22.1446 0000 90.0691 268
-22.1064 0000 90.0748 288
-22.0675 0000 90.0764 285
-22.0282 0000 90.0739 235
-21.9883 0000 90.0671 171
-21.9489 0000 90.0645 129
-21.9101 0000 90.0661 117
-21.8705 0000 90.0615 120
-21.8306 0000 90.0547 121
-21.7912 0000 90.0521 119
-21.7503 0000 90.0370 126
-21.7112 0000 90.0366 132
-21.6729 0000 90.0424 150
-21.6346 0000 90.0482 165
-21.5957 0000 90.0498 158
-21.5584 0000 90.0640 141
-21.5193 0000 90.0635 101
-21.4802 0000 90.0630 75
-21.4442 0000 90.0877 71
-21.4053 0000 90.0893 76
-21.3691 0000 90.1119 84
-21.3310 0000 90.1198 106
-21.2941 0000 90.1382 109
-21.2553 0000 90.1398 120
-21.2154 0000 90.1331 137
-21.1724 0000 90.1013 159
-21.1325 0000 90.0946 157
-21.0929 0000 90.0899 134
-21.0535 0000 90.0874 111
-21.0136 0000 90.0807 107
-20.9750 0000 90.0844 127
-20.9366 0000 90.0903 147
-20.8974 0000 90.0899 141
-20.8578 0000 90.0852 119
-20.8189 0000 90.0869 107
-20.7805 0000 90.0928 105
-20.7414 0000 90.0923 111
-20.7023 0000 90.0919 124
-20.6629 0000 90.0894 117
-20.6230 0000 90.0827 90
-20.5821 0000 90.0676 81
-20.5454 0000 90.0881 99
-20.5063 0000 90.0877 102
-20.4679 0000 90.0936 151
-20.4302 0000 90.1057 227
-20.3926 0000 90.1179 239
-20.3539 0000 90.1216 207
-20.3155 0000 90.1275 162
-20.2775 0000 90.1376 147
-20.2374 0000 90.1288 121
-20.1948 0000 90.0990 117
-20.1530 0000 90.0756 170
-20.1134 0000 90.0710 193
-20.0738 0000 90.0664 185
-20.0346 0000 90.0660 168
-19.9964 0000 90.0740 144
-19.9590 0000 90.0882 121
-19.9256 0000 90.1381 119
-19.8898 0000 90.1670 146
-19.8527 0000 90.1855 130
-19.8140 0000 90.1892 123
-19.7746 0000 90.1867 114
-19.7350 0000 90.1821 121
-19.6932 0000 90.1587 143
-19.6538 0000 90.1562 160
-19.6148 0000 90.1579 155
-19.5754 0000 90.1554 153
-19.5367 0000 90.1591 142
-19.4987 0000 90.1692 116
-19.4621 0000 90.1919 95
-19.4229 0000 90.1915 80
-19.3840 0000 90.1932 99
-19.3462 0000 90.2053 169
-19.3079 0000 90.2133 228
-19.2685 0000 90.2108 213
-19.2270 0000 90.1894 170
-19.1871 0000 90.1828 191
-19.1482 0000 90.1844 234
-19.1092 0000 90.1861 255
-19.0707 0000 90.1920 250
-19.0310 0000 90.1874 192
-18.9916 0000 90.1849 178
-18.9533 0000 90.1929 170
-18.9151 0000 90.2009 140
-18.8759 0000 90.2005 110
-18.8369 0000 90.2022 97
-18.7981 0000 90.2060 102
-18.7619 0000 90.2328 122
-18.7256 0000 90.2597 123
-18.6873 0000 90.2677 139
-18.6485 0000 90.2715 140
-18.6091 0000 90.2690 141
-18.5696 0000 90.2664 141
-18.5306 0000 90.2681 130
-18.4907 0000 90.2614 132
-18.4493 0000 90.2400 142
-18.4107 0000 90.2459 153
-18.3717 0000 90.2476 165
-18.3321 0000 90.2430 176
-18.2937 0000 90.2510 168
-18.2550 0000 90.2548 134
-18.2184 0000 90.2795 123
-18.1839 0000 90.3253 138
-18.1449 0000 90.3270 155
-18.1039 0000 90.3098 161
-18.0647 0000 90.3094 122
-18.0254 0000 90.3090 96
-17.9836 0000 90.2834 121
-17.9433 0000 90.2725 130
-17.9053 0000 90.2846 134
-17.8650 0000 90.2737 166
-17.8251 0000 90.2670 168
-17.7852 0000 90.2603 142
-17.7453 0000 90.2536 114
-17.7063 0000 90.2553 94
-17.6688 0000 90.2716 87
-17.6310 0000 90.2859 88
-17.5905 0000 90.2729 103
-17.5508 0000 90.2683 117
-17.5097 0000 90.2489 141
-17.4692 0000 90.2359 145
-17.4305 0000 90.2418 147
-17.3932 0000 90.2603 140
-17.3570 0000 90.2913 121
-17.3205 0000 90.3182 142
-17.2818 0000 90.3241 137
-17.2430 0000 90.3278 115
-17.2037 0000 90.3274 98
-17.1642 0000 90.3249 90
-17.1249 0000 90.3244 78
-17.0879 0000 90.3471 87
-17.0491 0000 90.3509 103
-17.0098 0000 90.3505 107
-16.9699 0000 90.3437 104
-16.9277 0000 90.3139 100
-16.8872 0000 90.3008 129
-16.8475 0000 90.2962 149
-16.8074 0000 90.2874 133
-16.7694 0000 90.2995 145
-16.7305 0000 90.3033 130
-16.6918 0000 90.3092 114
-16.6531 0000 90.3150 126
-16.6140 0000 90.3167 139
-16.5743 0000 90.3121 129
-16.5348 0000 90.3095 109
-16.4957 0000 90.3112 96
-16.4574 0000 90.3213 95
-16.4191 0000 90.3313 96
-16.3818 0000 90.3519 96
-16.3442 0000 90.3704 120
-16.3081 0000 90.4036 123
-16.2721 0000 90.4389 141
-16.2325 0000 90.4364 173
-16.1922 0000 90.4254 193
-16.1504 0000 90.3976 202
-16.1112 0000 90.3993 178
-16.0750 0000 90.4325 166
-16.0370 0000 90.4468 195
-15.9978 0000 90.4485 174
-15.9591 0000 90.4544 133
-15.9213 0000 90.4708 118
-15.8817 0000 90.4682 110
-15.8395 0000 90.4362 110
-15.8001 0000 90.4358 114
-15.7608 0000 90.4353 134
-15.7216 0000 90.4370 147
-15.6828 0000 90.4429 149
-15.6446 0000 90.4551 157
-15.6079 0000 90.4841 139
-15.5691 0000 90.4900 118
-15.5286 0000 90.4769 140
-15.4909 0000 90.4954 215
-15.4521 0000 90.5013 205
-15.4131 0000 90.5051 163
-15.3735 0000 90.5025 174
-15.3339 0000 90.5000 199
-15.2949 0000 90.5038 186
-15.2557 0000 90.5055 150
-15.2167 0000 90.5092 112
-15.1793 0000 90.5320 84
-15.1406 0000 90.5400 79
-15.1025 0000 90.5543 88
-15.0600 0000 90.5180 101
-15.0201 0000 90.5113 106
-14.9794 0000 90.4961 107
-14.9357 0000 90.4451 143
-14.8924 0000 90.3983 259
-14.8526 0000 90.3937 347
-14.8133 0000 90.3932 300
-14.7742 0000 90.3970 215
-14.7370 0000 90.4218 157
-14.7010 0000 90.4614 141
-14.6626 0000 90.4737 149
-14.6252 0000 90.4964 201
-14.5863 0000 90.5023 204
-14.5469 0000 90.5019 166
-14.5068 0000 90.4930 133
-14.4672 0000 90.4905 125
-14.4276 0000 90.4879 140
-14.3878 0000 90.4833 149
-14.3486 0000 90.4850 127
-14.3116 0000 90.5141 93
-14.2725 0000 90.5178 88
-14.2348 0000 90.5385 96
-14.1957 0000 90.5423 89
-14.1564 0000 90.5440 92
-14.1171 0000 90.5457 112
-14.0777 0000 90.5453 128
-14.0383 0000 90.5448 147
-13.9990 0000 90.5465 154
-13.9592 0000 90.5419 127
-13.9196 0000 90.5393 113
-13.8800 0000 90.5368 128
-13.8404 0000 90.5343 135
-13.8019 0000 90.5465 178
-13.7636 0000 90.5609 244
-13.7242 0000 90.5605 284
-13.6849 0000 90.5621 255
-13.6458 0000 90.5659 217
-13.6068 0000 90.5719 179
-13.5688 0000 90.5904 170
-13.5310 0000 90.6111 244
-13.4915 0000 90.6107 305
-13.4522 0000 90.6124 285
-13.4129 0000 90.6141 215
-13.3726 0000 90.6031 178
-13.3320 0000 90.5880 206
-13.2909 0000 90.5664 236
-13.2510 0000 90.5597 263
-13.2115 0000 90.5593 250
-13.1721 0000 90.5589 241
-13.1325 0000 90.5563 297
-13.0931 0000 90.5580 330
-13.0543 0000 90.5661 256
-13.0159 0000 90.5804 178
-12.9792 0000 90.6180 174
-12.9416 0000 90.6430 160
-12.9026 0000 90.6489 133
-12.8651 0000 90.6760 108
-12.8263 0000 90.6862 106
-12.7868 0000 90.6858 137
-12.7465 0000 90.6748 183
-12.7058 0000 90.6575 180
-12.6686 0000 90.6888 166
-12.6297 0000 90.6968 180
-12.5900 0000 90.6943 208
-12.5502 0000 90.6897 200
-12.5104 0000 90.6851 163
-12.4693 0000 90.6614 142
-12.4283 0000 90.6399 110
-12.3904 0000 90.6627 106
-12.3524 0000 90.6835 115
-12.3151 0000 90.7148 123
-12.2769 0000 90.7334 135
-12.2375 0000 90.7351 115
-12.1997 0000 90.7601 95
-12.1619 0000 90.7852 100
-12.1237 0000 90.8038 100
-12.0825 0000 90.7801 101
-12.0409 0000 90.7480 118
-12.0011 0000 90.7434 142
-11.9612 0000 90.7387 176
-11.9209 0000 90.7256 225
-11.8826 0000 90.7443 247
-11.8435 0000 90.7503 316
-11.8041 0000 90.7520 334
-11.7649 0000 90.7558 279
-11.7255 0000 90.7576 220
-11.6859 0000 90.7572 179
-11.6479 0000 90.7801 134
-11.6102 0000 90.8072 130
-11.5705 0000 90.8047 150
-11.5309 0000 90.8043 170
-11.4917 0000 90.8082 163
-11.4521 0000 90.8078 151
-11.4114 0000 90.7883 179
-11.3717 0000 90.7858 191
-11.3332 0000 90.8024 165
-11.2938 0000 90.8041 161
-11.2539 0000 90.7974 161
-11.2141 0000 90.7928 150
-11.1748 0000 90.7966 136
-11.1359 0000 90.8068 126
-11.0969 0000 90.8149 133
-11.0595 0000 90.8505 148
-11.0218 0000 90.8798 168
-10.9820 0000 90.8752 166
-10.9410 0000 90.8515 170
-10.9026 0000 90.8702 210
-10.8637 0000 90.8804 219
-10.8241 0000 90.8800 209
-10.7829 0000 90.8521 167
-10.7431 0000 90.8475 148
-10.7057 0000 90.8831 183
-10.6684 0000 90.9209 210
-10.6321 0000 90.9757 229
-10.5932 0000 90.9880 239
-10.5535 0000 90.9855 217
-10.5132 0000 90.9724 159
-10.4698 0000 90.9063 111
-10.4277 0000 90.8635 91
-10.3861 0000 90.8271 85
-10.3440 0000 90.7823 90
-10.3048 0000 90.7882 93
-10.2683 0000 90.8408 103
-10.2303 0000 90.8680 103
-10.1910 0000 90.8718 89
-10.1513 0000 90.8693 78
-10.1105 0000 90.8478 81
-10.0709 0000 90.8453 77
-10.0313 0000 90.8449 79
-9.9916 0000 90.8424 96
-9.9522 0000 90.8441 122
-9.9128 0000 90.8459 131
-9.8737 0000 90.8540 122
-9.8356 0000 90.8811 100
-9.7973 0000 90.9041 99
-9.7575 0000 90.8994 110
-9.7162 0000 90.8673 138
-9.6761 0000 90.8563 186
-9.6355 0000 90.8368 234
-9.5961 0000 90.8386 188
-9.5576 0000 90.8594 193
-9.5184 0000 90.8653 197
-9.4789 0000 90.8650 211
-9.4393 0000 90.8646 198
-9.4002 0000 90.8727 158
-9.3608 0000 90.8765 133
-9.3212 0000 90.8740 120
-9.2829 0000 90.8991 115
-9.2439 0000 90.9093 106
-9.2060 0000 90.9428 113
-9.1680 0000 90.9721 158
-9.1274 0000 90.9527 164
-9.0863 0000 90.9226 200
-9.0443 0000 90.8734 273
-9.0042 0000 90.8625 322
-8.9645 0000 90.8578 373
-8.9249 0000 90.8575 453
-8.8858 0000 90.8655 455
-8.8465 0000 90.8715 353
-8.8082 0000 90.8966 210
-8.7719 0000 90.9640 148
-8.7337 0000 90.9934 144
-8.6939 0000 90.9866 169
-8.6537 0000 90.9735 220
-8.6151 0000 90.9943 176
-8.5761 0000 91.0067 166
-8.5362 0000 90.9999 210
-8.4961 0000 90.9889 232
-8.4564 0000 90.9864 202
-8.4161 0000 90.9712 170
-8.3761 0000 90.9623 183
-8.3374 0000 90.9810 181
-8.2978 0000 90.9806 168
-8.2582 0000 90.9781 168
-8.2194 0000 90.9968 149
-8.1803 0000 91.0071 144
-8.1410 0000 91.0130 149
-8.1017 0000 91.0190 173
-8.0632 0000 91.0441 198
-8.0239 0000 91.0501 231
-7.9844 0000 91.0519 261
-7.9448 0000 91.0536 253
-7.9056 0000 91.0617 250
-7.8664 0000 91.0698 290
-7.8269 0000 91.0737 311
-7.7875 0000 91.0776 277
-7.7491 0000 91.1069 229
-7.7099 0000 91.1172 177
-7.6707 0000 91.1253 120
-7.6309 0000 91.1207 97
-7.5903 0000 91.0969 170
-7.5506 0000 91.0966 335
-7.5109 0000 91.0941 504
-7.4708 0000 91.0809 507
-7.4308 0000 91.0721 447
-7.3907 0000 91.0589 334
-7.3507 0000 91.0501 247
-7.3112 0000 91.0518 211
-7.2718 0000 91.0578 218
-7.2325 0000 91.0638 248
-7.1936 0000 91.0826 247
-7.1545 0000 91.0971 236
-7.1167 0000 91.1435 210
-7.0777 0000 91.1601 202
-7.0399 0000 91.2066 213
-7.0004 0000 91.2105 226
-6.9607 0000 91.2101 231
-6.9202 0000 91.1884 231
-6.8804 0000 91.1838 181
-6.8408 0000 91.1835 132
-6.8014 0000 91.1895 127
-6.7614 0000 91.1806 158
-6.7210 0000 91.1611 224
-6.6801 0000 91.1246 329
-6.6402 0000 91.1178 445
-6.6003 0000 91.1111 538
-6.5608 0000 91.1129 610
-6.5215 0000 91.1231 641
-6.4820 0000 91.1270 594
-6.4424 0000 91.1288 494
-6.4027 0000 91.1263 421
-6.3630 0000 91.1239 356
-6.3233 0000 91.1235 261
-6.2834 0000 91.1146 182
-6.2434 0000 91.1037 121
-6.2051 0000 91.1437 79
-6.1678 0000 91.2157 65
-6.1292 0000 91.2473 60
-6.0905 0000 91.2789 55
-6.0508 0000 91.2786 51
-6.0090 0000 91.2101 51
-5.9704 0000 91.2459 58
-5.9318 0000 91.2797 87
-5.8922 0000 91.2814 145
-5.8530 0000 91.2981 189
-5.8133 0000 91.2957 231
-5.7731 0000 91.2804 266
-5.7330 0000 91.2673 346
-5.6932 0000 91.2605 323
-5.6535 0000 91.2602 253
-5.6151 0000 91.3046 220
-5.5760 0000 91.3234 226
-5.5361 0000 91.3188 231
-5.4954 0000 91.2844 295
-5.4552 0000 91.2649 315
-5.4159 0000 91.2773 317
-5.3758 0000 91.2642 210
-5.3372 0000 91.3043 178
-5.2978 0000 91.3125 185
-5.2583 0000 91.3207 194
-5.2187 0000 91.3225 183
-5.1788 0000 91.3158 155
-5.1391 0000 91.3176 133
-5.0996 0000 91.3236 121
-5.0599 0000 91.3233 126
-5.0207 0000 91.3421 153
-4.9815 0000 91.3653 153
-4.9420 0000 91.3735 161
-4.9024 0000 91.3774 159
-4.8626 0000 91.3749 174
-4.8230 0000 91.3767 199
-4.7835 0000 91.3871 195
-4.7444 0000 91.4145 178
-4.7051 0000 91.4291 143
-4.6647 0000 91.4010 163
-4.6248 0000 91.3964 156
-4.5851 0000 91.3939 125
-4.5452 0000 91.3872 116
-4.5046 0000 91.3484 141
-4.4644 0000 91.3289 158
-4.4256 0000 91.3670 165
-4.3869 0000 91.4157 195
-4.3478 0000 91.4431 242
-4.3081 0000 91.4428 302
-4.2683 0000 91.4425 300
-4.2285 0000 91.4400 287
-4.1886 0000 91.4311 286
-4.1488 0000 91.4265 271
-4.1091 0000 91.4304 254
-4.0696 0000 91.4386 245
-4.0300 0000 91.4469 238
-3.9905 0000 91.4615 220
-3.9508 0000 91.4633 239
-3.9112 0000 91.4672 261
-3.8718 0000 91.4861 282
-3.8320 0000 91.4858 265
-3.7918 0000 91.4576 242
-3.7520 0000 91.4552 252
-3.7123 0000 91.4612 259
-3.6726 0000 91.4609 242
-3.6324 0000 91.4328 237
-3.5924 0000 91.4218 229
-3.5527 0000 91.4236 238
-3.5130 0000 91.4254 249
-3.4733 0000 91.4229 238
-3.4335 0000 91.4226 214
-3.3939 0000 91.4286 210
-3.3543 0000 91.4368 239
-3.3146 0000 91.4408 272
-3.2749 0000 91.4469 275
-3.2354 0000 91.4572 251
-3.1961 0000 91.4932 214
-3.1565 0000 91.4993 174
-3.1168 0000 91.5053 160
-3.0773 0000 91.5200 183
-3.0373 0000 91.5025 169
-2.9974 0000 91.4958 167
-2.9577 0000 91.4955 192
-2.9180 0000 91.4994 231
-2.8783 0000 91.5055 238
-2.8387 0000 91.5222 193
-2.7990 0000 91.5198 149
-2.7592 0000 91.5194 117
-2.7197 0000 91.5426 125
-2.6800 0000 91.5466 139
-2.6403 0000 91.5569 157
-2.6007 0000 91.5673 245
-2.5609 0000 91.5648 359
-2.5210 0000 91.5581 419
-2.4813 0000 91.5599 412
-2.4415 0000 91.5553 339
-2.4015 0000 91.5378 304
-2.3616 0000 91.5204 331
-2.3217 0000 91.5093 245
-2.2819 0000 91.5005 198
-2.2421 0000 91.4980 189
-2.2025 0000 91.5169 183
-2.1630 0000 91.5401 194
-2.1233 0000 91.5483 192
-2.0835 0000 91.5544 183
-2.0439 0000 91.5712 161
-2.0041 0000 91.5687 155
-1.9644 0000 91.5727 154
-1.9247 0000 91.5852 149
-1.8851 0000 91.6106 147
-1.8453 0000 91.6145 131
-1.8055 0000 91.6142 107
-1.7656 0000 91.5839 82
-1.7254 0000 91.5215 65
-1.6856 0000 91.5169 54
-1.6456 0000 91.4802 54
-1.6057 0000 91.4479 59
-1.5660 0000 91.4497 61
-1.5262 0000 91.4536 68
-1.4866 0000 91.4811 81
-1.4468 0000 91.4765 107
-1.4070 0000 91.4697 135
-1.3673 0000 91.4652 164
-1.3275 0000 91.4627 205
-1.2878 0000 91.4624 250
-1.2480 0000 91.4492 266
-1.2082 0000 91.4510 280
-1.1685 0000 91.4529 278
-1.1287 0000 91.4568 302
-1.0890 0000 91.4565 373
-1.0492 0000 91.4540 492
-1.0095 0000 91.4516 620
-0.9697 0000 91.4491 686
-0.9300 0000 91.4488 709
-0.8902 0000 91.4528 712
-0.8505 0000 91.4589 664
-0.8107 0000 91.4564 524
-0.7710 0000 91.4625 354
-0.7312 0000 91.4729 226
-0.6914 0000 91.4832 192
-0.6517 0000 91.4808 175
-0.6119 0000 91.4848 181
-0.5722 0000 91.4866 197
-0.5324 0000 91.4777 201
-0.4927 0000 91.4710 190
-0.4529 0000 91.4685 178
-0.4132 0000 91.4639 172
-0.3734 0000 91.4572 166
-0.3337 0000 91.4590 156
-0.2939 0000 91.4673 157
-0.2541 0000 91.4926 167
-0.2143 0000 91.4987 200
-0.1745 0000 91.5091 247
-0.1347 0000 91.5280 336
-0.0949 0000 91.5213 413
-0.0552 0000 91.5039 402
-0.0154 0000 91.5207 356
0.0244 0000 91.5375 243
0.0644 0000 91.5714 170
0.1043 0000 91.5989 150
0.1442 0000 91.6307 135
0.1841 0000 91.6518 149
0.2238 0000 91.6344 134
0.2635 0000 91.6276 125
0.3031 0000 91.5930 136
0.3428 0000 91.5670 139
0.3824 0000 91.5410 161
0.4221 0000 91.5364 169
0.4621 0000 91.5597 153
0.5019 0000 91.5679 144
0.5418 0000 91.5933 146
0.5817 0000 91.6037 139
0.6215 0000 91.6076 140
0.6613 0000 91.6030 150
0.7010 0000 91.6027 177
0.7409 0000 91.6067 221
0.7807 0000 91.6106 253
0.8206 0000 91.6296 251
0.8605 0000 91.6400 254
0.9005 0000 91.6632 247
0.9404 0000 91.6758 224
0.9804 0000 91.6990 217
1.0203 0000 91.7051 235
1.0602 0000 91.7112 231
1.1001 0000 91.7281 245
1.1400 0000 91.7277 249
1.1797 0000 91.7231 238
1.2193 0000 91.6992 226
1.2587 0000 91.6710 300
1.2984 0000 91.6621 358
1.3381 0000 91.6489 415
1.3774 0000 91.6101 512
1.4171 0000 91.6033 562
1.4569 0000 91.6051 497
1.4967 0000 91.6069 404
1.5365 0000 91.6066 361
1.5763 0000 91.6106 323
1.6164 0000 91.6317 225
1.6566 0000 91.6656 168
1.6965 0000 91.6738 124
1.7362 0000 91.6649 104
1.7759 0000 91.6625 96
1.8158 0000 91.6686 101
1.8557 0000 91.6725 122
1.8954 0000 91.6679 152
1.9351 0000 91.6633 179
1.9749 0000 91.6630 186
2.0149 0000 91.6755 173
2.0554 0000 91.7244 164
2.0955 0000 91.7413 151
2.1360 0000 91.7817 129
2.1758 0000 91.7856 106
2.2153 0000 91.7638 90
2.2551 0000 91.7635 79
2.2955 0000 91.7975 88
2.3354 0000 91.8058 112
2.3752 0000 91.8033 125
2.4149 0000 91.7986 143
2.4547 0000 91.7962 169
2.4944 0000 91.7915 183
2.5340 0000 91.7805 182
2.5731 0000 91.7415 175
2.6129 0000 91.7391 153
2.6534 0000 91.7795 131
2.6934 0000 91.7899 120
2.7334 0000 91.8003 117
2.7733 0000 91.8042 121
2.8131 0000 91.8039 119
2.8532 0000 91.8186 124
2.8926 0000 91.7968 116
2.9327 0000 91.8115 131
2.9722 0000 91.7940 126
3.0119 0000 91.7915 138
3.0522 0000 91.8126 143
3.0919 0000 91.8080 160
3.1310 0000 91.7776 179
3.1707 0000 91.7730 178
3.2105 0000 91.7748 173
3.2504 0000 91.7788 159
3.2904 0000 91.7849 146
3.3308 0000 91.8103 136
3.3707 0000 91.8164 131
3.4111 0000 91.8418 129
3.4499 0000 91.7985 127
3.4896 0000 91.7961 138
3.5293 0000 91.7893 162
3.5688 0000 91.7804 189
3.6086 0000 91.7801 195
3.6486 0000 91.7883 181
3.6884 0000 91.7901 161
3.7281 0000 91.7855 137
3.7677 0000 91.7766 127
3.8074 0000 91.7720 144
3.8471 0000 91.7717 166
3.8870 0000 91.7735 185
3.9261 0000 91.7496 186
3.9657 0000 91.7428 183
4.0051 0000 91.7296 194
4.0451 0000 91.7357 188
4.0858 0000 91.7719 165
4.1256 0000 91.7715 159
4.1648 0000 91.7498 200
4.2039 0000 91.7259 235
4.2436 0000 91.7234 269
4.2835 0000 91.7274 255
4.3230 0000 91.7206 239
4.3618 0000 91.6860 228
4.4011 0000 91.6707 248
4.4401 0000 91.6468 297
4.4803 0000 91.6615 288
4.5202 0000 91.6655 259
4.5602 0000 91.6759 212
4.6010 0000 91.7077 202
4.6416 0000 91.7352 192
4.6821 0000 91.7585 206
4.7219 0000 91.7603 207
4.7611 0000 91.7429 199
4.8009 0000 91.7426 202
4.8406 0000 91.7422 208
4.8805 0000 91.7441 233
4.9203 0000 91.7459 275
4.9602 0000 91.7499 313
5.0008 0000 91.7753 353
5.0409 0000 91.7857 336
5.0813 0000 91.8047 261
5.1211 0000 91.8066 203
5.1616 0000 91.8256 193
5.2013 0000 91.8231 205
5.2405 0000 91.8078 222
5.2810 0000 91.8289 300
5.3207 0000 91.8243 369
5.3603 0000 91.8219 411
5.3995 0000 91.8044 390
5.4393 0000 91.8041 374
5.4790 0000 91.8038 358
5.5186 0000 91.7971 346
5.5575 0000 91.7753 360
5.5965 0000 91.7536 332
5.6361 0000 91.7490 326
5.6759 0000 91.7508 320
5.7166 0000 91.7763 317
5.7566 0000 91.7824 261
5.7974 0000 91.8079 206
5.8379 0000 91.8269 220
5.8777 0000 91.8287 246
5.9176 0000 91.8306 282
5.9575 0000 91.8346 319
5.9983 0000 91.8600 309
6.0390 0000 91.8833 315
6.0788 0000 91.8831 277
6.1169 0000 91.8420 256
6.1565 0000 91.8352 247
6.1961 0000 91.8328 241
6.2362 0000 91.8390 243
6.2776 0000 91.8795 239
6.3177 0000 91.8878 229
6.3579 0000 91.8961 211
6.3979 0000 91.9022 185
6.4376 0000 91.8998 186
6.4773 0000 91.8973 230
6.5171 0000 91.8971 293
6.5569 0000 91.8968 327
6.5968 0000 91.8986 306
6.6367 0000 91.9026 272
6.6764 0000 91.9002 271
6.7160 0000 91.8956 337
6.7558 0000 91.8954 445
6.7957 0000 91.8972 544
6.8355 0000 91.8969 651
6.8755 0000 91.9031 703
6.9159 0000 91.9157 643
6.9565 0000 91.9326 477
6.9964 0000 91.9366 366
7.0363 0000 91.9385 316
7.0760 0000 91.9361 295
7.1165 0000 91.9509 281
7.1563 0000 91.9506 250
7.1962 0000 91.9525 230
7.2359 0000 91.9500 235
7.2745 0000 91.9240 252
7.3131 0000 91.8979 342
7.3526 0000 91.8934 420
7.3922 0000 91.8888 487
7.4318 0000 91.8842 504
7.4715 0000 91.8818 429
7.5114 0000 91.8837 319
7.5512 0000 91.8856 234
7.5911 0000 91.8874 167
7.6303 0000 91.8743 137
7.6740 0000 91.9535 141
7.7147 0000 91.9726 200
7.7547 0000 91.9766 272
7.7944 0000 91.9742 316
7.8339 0000 91.9675 311
7.8735 0000 91.9629 292
7.9131 0000 91.9605 286
7.9529 0000 91.9602 279
7.9939 0000 91.9836 250
8.0352 0000 92.0113 264
8.0751 0000 92.0132 294
8.1148 0000 92.0108 351
8.1548 0000 92.0148 395
8.1962 0000 92.0446 402
8.2362 0000 92.0487 436
8.2763 0000 92.0527 431
8.3164 0000 92.0589 386
8.3563 0000 92.0608 339
8.3961 0000 92.0605 290
8.4360 0000 92.0603 253
8.4756 0000 92.0579 239
8.5156 0000 92.0598 228
8.5569 0000 92.0875 219
8.5970 0000 92.0915 215
8.6367 0000 92.0891 237
8.6762 0000 92.0845 259
8.7162 0000 92.0864 284
8.7563 0000 92.0926 300
8.7966 0000 92.1010 281
8.8374 0000 92.1179 247
8.8764 0000 92.1026 289
8.9174 0000 92.1239 301
8.9584 0000 92.1451 363
8.9983 0000 92.1449 354
9.0371 0000 92.1274 270
9.0772 0000 92.1314 235
9.1180 0000 92.1484 249
9.1579 0000 92.1503 228
9.1996 0000 92.1824 192
9.2416 0000 92.2187 208
9.2836 0000 92.2551 214
9.3252 0000 92.2851 249
9.3655 0000 92.2934 252
9.4059 0000 92.3018 248
9.4463 0000 92.3102 230
9.4864 0000 92.3142 196
9.5260 0000 92.3096 172
9.5658 0000 92.3094 166
9.6059 0000 92.3134 161
9.6480 0000 92.3499 155
9.6884 0000 92.3582 152
9.7288 0000 92.3666 142
9.7713 0000 92.4096 134
9.8115 0000 92.4136 132
9.8512 0000 92.4112 139
9.8911 0000 92.4109 151
9.9312 0000 92.4150 151
9.9714 0000 92.4191 148
10.0111 0000 92.4166 156
10.0508 0000 92.4142 178
10.0910 0000 92.4183 218
10.1314 0000 92.4267 264
10.1717 0000 92.4329 275
10.2113 0000 92.4283 248
10.2509 0000 92.4237 224
10.2906 0000 92.4213 216
10.3303 0000 92.4189 213
10.3696 0000 92.4100 219
10.4081 0000 92.3881 221
10.4482 0000 92.3922 231
10.4893 0000 92.4114 230
10.5293 0000 92.4133 188
10.5689 0000 92.4087 143
10.6059 0000 92.3652 106
10.6431 0000 92.3261 82
10.6779 0000 92.2504 69
10.7177 0000 92.2501 78
10.7580 0000 92.2563 96
10.7978 0000 92.2561 131
10.8379 0000 92.2601 166
10.8798 0000 92.2901 184
10.9221 0000 92.3265 208
10.9625 0000 92.3349 211
11.0039 0000 92.3562 215
11.0452 0000 92.3776 183
11.0874 0000 92.4119 157
11.1299 0000 92.4484 158
11.1703 0000 92.4568 161
11.2114 0000 92.4738 176
11.2497 0000 92.4520 168
11.2891 0000 92.4452 169
11.3277 0000 92.4277 166
11.3674 0000 92.4253 146
11.4087 0000 92.4445 125
11.4493 0000 92.4550 121
11.4913 0000 92.4851 126
11.5313 0000 92.4870 128
11.5696 0000 92.4651 150
11.6074 0000 92.4368 154
11.6470 0000 92.4322 166
11.6870 0000 92.4341 172
11.7284 0000 92.4555 188
11.7698 0000 92.4769 164
11.8102 0000 92.4831 153
11.8534 0000 92.5283 154
11.8937 0000 92.5346 169
11.9337 0000 92.5365 204
11.9739 0000 92.5406 228
12.0138 0000 92.5403 256
12.0532 0000 92.5336 328
12.0932 0000 92.5356 380
12.1334 0000 92.5396 409
12.1722 0000 92.5264 531
12.2119 0000 92.5240 554
12.2518 0000 92.5238 510
12.2905 0000 92.5084 438
12.3305 0000 92.5104 370
12.3723 0000 92.5361 249
12.4110 0000 92.5207 172
12.4503 0000 92.5140 122
12.4900 0000 92.5116 118
12.5290 0000 92.5006 138
12.5704 0000 92.5198 193
12.6087 0000 92.5001 187
12.6478 0000 92.4912 195
12.6870 0000 92.4824 212
12.7266 0000 92.4800 203
12.7666 0000 92.4819 200
12.8066 0000 92.4839 206
12.8495 0000 92.5226 188
12.8901 0000 92.5310 173
12.9297 0000 92.5286 175
12.9682 0000 92.5111 202
13.0078 0000 92.5087 185
13.0496 0000 92.5322 209
13.0903 0000 92.5428 208
13.1306 0000 92.5491 212
13.1722 0000 92.5705 196
13.2128 0000 92.5789 169
13.2528 0000 92.5809 142
13.2944 0000 92.6023 143
13.3350 0000 92.6107 138
13.3752 0000 92.6148 134
13.4148 0000 92.6125 139
13.4545 0000 92.6101 149
13.4925 0000 92.5882 169
13.5314 0000 92.5772 179
13.5698 0000 92.5596 181
13.6094 0000 92.5572 199
13.6488 0000 92.5527 218
13.6883 0000 92.5481 230
13.7279 0000 92.5457 236
13.7679 0000 92.5477 237
13.8096 0000 92.5691 206
13.8505 0000 92.5818 190
13.8944 0000 92.6292 193
13.9351 0000 92.6398 198
13.9795 0000 92.6916 197
14.0200 0000 92.7000 202
14.0597 0000 92.6976 204
14.0897 0000 92.5848 195
14.1235 0000 92.5154 207
14.1591 0000 92.4676 219
14.1970 0000 92.4458 213
14.2390 0000 92.4715 185
14.2847 0000 92.5383 153
14.3310 0000 92.6116 155
14.3729 0000 92.6351 161
14.4142 0000 92.6522 161
14.4546 0000 92.6585 126
14.4927 0000 92.6388 110
14.5331 0000 92.6450 96
14.5734 0000 92.6513 93
14.6130 0000 92.6489 90
14.6505 0000 92.6227 86
14.6915 0000 92.6354 80
14.7316 0000 92.6395 91
14.7712 0000 92.6371 94
14.8110 0000 92.6369 90
14.8534 0000 92.6648 94
14.8963 0000 92.6992 87
14.9371 0000 92.7098 92
14.9775 0000 92.7160 104
15.0197 0000 92.7418 106
15.0599 0000 92.7459 110
15.0999 0000 92.7478 116
15.1395 0000 92.7454 137
15.1769 0000 92.7191 156
15.2156 0000 92.7081 189
15.2544 0000 92.6970 212
15.2936 0000 92.6902 211
15.3336 0000 92.6922 191
15.3762 0000 92.7222 175
15.4201 0000 92.7653 139
15.4629 0000 92.7976 133
15.5035 0000 92.8060 127
15.5433 0000 92.8057 126
15.5827 0000 92.8011 128
15.6219 0000 92.7944 125
15.6600 0000 92.7768 119
15.7025 0000 92.8047 101
15.7431 0000 92.8131 104
15.7829 0000 92.8129 103
15.8231 0000 92.8170 108
15.8637 0000 92.8254 120
15.9037 0000 92.8273 140
15.9435 0000 92.8270 168
15.9835 0000 92.8289 178
16.0232 0000 92.8287 174
16.0632 0000 92.8306 166
16.1047 0000 92.8477 154
16.1440 0000 92.8431 139
16.1815 0000 92.8190 133
16.2202 0000 92.8079 138
16.2575 0000 92.7838 164
16.2949 0000 92.7597 165
16.3343 0000 92.7551 175
16.3740 0000 92.7548 176
16.4137 0000 92.7546 158
16.4578 0000 92.7976 142
16.4993 0000 92.8147 140
16.5450 0000 92.8730 142
16.5860 0000 92.8857 145
16.6262 0000 92.8898 149
16.6684 0000 92.9134 168
16.7088 0000 92.9197 168
16.7506 0000 92.9389 146
16.7901 0000 92.9365 125
16.8272 0000 92.9102 109
16.8663 0000 92.9034 108
16.9056 0000 92.8988 128
16.9429 0000 92.8747 147
16.9822 0000 92.8701 177
17.0222 0000 92.8720 206
17.0619 0000 92.8717 229
17.1015 0000 92.8692 243
17.1430 0000 92.8863 227
17.1832 0000 92.8904 227
17.2238 0000 92.8988 220
17.2692 0000 92.9528 198
17.3117 0000 92.9785 176
17.3551 0000 93.0130 162
17.3983 0000 93.0453 144
17.4408 0000 93.0711 115
17.4788 0000 93.0535 111
17.5185 0000 93.0532 115
17.5578 0000 93.0486 119
17.5964 0000 93.0374 113
17.6332 0000 93.0089 110
17.6727 0000 93.0065 126
17.7122 0000 93.0040 150
17.7520 0000 93.0038 189
17.7910 0000 92.9970 222
17.8286 0000 92.9771 208
17.8705 0000 92.9964 223
17.9104 0000 92.9983 213
17.9504 0000 93.0002 174
17.9908 0000 93.0064 148
18.0339 0000 93.0366 142
18.0767 0000 93.0645 152
18.1172 0000 93.0708 142
18.1574 0000 93.0748 144
18.1976 0000 93.0789 161
18.2378 0000 93.0830 165
18.2776 0000 93.0827 168
18.3175 0000 93.0846 176
18.3575 0000 93.0865 165
18.3975 0000 93.0884 150
18.4394 0000 93.1076 165
18.4772 0000 93.0900 164
18.5160 0000 93.0810 178
18.5540 0000 93.0655 178
18.5903 0000 93.0348 167
18.6300 0000 93.0346 189
18.6695 0000 93.0321 220
18.7094 0000 93.0340 227
18.7516 0000 93.0555 235
18.7921 0000 93.0617 223
18.8320 0000 93.0636 209
18.8720 0000 93.0655 199
18.9122 0000 93.0696 185
18.9516 0000 93.0671 184
18.9903 0000 93.0581 208
19.0288 0000 93.0470 203
19.0685 0000 93.0467 168
19.1090 0000 93.0530 155
19.1494 0000 93.0592 171
19.1888 0000 93.0568 188
19.2280 0000 93.0522 170
19.2655 0000 93.0323 151
19.3074 0000 93.0516 130
19.3474 0000 93.0535 137
19.3853 0000 93.0380 132
19.4272 0000 93.0573 94
19.4669 0000 93.0570 83
19.5084 0000 93.0720 83
19.5460 0000 93.0543 90
19.5888 0000 93.0801 89
19.6267 0000 93.0647 100
19.6687 0000 93.0839 119
19.7078 0000 93.0793 136
19.7473 0000 93.0769 152
19.7867 0000 93.0744 163
19.8266 0000 93.0764 164
19.8676 0000 93.0869 146
19.9120 0000 93.1258 124
19.9564 0000 93.1647 107
19.9992 0000 93.1905 119
20.0389 0000 93.1902 126
20.0783 0000 93.1878 139
20.1183 0000 93.1897 153
20.1582 0000 93.1916 162
20.1976 0000 93.1892 162
20.2371 0000 93.1868 149
20.2776 0000 93.1930 130
20.3178 0000 93.1971 127
20.3575 0000 93.1969 136
20.3971 0000 93.1966 152
20.4365 0000 93.1942 177
20.4757 0000 93.1896 212
20.5148 0000 93.1850 256
20.5545 0000 93.1847 297
20.5947 0000 93.1889 328
20.6344 0000 93.1886 347
20.6762 0000 93.2058 319
20.7170 0000 93.2142 297
20.7575 0000 93.2205 265
20.7971 0000 93.2203 224
20.8357 0000 93.2113 199
20.8723 0000 93.1871 216
20.9112 0000 93.1804 239
20.9478 0000 93.1562 235
20.9869 0000 93.1516 225
21.0240 0000 93.1318 231
21.0631 0000 93.1273 239
21.1016 0000 93.1183 240
21.1376 0000 93.0898 203
21.1767 0000 93.0853 184
21.2197 0000 93.1111 187
21.2604 0000 93.1196 186
21.3012 0000 93.1280 190
21.3419 0000 93.1365 187
21.3849 0000 93.1624 161
21.4288 0000 93.1948 173
21.4698 0000 93.2055 181
21.5143 0000 93.2422 171
21.5553 0000 93.2529 159
21.5955 0000 93.2570 159
21.6352 0000 93.2568 149
21.6711 0000 93.2283 124
21.7061 0000 93.1933 136
21.7440 0000 93.1800 154
21.7822 0000 93.1689 165
21.8195 0000 93.1513 163
21.8617 0000 93.1707 188
21.9016 0000 93.1727 205
21.9403 0000 93.1659 241
21.9785 0000 93.1549 246
22.0207 0000 93.1742 259
22.0620 0000 93.1871 259
22.1019 0000 93.1891 253
22.1412 0000 93.1867 211
22.1773 0000 93.1604 158
22.2157 0000 93.1515 142
22.2547 0000 93.1470 143
22.2946 0000 93.1490 153
22.3350 0000 93.1553 164
22.3811 0000 93.2030 169
22.4213 0000 93.2071 163
22.4611 0000 93.2091 156
22.5007 0000 93.2089 155
22.5406 0000 93.2109 159
22.5805 0000 93.2129 162
22.6230 0000 93.2345 164
22.6635 0000 93.2409 147
22.7037 0000 93.2451 140
22.7432 0000 93.2449 147
22.7819 0000 93.2382 149
22.8145 0000 93.1880 143
22.8526 0000 93.1770 147
22.8927 0000 93.1811 171
22.9332 0000 93.1875 195
22.9730 0000 93.1895 211
23.0099 0000 93.1698 210
23.0491 0000 93.1675 214
23.0923 0000 93.1934 224
23.1352 0000 93.2172 201
23.1756 0000 93.2235 190
23.2158 0000 93.2277 172
23.2590 0000 93.2537 165
23.2998 0000 93.2622 159
23.3393 0000 93.2621 159
23.3791 0000 93.2641 159
23.4187 0000 93.2640 161
23.4573 0000 93.2573 147
23.4959 0000 93.2506 121
23.5354 0000 93.2505 114
23.5790 0000 93.2786 109
23.6198 0000 93.2872 107
23.6590 0000 93.2849 109
23.7016 0000 93.3065 125
23.7415 0000 93.3085 141
23.7810 0000 93.3084 162
23.8218 0000 93.3169 187
23.8654 0000 93.3451 202
23.9083 0000 93.3689 241
23.9488 0000 93.3753 237
23.9890 0000 93.3795 238
24.0282 0000 93.3772 239
24.0681 0000 93.3792 203
24.1082 0000 93.3834 172
24.1484 0000 93.3876 171
24.1914 0000 93.4114 162
24.2319 0000 93.4178 169
24.2724 0000 93.4242 181
24.3147 0000 93.4436 199
24.3556 0000 93.4522 186
24.3967 0000 93.4630 164
24.4359 0000 93.4606 141
24.4738 0000 93.4496 129
24.5121 0000 93.4408 134
24.5513 0000 93.4385 147
24.5908 0000 93.4384 163
24.6301 0000 93.4360 172
24.6696 0000 93.4359 174
24.7101 0000 93.4423 179
24.7509 0000 93.4509 173
24.7940 0000 93.4747 163
24.8348 0000 93.4832 127
24.8711 0000 93.4613 99
24.9096 0000 93.4547 96
24.9482 0000 93.4480 101
24.9874 0000 93.4457 106
25.0272 0000 93.4478 109
25.0674 0000 93.4520 112
25.1076 0000 93.4562 104
25.1513 0000 93.4843 101
25.1948 0000 93.5103 98
25.2350 0000 93.5145 102
25.2748 0000 93.5165 106
25.3147 0000 93.5186 110
25.3545 0000 93.5206 113
25.3944 0000 93.5227 119
