wt=150841128, DLLFiFo=0
-25.1210 0000 88.8501 156
-25.0817 0000 88.8453 166
-25.0433 0000 88.8467 186
-25.0052 0000 88.8501 202
-24.9658 0000 88.8453 188
-24.9235 0000 88.8199 181
-24.8812 0000 88.7946 155
-24.8422 0000 88.7918 146
-24.8041 0000 88.7953 158
-24.7657 0000 88.7966 199
-24.7267 0000 88.7939 222
-24.6879 0000 88.7932 209
-24.6495 0000 88.7946 169
-24.6111 0000 88.7960 117
-24.5744 0000 88.8097 92
-24.5354 0000 88.8069 108
-24.4944 0000 88.7898 168
-24.4556 0000 88.7891 282
-24.4169 0000 88.7885 384
-24.3779 0000 88.7857 426
-24.3392 0000 88.7851 415
-24.3013 0000 88.7906 323
-24.2629 0000 88.7919 251
-24.2254 0000 88.7995 197
-24.1878 0000 88.8071 152
-24.1523 0000 88.8290 132
-24.1141 0000 88.8325 128
-24.0754 0000 88.8318 126
-24.0361 0000 88.8270 116
-23.9910 0000 88.7811 121
-23.9514 0000 88.7743 136
-23.9121 0000 88.7695 133
-23.8731 0000 88.7668 124
-23.8355 0000 88.7744 138
-23.7994 0000 88.7922 155
-23.7609 0000 88.7936 134
-23.7225 0000 88.7950 118
-23.6871 0000 88.8191 109
-23.6484 0000 88.8184 116
-23.6097 0000 88.8178 127
-23.5729 0000 88.8316 173
-23.5325 0000 88.8186 191
-23.4943 0000 88.8221 189
-23.4555 0000 88.8214 194
-23.4168 0000 88.8208 224
-23.3780 0000 88.8202 225
-23.3384 0000 88.8133 211
-23.2997 0000 88.8127 215
-23.2629 0000 88.8265 222
-23.2281 0000 88.8547 206
-23.1887 0000 88.8500 223
-23.1486 0000 88.8391 247
-23.1093 0000 88.8343 245
-23.0702 0000 88.8317 224
-23.0315 0000 88.8311 214
-22.9927 0000 88.8305 230
-22.9548 0000 88.8360 238
-22.9193 0000 88.8602 247
-22.8819 0000 88.8699 242
-22.8464 0000 88.8940 232
-22.8090 0000 88.9037 239
-22.7705 0000 88.9052 252
-22.7314 0000 88.9026 266
-22.6929 0000 88.9041 259
-22.6538 0000 88.9014 236
-22.6142 0000 88.8947 202
-22.5722 0000 88.8694 180
-22.5334 0000 88.8688 154
-22.4957 0000 88.8765 135
-22.4571 0000 88.8780 139
-22.4200 0000 88.8898 194
-22.3836 0000 88.9078 202
-22.3461 0000 88.9176 203
-22.3070 0000 88.9149 239
-22.2680 0000 88.9123 257
-22.2278 0000 88.9015 208
-22.1871 0000 88.8865 206
-22.1478 0000 88.8819 177
-22.1082 0000 88.8752 146
-22.0704 0000 88.8829 194
-22.0316 0000 88.8824 238
-21.9960 0000 88.9066 205
-21.9598 0000 88.9267 195
-21.9225 0000 88.9385 206
-21.8845 0000 88.9442 204
-21.8449 0000 88.9375 183
-21.8047 0000 88.9267 147
-21.7641 0000 88.9118 142
-21.7203 0000 88.8721 178
-21.6814 0000 88.8716 229
-21.6418 0000 88.8649 293
-21.6025 0000 88.8603 338
-21.5637 0000 88.8598 329
-21.5254 0000 88.8634 311
-21.4870 0000 88.8671 341
-21.4492 0000 88.8748 370
-21.4107 0000 88.8764 374
-21.3716 0000 88.8739 384
-21.3343 0000 88.8858 391
-21.2982 0000 88.9080 276
-21.2614 0000 88.9240 243
-21.2241 0000 88.9359 245
-21.1850 0000 88.9334 232
-21.1441 0000 88.9164 209
-21.1022 0000 88.8912 209
-21.0629 0000 88.8866 174
-21.0243 0000 88.8882 146
-20.9857 0000 88.8898 147
-20.9468 0000 88.8894 142
-20.9080 0000 88.8889 130
-20.8694 0000 88.8905 142
-20.8315 0000 88.8983 173
-20.7954 0000 88.9206 206
-20.7563 0000 88.9181 241
-20.7167 0000 88.9114 242
-20.6800 0000 88.9295 239
-20.6431 0000 88.9456 317
-20.6030 0000 88.9348 342
-20.5639 0000 88.9323 360
-20.5253 0000 88.9340 353
-20.4864 0000 88.9335 329
-20.4471 0000 88.9290 302
-20.4079 0000 88.9265 284
-20.3674 0000 88.9116 303
-20.3312 0000 88.9339 296
-20.2947 0000 88.9541 346
-20.2568 0000 88.9619 346
-20.2213 0000 88.9904 291
-20.1839 0000 89.0023 270
-20.1447 0000 88.9998 269
-20.1056 0000 88.9973 269
-20.0674 0000 89.0031 262
-20.0295 0000 89.0110 261
-19.9932 0000 89.0333 282
-19.9550 0000 89.0390 275
-19.9190 0000 89.0634 237
-19.8810 0000 89.0713 218
-19.8447 0000 89.0936 227
-19.8058 0000 89.0932 218
-19.7661 0000 89.0865 219
-19.7220 0000 89.0406 244
-19.6807 0000 89.0196 300
-19.6392 0000 88.9964 384
-19.6001 0000 88.9939 349
-19.5633 0000 89.0121 267
-19.5260 0000 89.0262 242
-19.4881 0000 89.0340 224
-19.4487 0000 89.0295 247
-19.4091 0000 89.0229 281
-19.3697 0000 89.0183 271
-19.3275 0000 88.9890 247
-19.2921 0000 89.0196 230
-19.2543 0000 89.0295 214
-19.2168 0000 89.0415 198
-19.1804 0000 89.0638 199
-19.1419 0000 89.0675 216
-19.1030 0000 89.0671 269
-19.0636 0000 89.0626 291
-19.0235 0000 89.0518 257
-18.9882 0000 89.0845 268
-18.9495 0000 89.0861 298
-18.9103 0000 89.0837 303
-18.8712 0000 89.0812 257
-18.8324 0000 89.0828 215
-18.7939 0000 89.0866 195
-18.7555 0000 89.0903 182
-18.7163 0000 89.0878 180
-18.6769 0000 89.0833 194
-18.6382 0000 89.0849 209
-18.5999 0000 89.0907 195
-18.5618 0000 89.0986 171
-18.5275 0000 89.1416 159
-18.4883 0000 89.1392 168
-18.4483 0000 89.1284 229
-18.4093 0000 89.1280 300
-18.3706 0000 89.1296 315
-18.3294 0000 89.1085 276
-18.2902 0000 89.1061 250
-18.2521 0000 89.1139 215
-18.2143 0000 89.1239 185
-18.1757 0000 89.1276 179
-18.1363 0000 89.1230 188
-18.0950 0000 89.0998 204
-18.0560 0000 89.0994 215
-18.0172 0000 89.1011 235
-17.9778 0000 89.0965 255
-17.9384 0000 89.0920 241
-17.8992 0000 89.0895 193
-17.8624 0000 89.1097 181
-17.8256 0000 89.1300 195
-17.7870 0000 89.1337 262
-17.7480 0000 89.1333 319
-17.7095 0000 89.1370 345
-17.6728 0000 89.1594 344
-17.6323 0000 89.1445 414
-17.5923 0000 89.1337 458
-17.5510 0000 89.1105 449
-17.5118 0000 89.1080 452
-17.4730 0000 89.1096 427
-17.4346 0000 89.1154 356
-17.3983 0000 89.1419 283
-17.3606 0000 89.1539 223
-17.3224 0000 89.1618 229
-17.2861 0000 89.1883 247
-17.2494 0000 89.2106 298
-17.2105 0000 89.2123 309
-17.1717 0000 89.2139 308
-17.1329 0000 89.2155 303
-17.0941 0000 89.2172 288
-17.0553 0000 89.2188 294
-17.0168 0000 89.2246 331
-16.9817 0000 89.2635 370
-16.9455 0000 89.2921 367
-16.9086 0000 89.3145 384
-16.8753 0000 89.3722 403
-16.8376 0000 89.3863 394
-16.8003 0000 89.4046 391
-16.7611 0000 89.4021 358
-16.7218 0000 89.3995 330
-16.6831 0000 89.4033 311
-16.6464 0000 89.4278 291
-16.6087 0000 89.4419 309
-16.5754 0000 89.5017 325
-16.5396 0000 89.5367 360
-16.5029 0000 89.5612 340
-16.4651 0000 89.5753 301
-16.4280 0000 89.5957 244
-16.3867 0000 89.5723 186
-16.3479 0000 89.5761 182
-16.3114 0000 89.6027 188
-16.2724 0000 89.6043 175
-16.2358 0000 89.6310 139
-16.2037 0000 89.7056 113
-16.1711 0000 89.7761 102
-16.1352 0000 89.8111 106
-16.0974 0000 89.8253 121
-16.0609 0000 89.8541 142
-16.0236 0000 89.8746 135
-15.9869 0000 89.9013 181
-15.9476 0000 89.9009 209
-15.9069 0000 89.8837 174
-15.8680 0000 89.8874 163
-15.8305 0000 89.9058 170
-15.7911 0000 89.9032 144
-15.7519 0000 89.9028 125
-15.7102 0000 89.8751 106
-15.6698 0000 89.8622 107
-15.6316 0000 89.8722 150
-15.5940 0000 89.8905 232
-15.5550 0000 89.8922 256
-15.5150 0000 89.8834 215
-15.4756 0000 89.8808 172
-15.4371 0000 89.8887 143
-15.3978 0000 89.8883 120
-15.3586 0000 89.8878 113
-15.3197 0000 89.8916 111
-15.2809 0000 89.8953 110
-15.2422 0000 89.9011 108
-15.2031 0000 89.9028 85
-15.1653 0000 89.9191 61
-15.1295 0000 89.9584 77
-15.0922 0000 89.9810 103
-15.0522 0000 89.9722 102
-15.0130 0000 89.9717 93
-14.9733 0000 89.9671 92
-14.9341 0000 89.9666 101
-14.8952 0000 89.9704 97
-14.8571 0000 89.9846 90
-14.8157 0000 89.9590 76
-14.7750 0000 89.9418 100
-14.7347 0000 89.9288 135
-14.6940 0000 89.9116 116
-14.6535 0000 89.8965 96
-14.6151 0000 89.9066 85
-14.5776 0000 89.9270 99
-14.5376 0000 89.9182 90
-14.4985 0000 89.9199 75
-14.4600 0000 89.9278 82
-14.4234 0000 89.9609 94
-14.3845 0000 89.9646 84
-14.3457 0000 89.9705 62
-14.3040 0000 89.9407 57
-14.2665 0000 89.9612 62
-14.2253 0000 89.9378 66
-14.1840 0000 89.9122 70
-14.1450 0000 89.9160 66
-14.1057 0000 89.9155 61
-14.0692 0000 89.9486 61
-14.0329 0000 89.9859 94
-13.9943 0000 89.9938 127
-13.9563 0000 90.0102 124
-13.9168 0000 90.0077 107
-13.8767 0000 89.9967 80
-13.8352 0000 89.9691 78
-13.7957 0000 89.9665 87
-13.7568 0000 89.9703 103
-13.7186 0000 89.9846 105
-13.6767 0000 89.9506 102
-13.6369 0000 89.9439 91
-13.5977 0000 89.9456 93
-13.5586 0000 89.9472 101
-13.5190 0000 89.9426 111
-13.4795 0000 89.9401 149
-13.4399 0000 89.9355 177
-13.3990 0000 89.9141 132
-13.3589 0000 89.9032 96
-13.3197 0000 89.9049 87
-13.2820 0000 89.9254 111
-13.2430 0000 89.9292 136
-13.2037 0000 89.9288 140
-13.1641 0000 89.9242 117
-13.1243 0000 89.9175 90
-13.0819 0000 89.8752 82
-13.0420 0000 89.8664 82
-13.0008 0000 89.8408 74
-12.9631 0000 89.8614 72
-12.9248 0000 89.8756 116
-12.8860 0000 89.8815 171
-12.8465 0000 89.8790 190
-12.8071 0000 89.8765 189
-12.7676 0000 89.8740 230
-12.7279 0000 89.8673 313
-12.6872 0000 89.8480 347
-12.6476 0000 89.8434 340
-12.6083 0000 89.8430 244
-12.5690 0000 89.8426 156
-12.5292 0000 89.8359 113
-12.4905 0000 89.8439 103
-12.4495 0000 89.8184 104
-12.4087 0000 89.7971 86
-12.3693 0000 89.7946 75
-12.3333 0000 89.8423 68
-12.2946 0000 89.8503 71
-12.2550 0000 89.8457 82
-12.2121 0000 89.7930 107
-12.1711 0000 89.7675 152
-12.1320 0000 89.7713 224
-12.0942 0000 89.7918 306
-12.0547 0000 89.7893 323
-12.0139 0000 89.7659 265
-11.9742 0000 89.7592 232
-11.9350 0000 89.7609 237
-11.8953 0000 89.7543 256
-11.8554 0000 89.7455 247
-11.8162 0000 89.7451 225
-11.7770 0000 89.7468 202
-11.7378 0000 89.7485 169
-11.6992 0000 89.7586 128
-11.6627 0000 89.8000 115
-11.6260 0000 89.8394 114
-11.5868 0000 89.8411 105
-11.5478 0000 89.8449 92
-11.5090 0000 89.8529 88
-11.4701 0000 89.8588 82
-11.4338 0000 89.9066 68
-11.3949 0000 89.9125 58
-11.3538 0000 89.8849 58
-11.3144 0000 89.8824 67
-11.2762 0000 89.9009 88
-11.2369 0000 89.9005 119
-11.1978 0000 89.9043 124
-11.1593 0000 89.9165 120
-11.1206 0000 89.9266 119
-11.0811 0000 89.9241 104
-11.0412 0000 89.9154 83
-11.0018 0000 89.9129 68
-10.9642 0000 89.9419 71
-10.9264 0000 89.9666 78
-10.8872 0000 89.9684 88
-10.8478 0000 89.9680 93
-10.8082 0000 89.9634 98
-10.7684 0000 89.9547 104
-10.7276 0000 89.9312 101
-10.6870 0000 89.9099 113
-10.6476 0000 89.9074 104
-10.6081 0000 89.9049 105
-10.5675 0000 89.8836 119
-10.5279 0000 89.8791 149
-10.4890 0000 89.8850 169
-10.4499 0000 89.8888 178
-10.4108 0000 89.8926 179
-10.3725 0000 89.9111 180
-10.3343 0000 89.9296 134
-10.2955 0000 89.9397 102
-10.2553 0000 89.9246 90
-10.2158 0000 89.9201 100
-10.1763 0000 89.9176 111
-10.1367 0000 89.9130 116
-10.0972 0000 89.9105 149
-10.0579 0000 89.9102 177
-10.0185 0000 89.9098 164
-9.9794 0000 89.9136 166
-9.9409 0000 89.9279 189
-9.9017 0000 89.9296 195
-9.8629 0000 89.9397 161
-9.8240 0000 89.9477 177
-9.7842 0000 89.9390 230
-9.7447 0000 89.9365 216
-9.7057 0000 89.9424 151
-9.6663 0000 89.9399 143
-9.6269 0000 89.9396 167
-9.5883 0000 89.9539 165
-9.5481 0000 89.9367 141
-9.5087 0000 89.9363 161
-9.4701 0000 89.9485 162
-9.4318 0000 89.9691 146
-9.3926 0000 89.9708 109
-9.3535 0000 89.9767 93
-9.3167 0000 90.0246 94
-9.2776 0000 90.0305 98
-9.2386 0000 90.0364 89
-9.2004 0000 90.0591 93
-9.1599 0000 90.0378 93
-9.1204 0000 90.0332 100
-9.0806 0000 90.0244 99
-9.0407 0000 90.0135 97
-9.0010 0000 90.0069 97
-8.9608 0000 89.9897 94
-8.9213 0000 89.9872 104
-8.8821 0000 89.9889 120
-8.8432 0000 89.9990 151
-8.8042 0000 90.0049 244
-8.7649 0000 90.0067 320
-8.7262 0000 90.0210 305
-8.6878 0000 90.0395 210
-8.6489 0000 90.0496 179
-8.6102 0000 90.0639 141
-8.5720 0000 90.0866 130
-8.5316 0000 90.0652 152
-8.4918 0000 90.0564 232
-8.4525 0000 90.0581 299
-8.4134 0000 90.0619 327
-8.3742 0000 90.0658 305
-8.3349 0000 90.0675 256
-8.2960 0000 90.0776 217
-8.2560 0000 90.0646 234
-8.2171 0000 90.0747 185
-8.1778 0000 90.0764 145
-8.1386 0000 90.0782 118
-8.1003 0000 90.1030 104
-8.0614 0000 90.1131 88
-8.0230 0000 90.1358 87
-7.9837 0000 90.1375 92
-7.9443 0000 90.1371 102
-7.9049 0000 90.1368 104
-7.8658 0000 90.1427 91
-7.8278 0000 90.1759 85
-7.7887 0000 90.1819 84
-7.7493 0000 90.1815 90
-7.7090 0000 90.1601 107
-7.6695 0000 90.1576 146
-7.6298 0000 90.1509 184
-7.5903 0000 90.1463 208
-7.5509 0000 90.1480 206
-7.5117 0000 90.1519 212
-7.4722 0000 90.1494 276
-7.4321 0000 90.1322 304
-7.3922 0000 90.1192 302
-7.3526 0000 90.1125 291
-7.3133 0000 90.1143 310
-7.2738 0000 90.1118 299
-7.2341 0000 90.1051 237
-7.1948 0000 90.1047 190
-7.1554 0000 90.1043 198
-7.1159 0000 90.1019 233
-7.0765 0000 90.1015 221
-7.0373 0000 90.1074 161
-6.9980 0000 90.1092 128
-6.9584 0000 90.1025 126
-6.9188 0000 90.0958 146
-6.8794 0000 90.0954 185
-6.8400 0000 90.0951 194
-6.7997 0000 90.0716 196
-6.7594 0000 90.0460 161
-6.7198 0000 90.0394 132
-6.6804 0000 90.0390 105
-6.6411 0000 90.0407 88
-6.6025 0000 90.0614 85
-6.5631 0000 90.0610 83
-6.5237 0000 90.0606 96
-6.4844 0000 90.0624 131
-6.4451 0000 90.0662 161
-6.4057 0000 90.0637 171
-6.3663 0000 90.0655 178
-6.3276 0000 90.0840 178
-6.2884 0000 90.0900 227
-6.2492 0000 90.0959 278
-6.2098 0000 90.0955 253
-6.1703 0000 90.0910 183
-6.1302 0000 90.0696 149
-6.0915 0000 90.0924 122
-6.0527 0000 90.1088 133
-6.0139 0000 90.1295 164
-5.9741 0000 90.1144 132
-5.9345 0000 90.1099 102
-5.8956 0000 90.1242 101
-5.8549 0000 90.0818 104
-5.8152 0000 90.0731 94
-5.7761 0000 90.0811 95
-5.7374 0000 90.1039 108
-5.6979 0000 90.1014 119
-5.6585 0000 90.1011 128
-5.6191 0000 90.1028 131
-5.5796 0000 90.0983 110
-5.5401 0000 90.0958 90
-5.5007 0000 90.0955 79
-5.4621 0000 90.1224 79
-5.4230 0000 90.1347 83
-5.3838 0000 90.1407 93
-5.3445 0000 90.1445 108
-5.3051 0000 90.1442 118
-5.2655 0000 90.1375 113
-5.2258 0000 90.1267 102
-5.1852 0000 90.0843 113
-5.1454 0000 90.0671 157
-5.1058 0000 90.0626 171
-5.0664 0000 90.0622 158
-5.0270 0000 90.0598 165
-4.9876 0000 90.0594 178
-4.9484 0000 90.0675 177
-4.9094 0000 90.0840 181
-4.8702 0000 90.0941 201
-4.8309 0000 90.0980 193
-4.7916 0000 90.1018 156
-4.7527 0000 90.1225 154
-4.7138 0000 90.1411 145
-4.6739 0000 90.1218 148
-4.6343 0000 90.1152 137
-4.5955 0000 90.1401 127
-4.5565 0000 90.1608 134
-4.5183 0000 90.2109 138
-4.4791 0000 90.2211 139
-4.4399 0000 90.2334 136
-4.4010 0000 90.2562 126
-4.3615 0000 90.2537 103
-4.3214 0000 90.2281 93
-4.2818 0000 90.2173 103
-4.2421 0000 90.2043 126
-4.2020 0000 90.1766 173
-4.1623 0000 90.1615 178
-4.1228 0000 90.1591 180
-4.0833 0000 90.1545 157
-4.0434 0000 90.1311 127
-4.0039 0000 90.1307 98
-3.9644 0000 90.1220 93
-3.9242 0000 90.0859 118
-3.8848 0000 90.0856 171
-3.8462 0000 90.1273 193
-3.8071 0000 90.1458 186
-3.7679 0000 90.1560 166
-3.7293 0000 90.2062 140
-3.6903 0000 90.2269 123
-3.6518 0000 90.2813 114
-3.6129 0000 90.3147 134
-3.5735 0000 90.3207 160
-3.5343 0000 90.3330 152
-3.4945 0000 90.3158 149
-3.4549 0000 90.3091 129
-3.4149 0000 90.2751 128
-3.3753 0000 90.2684 151
-3.3360 0000 90.2744 158
-3.2966 0000 90.2783 174
-3.2571 0000 90.2758 213
-3.2176 0000 90.2734 217
-3.1781 0000 90.2709 180
-3.1386 0000 90.2727 155
-3.0992 0000 90.2766 148
-3.0598 0000 90.2783 147
-3.0202 0000 90.2717 146
-2.9804 0000 90.2482 165
-2.9405 0000 90.2184 163
-2.9009 0000 90.2033 155
-2.8614 0000 90.1966 127
-2.8220 0000 90.2026 106
-2.7826 0000 90.2065 103
-2.7429 0000 90.1851 122
-2.7034 0000 90.1826 122
-2.6639 0000 90.1823 112
-2.6245 0000 90.1820 109
-2.5850 0000 90.1753 133
-2.5455 0000 90.1708 174
-2.5061 0000 90.1831 170
-2.4670 0000 90.2143 138
-2.4276 0000 90.2161 134
-2.3880 0000 90.2073 113
-2.3486 0000 90.2070 99
-2.3092 0000 90.2109 102
-2.2697 0000 90.2063 100
-2.2302 0000 90.2102 106
-2.1910 0000 90.2309 123
-2.1513 0000 90.2116 127
-2.1118 0000 90.2050 168
-2.0724 0000 90.2047 223
-2.0330 0000 90.2106 234
-1.9935 0000 90.2103 183
-1.9540 0000 90.2058 133
-1.9146 0000 90.2181 117
-1.8752 0000 90.2177 96
-1.8357 0000 90.2195 91
-1.7963 0000 90.2255 95
-1.7569 0000 90.2315 96
-1.7175 0000 90.2375 105
-1.6780 0000 90.2371 141
-1.6386 0000 90.2452 156
-1.5990 0000 90.2344 165
-1.5596 0000 90.2319 131
-1.5202 0000 90.2548 98
-1.4808 0000 90.2671 87
-1.4414 0000 90.2963 86
-1.4020 0000 90.2959 82
-1.3625 0000 90.2977 88
-1.3231 0000 90.3206 98
-1.2836 0000 90.3266 118
-1.2442 0000 90.3516 140
-1.2047 0000 90.3533 172
-1.1652 0000 90.3551 183
-1.1258 0000 90.3611 175
-1.0863 0000 90.3819 179
-1.0468 0000 90.3879 184
-1.0074 0000 90.4108 184
-0.9679 0000 90.4126 184
-0.9283 0000 90.3954 183
-0.8888 0000 90.4014 163
-0.8493 0000 90.4095 152
-0.8098 0000 90.4155 149
-0.7703 0000 90.4448 149
-0.7308 0000 90.4170 149
-0.6913 0000 90.4167 170
-0.6518 0000 90.4227 182
-0.6123 0000 90.4414 189
-0.5727 0000 90.4474 186
-0.5332 0000 90.4534 195
-0.4937 0000 90.4636 201
-0.4541 0000 90.4696 199
-0.4146 0000 90.4630 212
-0.3751 0000 90.4521 252
-0.3356 0000 90.4476 252
-0.2961 0000 90.4494 206
-0.2566 0000 90.4490 170
-0.2171 0000 90.4424 153
-0.1777 0000 90.3935 187
-0.1382 0000 90.3784 263
-0.0988 0000 90.3675 342
-0.0593 0000 90.3630 377
-0.0198 0000 90.3648 332
0.0198 0000 90.3729 253
0.0593 0000 90.3789 183
0.0988 0000 90.3828 143
0.1383 0000 90.3825 140
0.1778 0000 90.3737 159
0.2172 0000 90.3650 184
0.2566 0000 90.3457 167
0.2960 0000 90.3263 158
0.3355 0000 90.3176 160
0.3748 0000 90.3025 189
0.4142 0000 90.2769 215
0.4535 0000 90.2534 285
0.4929 0000 90.2446 316
0.5324 0000 90.2422 304
0.5718 0000 90.2398 249
0.6113 0000 90.2373 187
0.6507 0000 90.2370 162
0.6901 0000 90.2283 166
0.7295 0000 90.2195 173
0.7688 0000 90.2003 230
0.8081 0000 90.1831 249
0.8476 0000 90.1828 236
0.8873 0000 90.2056 197
0.9267 0000 90.2053 190
0.9659 0000 90.1797 187
1.0053 0000 90.1689 166
1.0447 0000 90.1643 163
1.0841 0000 90.1661 175
1.1236 0000 90.1637 205
1.1630 0000 90.1634 250
1.2025 0000 90.1694 289
1.2420 0000 90.1691 341
1.2813 0000 90.1624 371
1.3207 0000 90.1579 330
1.3602 0000 90.1576 275
1.3997 0000 90.1636 263
1.4392 0000 90.1696 250
1.4790 0000 90.1967 232
1.5186 0000 90.2111 282
1.5584 0000 90.2361 355
1.5979 0000 90.2358 350
1.6373 0000 90.2312 330
1.6767 0000 90.2288 334
1.7161 0000 90.2264 347
1.7552 0000 90.2029 322
1.7945 0000 90.1899 322
1.8337 0000 90.1707 383
1.8731 0000 90.1683 437
1.9125 0000 90.1637 427
1.9519 0000 90.1613 357
1.9914 0000 90.1652 299
2.0313 0000 90.1965 282
2.0709 0000 90.2088 316
2.1104 0000 90.2106 320
2.1502 0000 90.2292 332
2.1897 0000 90.2310 315
2.2291 0000 90.2307 266
2.2685 0000 90.2283 232
2.3078 0000 90.2217 259
2.3469 0000 90.2003 301
2.3862 0000 90.1937 351
2.4253 0000 90.1744 401
2.4647 0000 90.1720 395
2.5042 0000 90.1759 343
2.5437 0000 90.1798 269
2.5830 0000 90.1732 221
2.6223 0000 90.1644 210
2.6616 0000 90.1578 258
2.7010 0000 90.1533 337
2.7402 0000 90.1446 411
2.7795 0000 90.1379 479
2.8187 0000 90.1292 457
2.8582 0000 90.1331 427
2.8976 0000 90.1307 374
2.9370 0000 90.1283 301
2.9763 0000 90.1238 234
3.0160 0000 90.1361 190
3.0555 0000 90.1400 142
3.0949 0000 90.1397 116
3.1339 0000 90.1204 105
3.1733 0000 90.1222 115
3.2135 0000 90.1535 136
3.2537 0000 90.1890 176
3.2937 0000 90.2160 253
3.3332 0000 90.2178 263
3.3722 0000 90.1986 246
3.4113 0000 90.1835 288
3.4504 0000 90.1706 268
3.4893 0000 90.1492 241
3.5285 0000 90.1405 217
3.5676 0000 90.1318 184
3.6061 0000 90.0937 170
3.6453 0000 90.0870 175
3.6846 0000 90.0846 205
3.7240 0000 90.0843 236
3.7635 0000 90.0882 224
3.8031 0000 90.0964 182
3.8435 0000 90.1318 152
3.8832 0000 90.1441 147
3.9230 0000 90.1585 160
3.9627 0000 90.1709 186
4.0025 0000 90.1832 209
4.0414 0000 90.1661 266
4.0806 0000 90.1594 281
4.1198 0000 90.1528 280
4.1591 0000 90.1462 260
4.1984 0000 90.1438 214
4.2373 0000 90.1288 187
4.2767 0000 90.1264 158
4.3166 0000 90.1450 131
4.3565 0000 90.1616 143
4.3965 0000 90.1823 203
4.4359 0000 90.1820 242
4.4759 0000 90.2027 228
4.5156 0000 90.2130 266
4.5552 0000 90.2169 351
4.5948 0000 90.2250 411
4.6344 0000 90.2289 406
4.6738 0000 90.2286 348
4.7129 0000 90.2199 272
4.7519 0000 90.2070 228
4.7910 0000 90.1983 189
4.8300 0000 90.1853 145
4.8702 0000 90.2103 101
4.9106 0000 90.2416 105
4.9502 0000 90.2476 111
4.9903 0000 90.2684 117
5.0298 0000 90.2702 139
5.0694 0000 90.2741 165
5.1090 0000 90.2801 189
5.1485 0000 90.2840 211
5.1880 0000 90.2858 217
5.2283 0000 90.3108 210
5.2680 0000 90.3190 213
5.3078 0000 90.3313 215
5.3476 0000 90.3416 184
5.3881 0000 90.3708 136
5.4283 0000 90.3916 123
5.4677 0000 90.3913 110
5.5062 0000 90.3657 111
5.5445 0000 90.3338 105
5.5836 0000 90.3251 109
5.6230 0000 90.3248 108
5.6616 0000 90.3034 132
5.7009 0000 90.2989 151
5.7407 0000 90.3091 166
5.7810 0000 90.3341 169
5.8205 0000 90.3360 179
5.8602 0000 90.3420 173
5.9007 0000 90.3691 177
5.9412 0000 90.3983 160
5.9814 0000 90.4170 164
6.0226 0000 90.4610 179
6.0625 0000 90.4734 190
6.1026 0000 90.4879 173
6.1439 0000 90.5341 176
6.1839 0000 90.5486 195
6.2251 0000 90.5906 204
6.2650 0000 90.6009 225
6.3045 0000 90.6006 226
6.3449 0000 90.6235 175
6.3856 0000 90.6529 169
6.4262 0000 90.6780 157
6.4661 0000 90.6883 136
6.5068 0000 90.7155 123
6.5457 0000 90.7025 118
6.5853 0000 90.7043 141
6.6255 0000 90.7189 189
6.6651 0000 90.7207 227
6.7048 0000 90.7268 234
6.7448 0000 90.7371 223
6.7848 0000 90.7474 227
6.8245 0000 90.7513 214
6.8650 0000 90.7744 188
6.9055 0000 90.7953 226
6.9450 0000 90.7950 237
6.9843 0000 90.7905 224
7.0238 0000 90.7881 202
7.0638 0000 90.7984 204
7.1043 0000 90.8193 240
7.1451 0000 90.8466 258
7.1858 0000 90.8718 322
7.2259 0000 90.8842 345
7.2658 0000 90.8924 343
7.3060 0000 90.9049 283
7.3463 0000 90.9216 236
7.3863 0000 90.9298 162
7.4276 0000 90.9656 133
7.4692 0000 91.0079 186
7.5102 0000 91.0373 262
7.5507 0000 91.0562 401
7.5907 0000 91.0644 470
7.6306 0000 91.0706 450
7.6706 0000 91.0788 342
7.7112 0000 91.0998 213
7.7516 0000 91.1144 162
7.7929 0000 91.1482 146
7.8328 0000 91.1543 130
7.8725 0000 91.1562 136
7.9139 0000 91.1921 151
7.9537 0000 91.1940 164
7.9916 0000 91.1618 199
8.0307 0000 91.1508 243
8.0692 0000 91.1293 266
8.1074 0000 91.1035 244
8.1485 0000 91.1309 226
8.1923 0000 91.2115 193
8.2353 0000 91.2752 187
8.2765 0000 91.3048 195
8.3173 0000 91.3259 237
8.3588 0000 91.3619 199
8.4019 0000 91.4257 169
8.4448 0000 91.4853 178
8.4883 0000 91.5556 215
8.5305 0000 91.6024 262
8.5711 0000 91.6171 288
8.6122 0000 91.6425 257
8.6534 0000 91.6701 258
8.6937 0000 91.6806 252
8.7351 0000 91.7103 249
8.7765 0000 91.7400 302
8.8169 0000 91.7526 302
8.8581 0000 91.7781 259
8.8993 0000 91.8036 285
8.9406 0000 91.8312 281
8.9811 0000 91.8439 283
9.0211 0000 91.8479 275
9.0604 0000 91.8390 271
9.0998 0000 91.8323 262
9.1383 0000 91.8106 299
9.1774 0000 91.7996 326
9.2161 0000 91.7822 276
9.2555 0000 91.7755 224
9.2942 0000 91.7581 222
9.3352 0000 91.7793 217
9.3768 0000 91.8112 270
9.4174 0000 91.8260 318
9.4578 0000 91.8364 342
9.4983 0000 91.8491 298
9.5373 0000 91.8359 297
9.5764 0000 91.8249 299
9.6161 0000 91.8247 324
9.6577 0000 91.8545 356
9.6978 0000 91.8606 360
9.7384 0000 91.8733 279
9.7813 0000 91.9245 216
9.8224 0000 91.9458 196
9.8641 0000 91.9778 181
9.9056 0000 92.0054 137
9.9461 0000 92.0159 119
9.9865 0000 92.0264 119
10.0277 0000 92.0477 124
10.0673 0000 92.0453 113
10.1056 0000 92.0214 110
10.1455 0000 92.0233 141
10.1868 0000 92.0467 212
10.2282 0000 92.0722 237
10.2698 0000 92.0999 238
10.3104 0000 92.1126 243
10.3511 0000 92.1253 246
10.3924 0000 92.1487 280
10.4324 0000 92.1506 289
10.4724 0000 92.1546 274
10.5127 0000 92.1609 276
10.5530 0000 92.1692 289
10.5934 0000 92.1776 255
10.6351 0000 92.2053 198
10.6750 0000 92.2072 167
10.7154 0000 92.2156 170
10.7555 0000 92.2197 173
10.7955 0000 92.2216 147
10.8370 0000 92.2472 139
10.8771 0000 92.2513 147
10.9172 0000 92.2553 159
10.9585 0000 92.2766 176
10.9985 0000 92.2785 213
11.0391 0000 92.2891 227
11.0811 0000 92.3212 200
11.1231 0000 92.3512 197
11.1635 0000 92.3596 184
11.2038 0000 92.3658 182
11.2453 0000 92.3893 197
11.2868 0000 92.4128 175
11.3274 0000 92.4234 179
11.3673 0000 92.4231 173
11.4078 0000 92.4315 165
11.4501 0000 92.4659 204
11.4916 0000 92.4894 199
11.5323 0000 92.5000 187
11.5750 0000 92.5387 172
11.6150 0000 92.5406 170
11.6547 0000 92.5382 184
11.6949 0000 92.5423 196
11.7354 0000 92.5507 188
11.7759 0000 92.5591 182
11.8166 0000 92.5697 180
11.8579 0000 92.5889 182
11.8993 0000 92.6103 155
11.9394 0000 92.6123 155
11.9796 0000 92.6163 165
12.0203 0000 92.6269 174
12.0633 0000 92.6679 183
12.1035 0000 92.6720 188
12.1434 0000 92.6717 185
12.1832 0000 92.6715 185
12.2235 0000 92.6756 191
12.2635 0000 92.6775 201
12.3031 0000 92.6730 203
12.3433 0000 92.6771 180
12.3837 0000 92.6833 170
12.4237 0000 92.6853 171
12.4624 0000 92.6699 171
12.5013 0000 92.6566 169
12.5407 0000 92.6499 186
12.5795 0000 92.6367 192
12.6194 0000 92.6365 220
12.6609 0000 92.6579 264
12.7029 0000 92.6837 243
12.7433 0000 92.6899 229
12.7812 0000 92.6659 204
12.8197 0000 92.6483 165
12.8577 0000 92.6243 149
12.8974 0000 92.6219 165
12.9372 0000 92.6216 180
12.9776 0000 92.6279 179
13.0188 0000 92.6450 201
13.0589 0000 92.6470 221
13.0987 0000 92.6467 231
13.1389 0000 92.6508 258
13.1788 0000 92.6506 320
13.2188 0000 92.6525 318
13.2597 0000 92.6653 250
13.2987 0000 92.6543 226
13.3393 0000 92.6627 242
13.3779 0000 92.6473 247
13.4166 0000 92.6341 188
13.4561 0000 92.6295 169
13.4956 0000 92.6250 163
13.5354 0000 92.6248 154
13.5752 0000 92.6245 151
13.6147 0000 92.6200 156
13.6538 0000 92.6111 152
13.6914 0000 92.5849 153
13.7283 0000 92.5501 124
13.7655 0000 92.5196 125
13.8048 0000 92.5129 122
13.8440 0000 92.5062 106
13.8791 0000 92.4519 97
13.9186 0000 92.4474 116
13.9578 0000 92.4407 134
13.9953 0000 92.4145 133
14.0339 0000 92.4014 159
14.0728 0000 92.3903 177
14.1106 0000 92.3685 188
14.1498 0000 92.3618 186
14.1896 0000 92.3616 209
14.2280 0000 92.3463 205
14.2668 0000 92.3353 195
14.3059 0000 92.3286 176
14.3455 0000 92.3262 163
14.3848 0000 92.3217 164
14.4232 0000 92.3063 182
14.4629 0000 92.3061 170
14.5031 0000 92.3102 163
14.5430 0000 92.3121 158
14.5823 0000 92.3076 151
14.6199 0000 92.2836 139
14.6588 0000 92.2748 138
14.6977 0000 92.2659 135
14.7355 0000 92.2441 132
14.7742 0000 92.2331 107
14.8131 0000 92.2243 95
14.8500 0000 92.1939 89
14.8874 0000 92.1678 91
14.9260 0000 92.1569 102
14.9635 0000 92.1330 117
15.0030 0000 92.1306 120
15.0420 0000 92.1239 108
15.0793 0000 92.0978 109
15.1208 0000 92.1170 108
15.1584 0000 92.0952 122
15.1972 0000 92.0864 122
15.2347 0000 92.0625 128
15.2747 0000 92.0665 159
15.3146 0000 92.0685 179
15.3538 0000 92.0639 189
15.3926 0000 92.0551 194
15.4314 0000 92.0462 196
15.4708 0000 92.0439 196
15.5104 0000 92.0436 180
15.5499 0000 92.0412 150
15.5876 0000 92.0216 125
15.6272 0000 92.0214 107
15.6671 0000 92.0233 112
15.7067 0000 92.0231 118
15.7467 0000 92.0271 129
15.7863 0000 92.0269 149
15.8249 0000 92.0159 178
15.8640 0000 92.0113 204
15.9038 0000 92.0132 199
15.9434 0000 92.0130 188
15.9826 0000 92.0085 191
16.0201 0000 91.9867 179
16.0590 0000 91.9801 178
16.0984 0000 91.9777 173
16.1376 0000 91.9731 178
16.1767 0000 91.9686 178
16.2163 0000 91.9683 167
16.2561 0000 91.9702 164
16.2950 0000 91.9635 161
16.3320 0000 91.9375 164
16.3713 0000 91.9351 189
16.4098 0000 91.9242 226
16.4496 0000 91.9261 247
16.4907 0000 91.9408 215
16.5320 0000 91.9578 222
16.5724 0000 91.9661 230
16.6124 0000 91.9701 245
16.6521 0000 91.9720 235
16.6921 0000 91.9761 209
16.7324 0000 91.9823 200
16.7721 0000 91.9841 215
16.8126 0000 91.9925 244
16.8526 0000 91.9965 258
16.8919 0000 91.9941 269
16.9325 0000 92.0046 260
16.9728 0000 92.0108 256
17.0148 0000 92.0342 277
17.0554 0000 92.0446 284
17.0963 0000 92.0573 263
17.1374 0000 92.0721 227
17.1795 0000 92.0954 204
17.2190 0000 92.0952 147
17.2579 0000 92.0885 103
17.2970 0000 92.0839 79
17.3354 0000 92.0729 71
17.3681 0000 92.0083 63
17.4068 0000 91.9994 58
17.4426 0000 91.9648 60
17.4858 0000 91.9989 67
17.5331 0000 92.0716 85
17.5786 0000 92.1272 119
17.6191 0000 92.1356 146
17.6614 0000 92.1611 150
17.7021 0000 92.1716 166
17.7438 0000 92.1907 184
17.7822 0000 92.1797 143
17.8212 0000 92.1751 125
17.8606 0000 92.1727 118
17.9003 0000 92.1746 114
17.9399 0000 92.1744 121
17.9792 0000 92.1720 152
18.0192 0000 92.1760 183
18.0582 0000 92.1714 183
18.0975 0000 92.1690 191
18.1373 0000 92.1709 209
18.1768 0000 92.1707 197
18.2168 0000 92.1747 169
18.2564 0000 92.1744 147
18.2959 0000 92.1742 128
18.3352 0000 92.1718 120
18.3733 0000 92.1586 129
18.4147 0000 92.1755 120
18.4542 0000 92.1753 127
18.4940 0000 92.1772 134
18.5340 0000 92.1812 131
18.5735 0000 92.1809 136
18.6135 0000 92.1850 156
18.6574 0000 92.2234 170
18.6979 0000 92.2318 176
18.7381 0000 92.2380 185
18.7784 0000 92.2441 185
18.8184 0000 92.2482 163
18.8606 0000 92.2716 155
18.9028 0000 92.2950 135
18.9436 0000 92.3055 140
18.9843 0000 92.3160 162
19.0244 0000 92.3200 206
19.0629 0000 92.3112 242
19.1004 0000 92.2937 270
19.1397 0000 92.2913 334
19.1799 0000 92.2975 380
19.2227 0000 92.3252 332
19.2655 0000 92.3529 337
19.3060 0000 92.3613 310
19.3488 0000 92.3890 236
19.3911 0000 92.4124 189
19.4284 0000 92.3928 147
19.4679 0000 92.3925 124
19.5087 0000 92.4030 131
19.5520 0000 92.4351 140
19.5926 0000 92.4434 154
19.6321 0000 92.4432 160
19.6711 0000 92.4386 163
19.7104 0000 92.4362 158
19.7502 0000 92.4381 150
19.7904 0000 92.4443 135
19.8362 0000 92.4958 117
19.8778 0000 92.5128 113
19.9231 0000 92.5600 126
19.9634 0000 92.5662 146
20.0040 0000 92.5746 170
20.0443 0000 92.5808 206
20.0867 0000 92.6043 211
20.1297 0000 92.6321 226
20.1708 0000 92.6448 221
20.2114 0000 92.6532 225
20.2542 0000 92.6789 203
20.2969 0000 92.7046 199
20.3375 0000 92.7130 174
20.3784 0000 92.7235 161
20.4236 0000 92.7687 179
20.4645 0000 92.7793 233
20.5049 0000 92.7855 265
20.5450 0000 92.7896 247
20.5894 0000 92.8283 222
20.6309 0000 92.8432 207
20.6743 0000 92.8733 182
20.7171 0000 92.8991 189
20.7578 0000 92.9075 184
20.7979 0000 92.9116 179
20.8378 0000 92.9135 162
20.8771 0000 92.9111 142
20.9161 0000 92.9065 142
20.9560 0000 92.9085 146
20.9956 0000 92.9082 144
21.0357 0000 92.9123 160
21.0756 0000 92.9143 186
21.1157 0000 92.9184 209
21.1580 0000 92.9398 220
21.1996 0000 92.9548 267
21.2355 0000 92.9263 274
21.2748 0000 92.9239 251
21.3191 0000 92.9606 219
21.3596 0000 92.9669 197
21.3994 0000 92.9688 180
21.4373 0000 92.9556 156
21.4774 0000 92.9597 146
21.5198 0000 92.9812 147
21.5591 0000 92.9788 154
21.5990 0000 92.9808 165
21.6386 0000 92.9805 189
21.6781 0000 92.9803 220
21.7188 0000 92.9888 233
21.7635 0000 93.0277 240
21.8037 0000 93.0318 254
21.8436 0000 93.0338 265
21.8837 0000 93.0379 262
21.9236 0000 93.0399 243
21.9631 0000 93.0397 228
22.0030 0000 93.0417 230
22.0428 0000 93.0436 235
22.0824 0000 93.0434 232
22.1214 0000 93.0389 201
22.1600 0000 93.0322 164
22.1937 0000 92.9886 163
22.2318 0000 92.9775 175
22.2711 0000 92.9752 192
22.3115 0000 92.9815 221
22.3522 0000 92.9900 220
22.3950 0000 93.0137 227
22.4321 0000 92.9962 214
22.4708 0000 92.9895 204
22.5103 0000 92.9893 168
22.5528 0000 93.0108 153
22.5923 0000 93.0107 142
22.6316 0000 93.0083 134
22.6711 0000 93.0082 129
22.7112 0000 93.0124 130
22.7504 0000 93.0100 134
22.7863 0000 92.9838 125
22.8285 0000 93.0032 120
22.8678 0000 93.0009 141
22.9036 0000 92.9747 185
22.9428 0000 92.9724 215
22.9848 0000 92.9896 223
23.0209 0000 92.9656 278
23.0595 0000 92.9589 326
23.0984 0000 92.9545 335
23.1348 0000 92.9326 297
23.1710 0000 92.9087 331
23.2126 0000 92.9237 300
23.2554 0000 92.9474 286
23.2967 0000 92.9603 225
23.3380 0000 92.9732 179
23.3784 0000 92.9795 164
23.4182 0000 92.9816 160
23.4577 0000 92.9814 157
23.4969 0000 92.9792 159
23.5361 0000 92.9769 167
23.5746 0000 92.9702 172
23.6073 0000 92.9225 165
23.6446 0000 92.9072 157
23.6834 0000 92.9028 157
23.7225 0000 92.9005 151
23.7611 0000 92.8939 140
23.7934 0000 92.8440 138
23.8350 0000 92.8591 163
23.8716 0000 92.8395 173
23.9092 0000 92.8264 203
23.9470 0000 92.8155 234
23.9843 0000 92.8003 227
24.0218 0000 92.7872 254
24.0606 0000 92.7828 290
24.1022 0000 92.7979 309
24.1445 0000 92.8172 347
24.1842 0000 92.8193 289
24.2205 0000 92.7976 205
24.2586 0000 92.7889 161
24.2939 0000 92.7607 151
24.3318 0000 92.7498 146
24.3674 0000 92.7239 127
24.4052 0000 92.7130 115
24.4408 0000 92.6871 112
24.4795 0000 92.6827 105
24.5186 0000 92.6804 105
24.5551 0000 92.6610 110
24.5929 0000 92.6501 106
24.6243 0000 92.5962 101
24.6621 0000 92.5854 94
24.6976 0000 92.5595 93
24.7370 0000 92.5595 105
24.7757 0000 92.5551 112
24.8109 0000 92.5271 122
24.8451 0000 92.4926 113
24.8825 0000 92.4797 117
24.9209 0000 92.4732 122
24.9599 0000 92.4710 117
24.9992 0000 92.4709 108
25.0347 0000 92.4451 113
25.0701 0000 92.4193 101
25.1052 0000 92.3913 102
25.1397 0000 92.3591 102
25.1774 0000 92.3483 111
25.2095 0000 92.3011 112
