wt=151722509, DLLFiFo=0
-22.8244 0000 73.4731 82
-22.7890 0000 73.4708 68
-22.7533 0000 73.4668 64
-22.7169 0000 73.4578 72
-22.6789 0000 73.4386 93
-22.6430 0000 73.4330 102
-22.6058 0000 73.4189 88
-22.5704 0000 73.4166 87
-22.5360 0000 73.4211 93
-22.5037 0000 73.4392 87
-22.4695 0000 73.4453 83
-22.4349 0000 73.4481 77
-22.3990 0000 73.4425 69
-22.3424 0000 73.2985 66
-22.2850 0000 73.1480 108
-22.2460 0000 73.1205 162
-22.2089 0000 73.1065 152
-22.1746 0000 73.1110 128
-22.1425 0000 73.1306 117
-22.1079 0000 73.1334 119
-22.0743 0000 73.1429 111
-22.0412 0000 73.1558 94
-22.0192 0000 73.2444 75
-21.9962 0000 73.3265 76
-21.9645 0000 73.3495 79
-21.9292 0000 73.3473 71
-21.8928 0000 73.3382 66
-21.8572 0000 73.3343 66
-21.8199 0000 73.3185 63
-21.7864 0000 73.3298 68
-21.7474 0000 73.3022 71
-21.7113 0000 73.2949 76
-21.6745 0000 73.2825 77
-21.6384 0000 73.2752 67
-21.6014 0000 73.2612 57
-21.5658 0000 73.2572 52
-21.5299 0000 73.2516 60
-21.4951 0000 73.2527 71
-21.4612 0000 73.2606 77
-21.4292 0000 73.2819 75
-21.3969 0000 73.3015 72
-21.3658 0000 73.3296 76
-21.3350 0000 73.3594 73
-21.3065 0000 73.4061 81
-21.2740 0000 73.4241 87
-21.2447 0000 73.4657 93
-21.2136 0000 73.4939 95
-21.1893 0000 73.5711 94
-21.1597 0000 73.6111 93
-21.1267 0000 73.6258 98
-21.0870 0000 73.5930 96
-21.0478 0000 73.5637 94
-21.0135 0000 73.5699 88
-20.9802 0000 73.5828 88
-20.9475 0000 73.6008 77
-20.9046 0000 73.5444 73
-20.8687 0000 73.5387 69
-20.8398 0000 73.5838 65
-20.7967 0000 73.5257 69
-20.7608 0000 73.5201 77
-20.7268 0000 73.5279 73
-20.6921 0000 73.5307 67
-20.6513 0000 73.4896 69
-20.6155 0000 73.4839 73
-20.5807 0000 73.4867 74
-20.5460 0000 73.4895 74
-20.5101 0000 73.4838 76
-20.4722 0000 73.4629 80
-20.4370 0000 73.4623 98
-20.4025 0000 73.4668 113
-20.3680 0000 73.4713 117
-20.3349 0000 73.4859 118
-20.3024 0000 73.5056 105
-20.2776 0000 73.5828 79
-20.2507 0000 73.6448 69
-20.2260 0000 73.7239 76
-20.2014 0000 73.8030 75
-20.1699 0000 73.8313 76
-20.1382 0000 73.8579 77
-20.1065 0000 73.8845 80
-20.0744 0000 73.9076 86
-20.0350 0000 73.8764 96
-19.9993 0000 73.8724 120
-19.9642 0000 73.8735 154
-19.9265 0000 73.8543 183
-19.8903 0000 73.8469 227
-19.8539 0000 73.8378 273
-19.8138 0000 73.7998 303
-19.7783 0000 73.7975 302
-19.7459 0000 73.8190 262
-19.7084 0000 73.8014 250
-19.6725 0000 73.7957 237
-19.6370 0000 73.7934 225
-19.6021 0000 73.7962 211
-19.5693 0000 73.8143 209
-19.5342 0000 73.8154 208
-19.4989 0000 73.8148 212
-19.4638 0000 73.8158 206
-19.4259 0000 73.7949 186
-19.3905 0000 73.7926 170
-19.3547 0000 73.7886 156
-19.3190 0000 73.7846 135
-19.2775 0000 73.7348 138
-19.2446 0000 73.7528 152
-19.2061 0000 73.7268 164
-19.1770 0000 73.7754 171
-19.1422 0000 73.7782 179
-19.1103 0000 73.8048 181
-19.0782 0000 73.8296 184
-19.0435 0000 73.8341 182
-19.0084 0000 73.8352 181
-18.9758 0000 73.8567 176
-18.9409 0000 73.8596 162
-18.9082 0000 73.8794 163
-18.8733 0000 73.8822 165
-18.8386 0000 73.8867 171
-18.8053 0000 73.9031 191
-18.7690 0000 73.8940 183
-18.7340 0000 73.8968 185
-18.6987 0000 73.8962 183
-18.6625 0000 73.8888 176
-18.6243 0000 73.8644 177
-18.5877 0000 73.8537 169
-18.5514 0000 73.8446 172
-18.5156 0000 73.8406 173
-18.4785 0000 73.8247 153
-18.4413 0000 73.8088 149
-18.4103 0000 73.8439 143
-18.3753 0000 73.8468 143
-18.3400 0000 73.8462 134
-18.3077 0000 73.8711 119
-18.2760 0000 73.9012 121
-18.2433 0000 73.9227 135
-18.2057 0000 73.9034 148
-18.1702 0000 73.9011 155
-18.1352 0000 73.9040 159
-18.1001 0000 73.9051 170
-18.0649 0000 73.9062 177
-18.0299 0000 73.9091 167
-17.9968 0000 73.9272 149
-17.9584 0000 73.9011 170
-17.9197 0000 73.8717 179
-17.8825 0000 73.8558 198
-17.8505 0000 73.8841 207
-17.8199 0000 73.9244 238
-17.7855 0000 73.9324 248
-17.7525 0000 73.9523 242
-17.7191 0000 73.9688 201
-17.6839 0000 73.9699 183
-17.6483 0000 73.9676 167
-17.6109 0000 73.9501 149
-17.5761 0000 73.9546 149
-17.5409 0000 73.9558 148
-17.5028 0000 73.9314 146
-17.4662 0000 73.9206 131
-17.4258 0000 73.8758 113
-17.3902 0000 73.8736 100
-17.3552 0000 73.8764 107
-17.3194 0000 73.8725 96
-17.2838 0000 73.8702 80
-17.2483 0000 73.8680 69
-17.2127 0000 73.8657 62
-17.1769 0000 73.8618 60
-17.1406 0000 73.8527 63
-17.1002 0000 73.8080 73
-17.0612 0000 73.7751 100
-17.0230 0000 73.7491 112
-16.9869 0000 73.7417 118
-16.9517 0000 73.7429 114
-16.9163 0000 73.7424 119
-16.8810 0000 73.7418 144
-16.8474 0000 73.7583 161
-16.8134 0000 73.7696 163
-16.7786 0000 73.7742 147
-16.7426 0000 73.7686 167
-16.7070 0000 73.7663 188
-16.6724 0000 73.7726 158
-16.6400 0000 73.7993 115
-16.6064 0000 73.8158 115
-16.5671 0000 73.7795 133
-16.5306 0000 73.7688 153
-16.4918 0000 73.7359 131
-16.4507 0000 73.6827 106
-16.4088 0000 73.6211 103
-16.3687 0000 73.5764 121
-16.3312 0000 73.5556 163
-16.2947 0000 73.5449 182
-16.2588 0000 73.5392 176
-16.2240 0000 73.5438 157
-16.1899 0000 73.5551 160
-16.1566 0000 73.5733 164
-16.1221 0000 73.5812 153
-16.0887 0000 73.5994 139
-16.0535 0000 73.6005 121
-16.0180 0000 73.5983 98
-15.9835 0000 73.6063 80
-15.9508 0000 73.6312 79
-15.9177 0000 73.6528 65
-15.8857 0000 73.6845 83
-15.8565 0000 73.7435 124
-15.8227 0000 73.7583 156
-15.7896 0000 73.7798 144
-15.7564 0000 73.8014 133
-15.7214 0000 73.8043 141
-15.6865 0000 73.8089 144
-15.6535 0000 73.8322 123
-15.6156 0000 73.8079 92
-15.5741 0000 73.7478 77
-15.5336 0000 73.6963 83
-15.4957 0000 73.6720 98
-15.4607 0000 73.6748 97
-15.4267 0000 73.6879 88
-15.3939 0000 73.7129 77
-15.3605 0000 73.7328 96
-15.3248 0000 73.7288 121
-15.2892 0000 73.7266 127
-15.2584 0000 73.7720 117
-15.2263 0000 73.8055 160
-15.1916 0000 73.8118 177
-15.1562 0000 73.8113 180
-15.1202 0000 73.8057 179
-15.0848 0000 73.8051 166
-15.0504 0000 73.8148 159
-15.0186 0000 73.8518 147
-14.9850 0000 73.8700 142
-14.9527 0000 73.9018 162
-14.9171 0000 73.8996 183
-14.8802 0000 73.8837 169
-14.8436 0000 73.8713 174
-14.8109 0000 73.8997 158
-14.7761 0000 73.9060 144
-14.7407 0000 73.9055 145
-14.7046 0000 73.8982 156
-14.6693 0000 73.8994 157
-14.6356 0000 73.9176 151
-14.5990 0000 73.9051 167
-14.5652 0000 73.9217 151
-14.5296 0000 73.9194 141
-14.4938 0000 73.9155 136
-14.4585 0000 73.9167 142
-14.4213 0000 73.8974 158
-14.3837 0000 73.8748 145
-14.3465 0000 73.8555 153
-14.3108 0000 73.8516 148
-14.2747 0000 73.8443 134
-14.2376 0000 73.8267 136
-14.2020 0000 73.8245 132
-14.1663 0000 73.8206 127
-14.1324 0000 73.8371 127
-14.0954 0000 73.8196 163
-14.0579 0000 73.7969 163
-14.0217 0000 73.7879 165
-13.9861 0000 73.7857 168
-13.9513 0000 73.7920 161
-13.9142 0000 73.7727 135
-13.8780 0000 73.7637 121
-13.8427 0000 73.7649 109
-13.8094 0000 73.7882 103
-13.7748 0000 73.7962 107
-13.7425 0000 73.8314 118
-13.7077 0000 73.8377 130
-13.6751 0000 73.8696 148
-13.6439 0000 73.9168 178
-13.6093 0000 73.9265 186
-13.5745 0000 73.9328 179
-13.5421 0000 73.9681 165
-13.5073 0000 73.9744 144
-13.4703 0000 73.9568 128
-13.4306 0000 73.9086 145
-13.3940 0000 73.8944 136
-13.3588 0000 73.8973 149
-13.3233 0000 73.8968 166
-13.2810 0000 73.8162 151
-13.2401 0000 73.7528 137
-13.1985 0000 73.6809 119
-13.1523 0000 73.5547 124
-13.1165 0000 73.5491 117
-13.0798 0000 73.5333 123
-13.0449 0000 73.5379 132
-13.0110 0000 73.5544 143
-12.9761 0000 73.5606 173
-12.9412 0000 73.5652 176
-12.9058 0000 73.5647 146
-12.8723 0000 73.5862 125
-12.8390 0000 73.6112 152
-12.8042 0000 73.6175 175
-12.7710 0000 73.6441 215
-12.7358 0000 73.6453 254
-12.6994 0000 73.6329 232
-12.6637 0000 73.6290 212
-12.6265 0000 73.6064 239
-12.5902 0000 73.5957 277
-12.5535 0000 73.5783 281
-12.5174 0000 73.5693 305
-12.4807 0000 73.5535 370
-12.4452 0000 73.5513 357
-12.4100 0000 73.5525 275
-12.3759 0000 73.5689 180
-12.3434 0000 73.6041 145
-12.3146 0000 73.6868 119
-12.2833 0000 73.7373 124
-12.2499 0000 73.7624 140
-12.2147 0000 73.7653 145
-12.1796 0000 73.7699 150
-12.1449 0000 73.7779 142
-12.1118 0000 73.8080 128
-12.0769 0000 73.8143 127
-12.0417 0000 73.8172 135
-12.0067 0000 73.8219 138
-11.9716 0000 73.8265 127
-11.9378 0000 73.8481 124
-11.9035 0000 73.8630 109
-11.8674 0000 73.8539 122
-11.8316 0000 73.8483 140
-11.7987 0000 73.8819 135
-11.7683 0000 73.9480 138
-11.7364 0000 73.9953 141
-11.7007 0000 73.9931 130
-11.6634 0000 73.9687 113
-11.6259 0000 73.9409 89
-11.5889 0000 73.9199 81
-11.5538 0000 73.9245 81
-11.5199 0000 73.9462 99
-11.4845 0000 73.9457 121
-11.4485 0000 73.9384 150
-11.4116 0000 73.9191 142
-11.3770 0000 73.9306 121
-11.3457 0000 73.9881 89
-11.3142 0000 74.0423 95
-11.2789 0000 74.0453 101
-11.2433 0000 74.0431 104
-11.2058 0000 74.0152 99
-11.1678 0000 73.9806 97
-11.1312 0000 73.9647 98
-11.1008 0000 74.0360 96
-11.0666 0000 74.0543 106
-11.0330 0000 74.0812 136
-10.9975 0000 74.0807 169
-10.9611 0000 74.0682 200
-10.9254 0000 74.0643 227
-10.8903 0000 74.0707 238
-10.8547 0000 74.0685 232
-10.8189 0000 74.0646 211
-10.7847 0000 74.0829 157
-10.7501 0000 74.0961 126
-10.7177 0000 74.1418 124
-10.6832 0000 74.1567 135
-10.6495 0000 74.1837 160
-10.6157 0000 74.2089 169
-10.5820 0000 74.2358 172
-10.5496 0000 74.2816 175
-10.5145 0000 74.2897 171
-10.4809 0000 74.3184 186
-10.4456 0000 74.3214 244
-10.4083 0000 74.2951 287
-10.3709 0000 74.2672 284
-10.3346 0000 74.2564 225
-10.2986 0000 74.2491 181
-10.2627 0000 74.2435 148
-10.2271 0000 74.2430 133
-10.1930 0000 74.2648 127
-10.1556 0000 74.2369 128
-10.1184 0000 74.2107 133
-10.0826 0000 74.2068 152
-10.0473 0000 74.2115 165
-10.0123 0000 74.2196 164
-9.9783 0000 74.2431 162
-9.9429 0000 74.2460 148
-9.9071 0000 74.2421 131
-9.8688 0000 74.1988 117
-9.8324 0000 74.1846 107
-9.7915 0000 74.0985 118
-9.7532 0000 74.0535 141
-9.7193 0000 74.0787 140
-9.6873 0000 74.1365 141
-9.6539 0000 74.1702 140
-9.6196 0000 74.1903 139
-9.5837 0000 74.1847 119
-9.5469 0000 74.1637 100
-9.5108 0000 74.1547 77
-9.4735 0000 74.1251 72
-9.4364 0000 74.0989 77
-9.3999 0000 74.0830 74
-9.3673 0000 74.1322 75
-9.3342 0000 74.1729 92
-9.3013 0000 74.2170 118
-9.2653 0000 74.2096 142
-9.2292 0000 74.2006 147
-9.1935 0000 74.1984 132
-9.1583 0000 74.2048 117
-9.1227 0000 74.2026 129
-9.0852 0000 74.1696 154
-9.0494 0000 74.1640 157
-9.0137 0000 74.1618 144
-8.9792 0000 74.1802 129
-8.9453 0000 74.2089 109
-8.9143 0000 74.2908 118
-8.8814 0000 74.3384 128
-8.8445 0000 74.3139 124
-8.8074 0000 74.2877 121
-8.7703 0000 74.2598 120
-8.7324 0000 74.2164 121
-8.6980 0000 74.2383 123
-8.6625 0000 74.2395 129
-8.6267 0000 74.2356 129
-8.5910 0000 74.2335 125
-8.5564 0000 74.2502 125
-8.5209 0000 74.2514 117
-8.4867 0000 74.2767 113
-8.4524 0000 74.3020 134
-8.4169 0000 74.3033 148
-8.3815 0000 74.3063 138
-8.3445 0000 74.2801 128
-8.3089 0000 74.2796 133
-8.2758 0000 74.3272 144
-8.2390 0000 74.3045 149
-8.2019 0000 74.2749 155
-8.1650 0000 74.2487 153
-8.1280 0000 74.2208 152
-8.0904 0000 74.1809 149
-8.0547 0000 74.1771 132
-8.0190 0000 74.1749 120
-7.9836 0000 74.1779 124
-7.9489 0000 74.1963 125
-7.9136 0000 74.2010 124
-7.8791 0000 74.2229 112
-7.8434 0000 74.2207 113
-7.8063 0000 74.1894 121
-7.7683 0000 74.1393 134
-7.7324 0000 74.1303 141
-7.6969 0000 74.1316 128
-7.6628 0000 74.1620 117
-7.6335 0000 74.2953 104
-7.6006 0000 74.3516 115
-7.5634 0000 74.3185 130
-7.5252 0000 74.2632 136
-7.4882 0000 74.2319 134
-7.4507 0000 74.1903 118
-7.4138 0000 74.1625 95
-7.3768 0000 74.1312 82
-7.3402 0000 74.1068 76
-7.3034 0000 74.0790 72
-7.2663 0000 74.0444 85
-7.2294 0000 74.0149 83
-7.1930 0000 73.9940 86
-7.1573 0000 73.9919 82
-7.1219 0000 73.9932 76
-7.0888 0000 74.0492 74
-7.0558 0000 74.1087 89
-7.0214 0000 74.1357 103
-6.9859 0000 74.1370 119
-6.9513 0000 74.1588 125
-6.9176 0000 74.2030 135
-6.8824 0000 74.2112 144
-6.8478 0000 74.2348 156
-6.8125 0000 74.2412 177
-6.7779 0000 74.2666 188
-6.7441 0000 74.3108 177
-6.7088 0000 74.3173 163
-6.6723 0000 74.2946 149
-6.6362 0000 74.2839 125
-6.5997 0000 74.2612 117
-6.5635 0000 74.2471 104
-6.5298 0000 74.2930 107
-6.4944 0000 74.2995 114
-6.4596 0000 74.3214 128
-6.4247 0000 74.3382 118
-6.3892 0000 74.3413 111
-6.3536 0000 74.3426 111
-6.3180 0000 74.3439 117
-6.2823 0000 74.3401 115
-6.2464 0000 74.3346 111
-6.2102 0000 74.3188 106
-6.1753 0000 74.3373 110
-6.1398 0000 74.3404 106
-6.1043 0000 74.3451 101
-6.0695 0000 74.3671 101
-6.0337 0000 74.3633 102
-5.9971 0000 74.3372 104
-5.9613 0000 74.3317 109
-5.9257 0000 74.3330 105
-5.8911 0000 74.3601 102
-5.8555 0000 74.3615 111
-5.8200 0000 74.3663 119
-5.7859 0000 74.4106 129
-5.7503 0000 74.4120 137
-5.7136 0000 74.3824 146
-5.6771 0000 74.3563 133
-5.6406 0000 74.3284 139
-5.6042 0000 74.3058 154
-5.5685 0000 74.3037 171
-5.5330 0000 74.3068 174
-5.4982 0000 74.3322 179
-5.4633 0000 74.3559 213
-5.4277 0000 74.3573 239
-5.3923 0000 74.3638 257
-5.3574 0000 74.3875 281
-5.3219 0000 74.3924 269
-5.2862 0000 74.3903 236
-5.2506 0000 74.3917 191
-5.2149 0000 74.3913 156
-5.1791 0000 74.3876 134
-5.1434 0000 74.3855 118
-5.1083 0000 74.4041 98
-5.0704 0000 74.3264 83
-5.0339 0000 74.2986 76
-4.9977 0000 74.2777 70
-4.9635 0000 74.3254 78
-4.9282 0000 74.3371 112
-4.8931 0000 74.3574 176
-4.8578 0000 74.3691 195
-4.8221 0000 74.3670 198
-4.7865 0000 74.3702 174
-4.7517 0000 74.4008 149
-4.7175 0000 74.4538 157
-4.6819 0000 74.4569 169
-4.6457 0000 74.4393 186
-4.6101 0000 74.4390 184
-4.5743 0000 74.4370 168
-4.5377 0000 74.3971 152
-4.5018 0000 74.3882 139
-4.4653 0000 74.3569 125
-4.4284 0000 74.3050 118
-4.3926 0000 74.2995 128
-4.3570 0000 74.3009 141
-4.3217 0000 74.3143 141
-4.2860 0000 74.3140 137
-4.2504 0000 74.3154 139
-4.2148 0000 74.3168 169
-4.1793 0000 74.3199 214
-4.1441 0000 74.3385 235
-4.1085 0000 74.3433 263
-4.0730 0000 74.3499 274
-4.0379 0000 74.3719 248
-4.0023 0000 74.3767 222
-3.9671 0000 74.3953 212
-3.9308 0000 74.3692 199
-3.8959 0000 74.4033 208
-3.8597 0000 74.3772 222
-3.8242 0000 74.3854 203
-3.7890 0000 74.4092 198
-3.7536 0000 74.4192 185
-3.7180 0000 74.4223 192
-3.6819 0000 74.4030 172
-3.6460 0000 74.3907 163
-3.6098 0000 74.3628 168
-3.5734 0000 74.3264 168
-3.5381 0000 74.3433 184
-3.5029 0000 74.3653 176
-3.4677 0000 74.3925 176
-3.4323 0000 74.4025 187
-3.3973 0000 74.4417 194
-3.3617 0000 74.4483 196
-3.3262 0000 74.4531 191
-3.2904 0000 74.4511 183
-3.2546 0000 74.4439 176
-3.2188 0000 74.4332 164
-3.1827 0000 74.4105 144
-3.1466 0000 74.3844 135
-3.1104 0000 74.3514 143
-3.0740 0000 74.3047 155
-3.0384 0000 74.3061 147
-3.0036 0000 74.3607 141
-2.9684 0000 74.3931 150
-2.9332 0000 74.4203 174
-2.8982 0000 74.4664 184
-2.8626 0000 74.4730 182
-2.8270 0000 74.4778 181
-2.7913 0000 74.4758 185
-2.7556 0000 74.4737 178
-2.7199 0000 74.4751 167
-2.6845 0000 74.4972 159
-2.6489 0000 74.4986 175
-2.6130 0000 74.4896 205
-2.5770 0000 74.4635 240
-2.5411 0000 74.4442 228
-2.5054 0000 74.4439 206
-2.4697 0000 74.4418 178
-2.4340 0000 74.4398 166
-2.3981 0000 74.4188 180
-2.3624 0000 74.4150 186
-2.3267 0000 74.4164 183
-2.2911 0000 74.4195 166
-2.2553 0000 74.4123 155
-2.2194 0000 74.3879 174
-2.1837 0000 74.3824 173
-2.1478 0000 74.3666 153
-2.1125 0000 74.3990 154
-2.0769 0000 74.4021 153
-2.0412 0000 74.4069 148
-2.0054 0000 74.3877 143
-1.9695 0000 74.3667 165
-1.9339 0000 74.3698 203
-1.8983 0000 74.3747 249
-1.8627 0000 74.3881 265
-1.8272 0000 74.4016 326
-1.7916 0000 74.4098 353
-1.7561 0000 74.4370 337
-1.7205 0000 74.4471 328
-1.6851 0000 74.4829 293
-1.6495 0000 74.4912 263
-1.6139 0000 74.4960 245
-1.5782 0000 74.4974 217
-1.5425 0000 74.5006 188
-1.5069 0000 74.5175 184
-1.4712 0000 74.5189 177
-1.4357 0000 74.5427 156
-1.4000 0000 74.5458 142
-1.3644 0000 74.5645 140
-1.3287 0000 74.5676 127
-1.2932 0000 74.5949 117
-1.2575 0000 74.5963 120
-1.2217 0000 74.5942 121
-1.1860 0000 74.5922 124
-1.1503 0000 74.5867 135
-1.1145 0000 74.5588 149
-1.0788 0000 74.5585 147
-1.0430 0000 74.5357 150
-1.0073 0000 74.5130 153
-0.9715 0000 74.4886 197
-0.9358 0000 74.4676 239
-0.9001 0000 74.4656 278
-0.8645 0000 74.4963 287
-0.8288 0000 74.5080 281
-0.7932 0000 74.5336 243
-0.7575 0000 74.5626 218
-0.7218 0000 74.5829 235
-0.6861 0000 74.5654 216
-0.6504 0000 74.5392 203
-0.6147 0000 74.5096 189
-0.5790 0000 74.4817 231
-0.5433 0000 74.4780 245
-0.5076 0000 74.4846 232
-0.4720 0000 74.5032 221
-0.4363 0000 74.5012 176
-0.4006 0000 74.4733 140
-0.3650 0000 74.4213 136
-0.3294 0000 74.3711 147
-0.2938 0000 74.3399 182
-0.2582 0000 74.3361 190
-0.2226 0000 74.3204 174
-0.1870 0000 74.3098 179
-0.1514 0000 74.2991 190
-0.1158 0000 74.2782 224
-0.0802 0000 74.2779 240
-0.0446 0000 74.2776 244
-0.0089 0000 74.2808 229
0.0268 0000 74.3045 176
0.0627 0000 74.3506 136
0.0986 0000 74.4140 109
0.1346 0000 74.4774 99
0.1704 0000 74.5081 102
0.2062 0000 74.5337 109
0.2420 0000 74.5576 134
0.2779 0000 74.5831 139
0.3136 0000 74.5828 142
0.3491 0000 74.5550 149
0.3846 0000 74.5236 145
0.4201 0000 74.4958 160
0.4558 0000 74.5024 182
0.4916 0000 74.5090 203
0.5275 0000 74.5449 213
0.5633 0000 74.5481 222
0.5990 0000 74.5512 229
0.6347 0000 74.5544 231
0.6705 0000 74.5610 217
0.7062 0000 74.5676 187
0.7421 0000 74.5846 179
0.7779 0000 74.5998 158
0.8137 0000 74.6065 159
0.8497 0000 74.6321 152
0.8856 0000 74.6560 165
0.9217 0000 74.6833 167
0.9577 0000 74.7142 169
0.9935 0000 74.7208 173
1.0293 0000 74.7223 194
1.0650 0000 74.7168 188
1.1007 0000 74.7131 174
1.1367 0000 74.7353 153
1.1727 0000 74.7575 139
1.2078 0000 74.7036 162
1.2432 0000 74.6792 199
1.2787 0000 74.6599 256
1.3144 0000 74.6562 273
1.3501 0000 74.6559 259
1.3859 0000 74.6591 246
1.4220 0000 74.6865 224
1.4584 0000 74.7329 212
1.4943 0000 74.7395 209
1.5299 0000 74.7341 207
1.5654 0000 74.7148 220
1.6012 0000 74.7163 218
1.6373 0000 74.7402 201
1.6734 0000 74.7642 230
1.7092 0000 74.7657 257
1.7450 0000 74.7671 267
1.7808 0000 74.7686 267
1.8168 0000 74.7874 235
1.8527 0000 74.7941 216
1.8886 0000 74.8007 197
1.9251 0000 74.8420 179
1.9609 0000 74.8452 172
1.9967 0000 74.8485 171
2.0330 0000 74.8725 175
2.0687 0000 74.8705 189
2.1041 0000 74.8494 216
2.1398 0000 74.8475 238
2.1757 0000 74.8524 259
2.2119 0000 74.8712 294
2.2474 0000 74.8571 260
2.2832 0000 74.8569 230
2.3190 0000 74.8584 215
2.3556 0000 74.9015 214
2.3917 0000 74.9134 222
2.4283 0000 74.9547 242
2.4642 0000 74.9580 262
2.4999 0000 74.9543 267
2.5352 0000 74.9315 258
2.5705 0000 74.9087 202
2.6053 0000 74.8617 165
2.6409 0000 74.8528 136
2.6767 0000 74.8543 118
2.7130 0000 74.8801 124
2.7498 0000 74.9232 146
2.7863 0000 74.9524 174
2.8231 0000 74.9956 213
2.8591 0000 75.0023 233
2.8950 0000 75.0073 242
2.9314 0000 75.0314 242
2.9674 0000 75.0381 256
3.0038 0000 75.0587 288
3.0395 0000 75.0568 320
3.0748 0000 75.0340 331
3.1099 0000 75.0077 349
3.1455 0000 75.0006 335
3.1809 0000 74.9813 308
3.2167 0000 74.9828 294
3.2530 0000 75.0034 303
3.2888 0000 75.0032 319
3.3241 0000 74.9822 320
3.3597 0000 74.9768 327
3.3956 0000 74.9800 306
3.4322 0000 75.0076 285
3.4693 0000 75.0542 266
3.5053 0000 75.0610 258
3.5417 0000 75.0799 281
3.5774 0000 75.0779 306
3.6122 0000 75.0413 331
3.6478 0000 75.0359 338
3.6835 0000 75.0305 318
3.7187 0000 75.0095 270
3.7537 0000 74.9832 261
3.7894 0000 74.9796 257
3.8251 0000 74.9794 259
3.8617 0000 75.0035 261
3.8976 0000 75.0068 272
3.9334 0000 75.0083 259
3.9692 0000 75.0081 227
4.0048 0000 75.0010 192
4.0394 0000 74.9644 171
4.0737 0000 74.9174 153
4.1087 0000 74.8947 144
4.1435 0000 74.8651 117
4.1776 0000 74.8164 114
4.2131 0000 74.8076 119
4.2488 0000 74.8074 122
4.2847 0000 74.8107 122
4.3214 0000 74.8382 108
4.3579 0000 74.8623 107
4.3945 0000 74.8846 103
4.4302 0000 74.8844 102
4.4651 0000 74.8600 108
4.4996 0000 74.8252 119
4.5342 0000 74.7922 152
4.5685 0000 74.7522 165
4.6028 0000 74.7123 172
4.6367 0000 74.6620 210
4.6720 0000 74.6515 261
4.7065 0000 74.6185 297
4.7416 0000 74.6028 321
4.7756 0000 74.5578 317
4.8100 0000 74.5249 271
4.8449 0000 74.5023 265
4.8803 0000 74.4953 244
4.9157 0000 74.4882 232
4.9572 0000 74.6415 139
4.9992 0000 74.8038 132
5.0394 0000 74.9179 176
5.0746 0000 74.9039 196
5.1097 0000 74.8864 219
5.1453 0000 74.8828 271
5.1810 0000 74.8809 301
5.2167 0000 74.8807 285
5.2528 0000 74.8875 246
5.2887 0000 74.8925 211
5.3242 0000 74.8854 188
5.3588 0000 74.8576 185
5.3935 0000 74.8315 155
5.4291 0000 74.8296 130
5.4657 0000 74.8502 121
5.5027 0000 74.8794 107
5.5400 0000 74.9157 115
5.5772 0000 74.9484 121
5.6140 0000 74.9743 148
5.6507 0000 74.9949 144
5.6872 0000 75.0121 140
5.7247 0000 75.0519 111
5.7634 0000 75.1177 84
5.8025 0000 75.1923 74
5.8412 0000 75.2582 75
5.8781 0000 75.2807 72
5.9136 0000 75.2735 58
5.9481 0000 75.2438 49
5.9815 0000 75.1897 48
6.0161 0000 75.1635 46
6.0530 0000 75.1877 45
0.0000 0000 0.0000 0
6.1492 0000 75.7195 54
6.1848 0000 75.7141 74
6.2195 0000 75.6859 94
6.2551 0000 75.6788 107
6.2899 0000 75.6559 112
6.3161 0000 75.4495 87
6.3415 0000 75.2281 109
6.3766 0000 75.2123 109
6.4124 0000 75.2122 109
6.4482 0000 75.2120 122
6.4835 0000 75.1997 138
6.5200 0000 75.2152 184
6.5555 0000 75.2081 274
6.5912 0000 75.2062 348
6.6274 0000 75.2130 385
6.6633 0000 75.2145 397
6.6988 0000 75.2074 368
6.7329 0000 75.1725 313
6.7668 0000 75.1358 276
6.8006 0000 75.0957 263
6.8345 0000 75.0574 282
6.8700 0000 75.0520 276
6.9057 0000 75.0501 277
6.9462 0000 75.1438 213
6.9827 0000 75.1575 193
7.0227 0000 75.2373 177
7.0641 0000 75.3451 174
7.1039 0000 75.4217 196
7.1395 0000 75.4180 215
7.1752 0000 75.4144 238
7.2109 0000 75.4108 244
7.2463 0000 75.4019 242
7.2817 0000 75.3948 210
7.3179 0000 75.3998 175
7.3554 0000 75.4311 161
7.3942 0000 75.4868 166
7.4332 0000 75.5443 179
7.4707 0000 75.5738 205
7.5082 0000 75.6034 191
7.5468 0000 75.6539 190
7.5861 0000 75.7150 182
7.6238 0000 75.7482 168
7.6597 0000 75.7480 162
7.7367 0000 76.4853 124
7.7717 0000 76.4657 128
7.8081 0000 76.4727 137
7.8301 0000 76.2218 111
7.8627 0000 76.1618 118
7.8991 0000 76.1687 124
7.9388 0000 76.2337 134
7.9780 0000 76.2882 149
8.0200 0000 76.3922 209
8.0554 0000 76.3815 217
8.0917 0000 76.3849 206
8.1290 0000 76.4059 164
8.1667 0000 76.4340 121
8.2046 0000 76.4657 103
8.2410 0000 76.4709 85
8.2799 0000 76.5185 65
8.3179 0000 76.5502 53
8.3525 0000 76.5253 49
8.3870 0000 76.4986 45
8.4214 0000 76.4719 45
8.4558 0000 76.4435 41
8.4899 0000 76.4115 40
8.5260 0000 76.4114 40
8.5690 0000 76.5262 41
8.6069 0000 76.5544 43
8.6447 0000 76.5825 47
8.6773 0000 76.5257 60
8.7103 0000 76.4761 88
8.7461 0000 76.4724 126
8.7823 0000 76.4740 148
8.8197 0000 76.4951 141
8.8574 0000 76.5215 148
8.8944 0000 76.5355 136
8.9331 0000 76.5761 115
8.9711 0000 76.6061 100
9.0091 0000 76.6360 81
9.0503 0000 76.7157 60
9.0977 0000 76.8896 56
9.1374 0000 76.9446 75
9.1745 0000 76.9587 90
9.2078 0000 76.9141 97
9.2404 0000 76.8606 101
9.2742 0000 76.8249 100
9.3084 0000 76.7946 106
9.3418 0000 76.7536 112
9.3771 0000 76.7411 119
9.4130 0000 76.7374 123
9.4496 0000 76.7444 147
9.4859 0000 76.7478 180
9.5222 0000 76.7494 197
9.5584 0000 76.7511 194
9.5962 0000 76.7758 159
9.6358 0000 76.8272 153
9.6759 0000 76.8839 160
9.7136 0000 76.9069 158
9.7515 0000 76.9317 148
9.7874 0000 76.9280 115
9.8194 0000 76.8692 98
9.8515 0000 76.8104 114
9.8870 0000 76.8014 150
9.9225 0000 76.7924 177
9.9583 0000 76.7869 189
9.9945 0000 76.7886 185
10.0309 0000 76.7920 175
10.0677 0000 76.8026 172
10.1069 0000 76.8451 168
10.1439 0000 76.8574 182
10.1802 0000 76.8591 204
10.2163 0000 76.8589 211
10.2539 0000 76.8784 197
10.2939 0000 76.9316 184
10.3323 0000 76.9635 172
10.3702 0000 76.9866 181
10.4061 0000 76.9829 168
10.4413 0000 76.9703 149
10.4755 0000 76.9435 139
10.5103 0000 76.9256 179
10.5473 0000 76.9362 188
10.5818 0000 76.9147 216
10.6177 0000 76.9110 234
10.6553 0000 76.9305 230
10.6902 0000 76.9144 235
10.7245 0000 76.8894 269
10.7603 0000 76.8857 269
10.7969 0000 76.8910 236
10.8358 0000 76.9282 177
10.8731 0000 76.9423 130
10.9110 0000 76.9654 114
10.9505 0000 77.0098 98
10.9898 0000 77.0506 79
11.0397 0000 77.2271 82
11.0810 0000 77.2932 102
11.1211 0000 77.3431 128
11.1595 0000 77.3699 150
11.1982 0000 77.4020 177
11.2385 0000 77.4538 194
11.2754 0000 77.4609 208
11.3119 0000 77.4644 211
11.3483 0000 77.4661 202
11.3845 0000 77.4660 185
11.4206 0000 77.4641 171
11.4569 0000 77.4640 166
11.4953 0000 77.4908 177
11.5334 0000 77.5140 174
11.5703 0000 77.5211 177
11.6084 0000 77.5443 183
11.6448 0000 77.5460 177
11.6811 0000 77.5459 170
11.7169 0000 77.5404 162
11.7491 0000 77.4901 154
11.7846 0000 77.4811 144
11.8168 0000 77.4326 133
11.8525 0000 77.4254 118
11.8843 0000 77.3716 105
11.9179 0000 77.3411 112
11.9521 0000 77.3160 131
11.9875 0000 77.3070 163
12.0216 0000 77.2819 214
12.0575 0000 77.2782 233
12.0944 0000 77.2871 203
12.1314 0000 77.2959 167
12.1689 0000 77.3119 155
12.2073 0000 77.3369 128
12.2777 0000 77.7384 118
12.3159 0000 77.7599 130
12.3525 0000 77.7634 149
12.3891 0000 77.7669 161
12.4257 0000 77.7704 169
12.4621 0000 77.7721 172
12.4987 0000 77.7756 170
12.5353 0000 77.7792 168
12.5719 0000 77.7827 165
12.6101 0000 77.8042 162
12.6485 0000 77.8275 186
12.6849 0000 77.8292 198
12.7214 0000 77.8309 211
12.7598 0000 77.8542 219
12.7983 0000 77.8794 243
12.8369 0000 77.9045 248
12.8735 0000 77.9080 267
12.9101 0000 77.9115 266
12.9487 0000 77.9367 261
12.9876 0000 77.9654 238
13.0267 0000 77.9960 251
13.0640 0000 78.0068 257
13.1039 0000 78.0464 259
13.1401 0000 78.0445 254
13.1763 0000 78.0426 242
13.2105 0000 78.0191 247
13.2466 0000 78.0172 247
13.2833 0000 78.0207 258
13.3216 0000 78.0423 251
13.3566 0000 78.0278 235
13.3928 0000 78.0259 234
13.4291 0000 78.0258 246
13.4634 0000 78.0041 247
13.4979 0000 77.9842 258
13.5361 0000 78.0040 275
13.5746 0000 78.0273 271
13.6112 0000 78.0309 285
13.6477 0000 78.0326 300
13.6847 0000 78.0398 301
13.7233 0000 78.0631 313
13.7613 0000 78.0811 273
13.7954 0000 78.0576 246
13.8284 0000 78.0232 196
13.8572 0000 77.9439 173
13.8886 0000 77.8934 154
13.9221 0000 77.8646 131
13.9558 0000 77.8375 127
13.9912 0000 77.8285 126
14.0269 0000 77.8230 131
14.0635 0000 77.8265 137
14.1038 0000 77.8678 143
14.1434 0000 77.9020 138
14.1860 0000 77.9667 138
14.2281 0000 78.0261 143
14.2657 0000 78.0387 150
14.3047 0000 78.0657 168
14.3433 0000 78.0890 166
14.3817 0000 78.1106 179
14.4188 0000 78.1178 178
14.4574 0000 78.1412 171
14.4939 0000 78.1429 188
14.5319 0000 78.1591 224
14.5687 0000 78.1645 249
14.6074 0000 78.1879 260
14.6441 0000 78.1914 278
14.6805 0000 78.1914 274
14.7160 0000 78.1841 264
14.7482 0000 78.1425 265
14.7837 0000 78.1352 252
14.8176 0000 78.1117 239
14.8536 0000 78.1080 216
14.8899 0000 78.1079 199
14.9264 0000 78.1097 187
14.9630 0000 78.1132 172
14.9999 0000 78.1186 151
15.0362 0000 78.1185 138
15.0721 0000 78.1149 130
15.1081 0000 78.1112 117
15.1445 0000 78.1129 106
15.1808 0000 78.1129 102
15.2166 0000 78.1074 99
15.2481 0000 78.0623 108
15.2840 0000 78.0586 129
15.3203 0000 78.0585 146
15.3558 0000 78.0513 164
15.3887 0000 78.0188 173
15.4192 0000 77.9647 183
15.4514 0000 77.9268 182
15.4812 0000 77.8656 174
15.5141 0000 77.8350 193
15.5486 0000 77.8188 155
15.5766 0000 77.7415 112
15.5993 0000 77.6159 106
15.6331 0000 77.5943 130
15.6671 0000 77.5746 150
15.7021 0000 77.5638 174
15.7350 0000 77.5333 192
15.7702 0000 77.5243 185
15.8028 0000 77.4920 171
15.8378 0000 77.4812 162
15.8733 0000 77.4758 149
15.9095 0000 77.4757 128
15.9452 0000 77.4721 109
15.9770 0000 77.4327 93
16.0122 0000 77.4237 88
16.0471 0000 77.4129 97
16.0789 0000 77.3736 104
16.1144 0000 77.3681 100
16.1499 0000 77.3627 91
16.1850 0000 77.3537 80
16.2197 0000 77.3412 76
16.2584 0000 77.3643 67
16.2923 0000 77.3446 68
16.3272 0000 77.3339 64
16.3631 0000 77.3320 67
16.3998 0000 77.3373 65
16.4385 0000 77.3605 58
16.4783 0000 77.3926 52
16.5150 0000 77.3979 59
16.5509 0000 77.3960 69
16.5868 0000 77.3942 71
16.6229 0000 77.3941 63
16.6582 0000 77.3869 53
16.6914 0000 77.3619 48
16.7240 0000 77.3314 46
16.7597 0000 77.3278 42
16.7962 0000 77.3313 38
16.8389 0000 77.3885 37
16.8847 0000 77.4724 43
16.9212 0000 77.4760 51
16.9569 0000 77.4723 64
16.9870 0000 77.4204 78
17.0214 0000 77.4061 96
17.0527 0000 77.3649 109
17.0880 0000 77.3577 106
17.1268 0000 77.3809 91
17.1658 0000 77.4059 87
17.2023 0000 77.4094 75
17.2358 0000 77.3879 65
17.2656 0000 77.3343 50
17.2713 0000 77.0775 58
17.3048 0000 77.0561 84
17.3382 0000 77.0347 106
17.3698 0000 76.9973 115
17.3994 0000 76.9439 134
17.4339 0000 76.9315 160
17.4683 0000 76.9190 185
17.5009 0000 76.8906 217
17.5321 0000 76.8515 233
17.5668 0000 76.8408 257
17.6027 0000 76.8408 265
17.6389 0000 76.8425 251
17.6776 0000 76.8655 218
17.7176 0000 76.8992 219
17.7568 0000 76.9258 191
17.7945 0000 76.9400 199
17.8315 0000 76.9489 185
17.8681 0000 76.9542 172
17.9040 0000 76.9542 162
17.9400 0000 76.9542 153
17.9757 0000 76.9524 150
18.0090 0000 76.9310 148
18.0388 0000 76.8813 167
18.0716 0000 76.8565 173
18.1009 0000 76.8033 169
18.1315 0000 76.7607 183
18.1641 0000 76.7342 232
18.1993 0000 76.7288 263
18.2380 0000 76.7519 225
18.2801 0000 76.8015 178
18.3273 0000 76.8919 151
18.3683 0000 76.9328 171
18.4056 0000 76.9434 190
18.4457 0000 76.9772 199
18.4823 0000 76.9825 195
18.5184 0000 76.9843 183
18.5487 0000 76.9399 164
18.5816 0000 76.9168 147
18.6103 0000 76.8601 142
18.6400 0000 76.8122 130
18.6673 0000 76.7450 123
18.6990 0000 76.7131 110
18.7314 0000 76.6866 118
18.7634 0000 76.6566 112
18.7957 0000 76.6301 117
18.8292 0000 76.6125 105
18.8641 0000 76.6054 100
18.9015 0000 76.6178 106
18.9386 0000 76.6285 111
18.9767 0000 76.6462 118
19.0125 0000 76.6462 119
19.0506 0000 76.6639 117
19.0875 0000 76.6728 118
19.1242 0000 76.6799 103
19.1662 0000 76.7277 89
19.2030 0000 76.7348 90
19.2413 0000 76.7543 92
19.2747 0000 76.7367 108
19.3108 0000 76.7385 125
19.3463 0000 76.7367 151
19.3814 0000 76.7315 177
19.4164 0000 76.7262 175
19.4515 0000 76.7210 148
19.4844 0000 76.6998 143
19.5194 0000 76.6945 126
19.5561 0000 76.7017 104
19.5959 0000 76.7317 85
19.6352 0000 76.7583 82
19.6686 0000 76.7407 73
19.7031 0000 76.7319 80
19.7329 0000 76.6877 91
19.7645 0000 76.6578 101
19.7981 0000 76.6419 125
19.8275 0000 76.5961 160
19.8632 0000 76.5961 192
19.8992 0000 76.5979 208
19.9310 0000 76.5698 220
19.9625 0000 76.5399 201
19.9975 0000 76.5346 216
20.0312 0000 76.5206 254
20.0656 0000 76.5118 235
20.1003 0000 76.5048 197
20.1311 0000 76.4696 170
20.1640 0000 76.4503 157
20.1984 0000 76.4416 157
20.2341 0000 76.4416 161
20.2699 0000 76.4434 166
20.3055 0000 76.4435 175
20.3416 0000 76.4470 167
20.3770 0000 76.4453 151
20.4116 0000 76.4383 146
20.4450 0000 76.4225 145
20.4803 0000 76.4208 121
20.5137 0000 76.4050 94
20.5480 0000 76.3963 83
20.5819 0000 76.3840 77
20.6172 0000 76.3823 67
20.6540 0000 76.3911 56
20.6989 0000 76.4562 47
20.7425 0000 76.5126 53
20.7783 0000 76.5144 53
20.8134 0000 76.5109 46
20.8487 0000 76.5092 43
20.8924 0000 76.5656 43
20.9328 0000 76.5991 47
20.9682 0000 76.5974 52
21.0033 0000 76.5939 59
21.0383 0000 76.5904 69
21.0711 0000 76.5710 75
21.1067 0000 76.5711 82
21.1454 0000 76.5922 82
21.1815 0000 76.5958 73
21.2410 0000 76.7599 66
21.3024 0000 76.9369 79
21.3378 0000 76.9351 94
21.3734 0000 76.9351 119
21.4088 0000 76.9334 146
21.4409 0000 76.9086 158
21.4760 0000 76.9051 168
21.5075 0000 76.8768 172
21.5384 0000 76.8450 180
21.5727 0000 76.8362 175
21.6010 0000 76.7867 167
21.6316 0000 76.7531 162
21.6591 0000 76.6984 158
21.6871 0000 76.6472 153
21.7095 0000 76.5591 150
21.7330 0000 76.4781 174
21.7609 0000 76.4271 169
21.7914 0000 76.3937 182
21.8240 0000 76.3744 199
21.8595 0000 76.3744 224
21.8976 0000 76.3920 241
21.9347 0000 76.4026 225
21.9734 0000 76.4237 194
22.0123 0000 76.4466 195
22.0473 0000 76.4431 173
22.0818 0000 76.4361 168
22.1154 0000 76.4238 164
22.1474 0000 76.4009 192
22.1821 0000 76.3957 209
22.2176 0000 76.3957 203
22.2536 0000 76.3992 174
22.2915 0000 76.4151 142
22.3276 0000 76.4186 137
22.3636 0000 76.4221 134
22.4018 0000 76.4397 143
22.4389 0000 76.4503 154
22.4755 0000 76.4573 176
22.5077 0000 76.4363 183
22.5383 0000 76.4046 196
22.5697 0000 76.3783 245
22.6036 0000 76.3678 269
22.6344 0000 76.3379 289
22.6658 0000 76.3116 260
22.7010 0000 76.3099 248
22.7367 0000 76.3116 223
