wt=151121322, DLLFiFo=0
-25.2452 0000 89.6996 123
-25.2065 0000 89.7010 137
-25.1685 0000 89.7066 159
-25.1299 0000 89.7080 167
-25.0928 0000 89.7198 140
-25.0539 0000 89.7191 126
-25.0147 0000 89.7164 121
-24.9761 0000 89.7178 128
-24.9375 0000 89.7192 131
-24.8988 0000 89.7206 123
-24.8611 0000 89.7283 113
-24.8255 0000 89.7505 119
-24.7848 0000 89.7373 131
-24.7417 0000 89.7076 148
-24.7013 0000 89.6965 173
-24.6618 0000 89.6917 181
-24.6235 0000 89.6952 177
-24.5849 0000 89.6966 159
-24.5459 0000 89.6960 153
-24.5076 0000 89.6995 179
-24.4710 0000 89.7154 184
-24.4330 0000 89.7210 169
-24.3970 0000 89.7411 155
-24.3581 0000 89.7405 127
-24.3194 0000 89.7419 109
-24.2828 0000 89.7579 119
-24.2457 0000 89.7697 151
-24.2119 0000 89.8065 194
-24.1739 0000 89.8121 237
-24.1341 0000 89.8052 240
-24.0913 0000 89.7775 187
-24.0484 0000 89.7478 172
-24.0086 0000 89.7409 172
-23.9653 0000 89.7091 171
-23.9249 0000 89.6980 153
-23.8866 0000 89.7016 129
-23.8548 0000 89.7529 117
-23.8170 0000 89.7606 112
-23.7781 0000 89.7600 103
-23.7411 0000 89.7739 112
-23.7019 0000 89.7712 131
-23.6609 0000 89.7560 139
-23.6211 0000 89.7492 148
-23.5816 0000 89.7444 144
-23.5421 0000 89.7396 147
-23.5014 0000 89.7265 167
-23.4636 0000 89.7342 148
-23.4272 0000 89.7523 113
-23.3894 0000 89.7600 106
-23.3546 0000 89.7906 103
-23.3215 0000 89.8338 87
-23.2831 0000 89.8373 82
-23.2447 0000 89.8409 87
-23.2088 0000 89.8632 89
-23.1687 0000 89.8543 102
-23.1280 0000 89.8412 118
-23.0890 0000 89.8406 125
-23.0506 0000 89.8442 123
-23.0116 0000 89.8436 133
-22.9718 0000 89.8368 145
-22.9355 0000 89.8571 154
-22.8968 0000 89.8586 117
-22.8553 0000 89.8392 97
-22.8185 0000 89.8554 86
-22.7869 0000 89.9111 85
-22.7493 0000 89.9209 84
-22.7097 0000 89.9162 77
-22.6745 0000 89.9449 74
-22.6428 0000 90.0007 93
-22.6049 0000 90.0085 111
-22.5702 0000 90.0413 119
-22.5300 0000 90.0325 135
-22.4920 0000 90.0403 147
-22.4532 0000 90.0418 164
-22.4158 0000 90.0538 164
-22.3767 0000 90.0533 216
-22.3379 0000 90.0549 312
-22.2991 0000 90.0565 374
-22.2606 0000 90.0601 344
-22.2215 0000 90.0596 255
-22.1819 0000 90.0550 177
-22.1428 0000 90.0545 138
-22.1040 0000 90.0560 115
-22.0654 0000 90.0597 106
-22.0271 0000 90.0655 107
-21.9886 0000 90.0692 106
-21.9534 0000 90.1001 126
-21.9170 0000 90.1205 186
-21.8779 0000 90.1200 214
-21.8393 0000 90.1237 198
-21.8004 0000 90.1253 144
-21.7621 0000 90.1311 104
-21.7245 0000 90.1432 98
-21.6880 0000 90.1637 111
-21.6494 0000 90.1674 110
-21.6072 0000 90.1418 133
-21.5678 0000 90.1393 134
-21.5279 0000 90.1325 123
-21.4836 0000 90.0902 117
-21.4432 0000 90.0793 121
-21.4002 0000 90.0475 124
-21.3598 0000 90.0366 116
-21.3168 0000 90.0048 103
-21.2770 0000 89.9981 103
-21.2391 0000 90.0081 106
-21.2056 0000 90.0536 121
-21.1726 0000 90.1034 132
-21.1412 0000 90.1657 128
-21.1033 0000 90.1758 130
-21.0646 0000 90.1795 136
-21.0255 0000 90.1791 144
-20.9858 0000 90.1745 169
-20.9462 0000 90.1698 207
-20.9053 0000 90.1548 254
-20.8638 0000 90.1355 239
-20.8247 0000 90.1351 236
-20.7858 0000 90.1367 197
-20.7461 0000 90.1321 151
-20.7092 0000 90.1505 137
-20.6741 0000 90.1836 124
-20.6389 0000 90.2167 154
-20.6002 0000 90.2205 155
-20.5603 0000 90.2138 142
-20.5204 0000 90.2071 150
-20.4817 0000 90.2109 150
-20.4435 0000 90.2189 128
-20.4043 0000 90.2184 121
-20.3637 0000 90.2054 130
-20.3240 0000 90.2008 130
-20.2849 0000 90.2004 124
-20.2474 0000 90.2147 129
-20.2097 0000 90.2269 132
-20.1707 0000 90.2286 109
-20.1318 0000 90.2302 97
-20.0926 0000 90.2298 135
-20.0530 0000 90.2252 202
-20.0147 0000 90.2332 206
-19.9760 0000 90.2370 182
-19.9378 0000 90.2450 147
-19.9008 0000 90.2635 128
-19.8623 0000 90.2693 110
-19.8224 0000 90.2626 121
-19.7820 0000 90.2517 152
-19.7419 0000 90.2429 134
-19.7027 0000 90.2425 126
-19.6658 0000 90.2631 147
-19.6276 0000 90.2711 120
-19.5893 0000 90.2791 83
-19.5532 0000 90.3060 86
-19.5168 0000 90.3308 106
-19.4785 0000 90.3388 160
-19.4393 0000 90.3384 200
-19.3985 0000 90.3233 169
-19.3611 0000 90.3397 155
-19.3224 0000 90.3435 151
-19.2834 0000 90.3451 150
-19.2467 0000 90.3679 124
-19.2112 0000 90.4011 127
-19.1752 0000 90.4301 111
-19.1362 0000 90.4318 112
-19.0953 0000 90.4167 123
-19.0531 0000 90.3889 143
-19.0129 0000 90.3801 164
-18.9714 0000 90.3587 224
-18.9312 0000 90.3499 344
-18.8920 0000 90.3495 416
-18.8541 0000 90.3617 396
-18.8165 0000 90.3760 357
-18.7779 0000 90.3819 353
-18.7394 0000 90.3878 312
-18.7015 0000 90.4000 191
-18.6647 0000 90.4227 128
-18.6263 0000 90.4307 103
-18.5889 0000 90.4471 116
-18.5489 0000 90.4404 140
-18.5074 0000 90.4190 138
-18.4680 0000 90.4165 128
-18.4294 0000 90.4224 141
-18.3917 0000 90.4367 176
-18.3553 0000 90.4636 248
-18.3184 0000 90.4863 273
-18.2803 0000 90.4964 273
-18.2414 0000 90.5002 225
-18.2017 0000 90.4956 157
-18.1602 0000 90.4741 114
-18.1212 0000 90.4758 88
-18.0849 0000 90.5049 77
-18.0485 0000 90.5318 83
-18.0085 0000 90.5251 89
-17.9694 0000 90.5268 99
-17.9317 0000 90.5411 105
-17.8975 0000 90.5912 104
-17.8591 0000 90.5992 112
-17.8202 0000 90.6030 118
-17.7826 0000 90.6195 106
-17.7422 0000 90.6085 120
-17.7024 0000 90.6039 115
-17.6623 0000 90.5950 121
-17.6225 0000 90.5904 139
-17.5830 0000 90.5879 125
-17.5432 0000 90.5832 116
-17.5033 0000 90.5765 161
-17.4635 0000 90.5719 201
-17.4246 0000 90.5757 183
-17.3857 0000 90.5794 171
-17.3462 0000 90.5769 155
-17.3054 0000 90.5617 122
-17.2686 0000 90.5866 147
-17.2317 0000 90.6115 136
-17.1945 0000 90.6321 131
-17.1539 0000 90.6190 112
-17.1166 0000 90.6397 155
-17.0789 0000 90.6561 193
-17.0397 0000 90.6578 208
-16.9991 0000 90.6447 215
-16.9600 0000 90.6464 197
-16.9206 0000 90.6460 191
-16.8809 0000 90.6413 202
-16.8417 0000 90.6430 192
-16.8034 0000 90.6531 156
-16.7644 0000 90.6569 133
-16.7250 0000 90.6565 140
-16.6871 0000 90.6708 158
-16.6483 0000 90.6767 223
-16.6099 0000 90.6868 306
-16.5719 0000 90.7012 321
-16.5330 0000 90.7050 310
-16.4940 0000 90.7088 262
-16.4560 0000 90.7231 226
-16.4164 0000 90.7206 187
-16.3774 0000 90.7243 164
-16.3384 0000 90.7281 145
-16.3039 0000 90.7805 138
-16.2668 0000 90.8054 149
-16.2284 0000 90.8156 159
-16.1884 0000 90.8088 169
-16.1470 0000 90.7872 192
-16.1053 0000 90.7615 192
-16.0658 0000 90.7610 186
-16.0268 0000 90.7648 173
-15.9882 0000 90.7728 158
-15.9511 0000 90.7978 149
-15.9122 0000 90.8037 136
-15.8728 0000 90.8032 133
-15.8335 0000 90.8049 128
-15.7937 0000 90.8003 133
-15.7529 0000 90.7850 185
-15.7127 0000 90.7762 305
-15.6726 0000 90.7673 386
-15.6333 0000 90.7690 404
-15.5941 0000 90.7706 344
-15.5543 0000 90.7660 294
-15.5148 0000 90.7655 292
-15.4752 0000 90.7630 299
-15.4350 0000 90.7541 299
-15.3980 0000 90.7812 245
-15.3600 0000 90.7977 208
-15.3228 0000 90.8226 223
-15.2837 0000 90.8264 272
-15.2435 0000 90.8175 274
-15.2033 0000 90.8086 242
-15.1638 0000 90.8082 264
-15.1244 0000 90.8078 297
-15.0845 0000 90.8031 279
-15.0445 0000 90.7963 259
-15.0051 0000 90.7959 251
-14.9658 0000 90.7976 222
-14.9267 0000 90.8014 173
-14.8881 0000 90.8116 132
-14.8522 0000 90.8535 115
-14.8131 0000 90.8573 109
-14.7743 0000 90.8653 104
-14.7371 0000 90.8924 105
-14.6985 0000 90.9026 97
-14.6615 0000 90.9318 130
-14.6223 0000 90.9356 183
-14.5838 0000 90.9479 176
-14.5445 0000 90.9496 169
-14.5052 0000 90.9513 158
-14.4656 0000 90.9509 131
-14.4280 0000 90.9738 101
-14.3874 0000 90.9607 100
-14.3483 0000 90.9645 90
-14.3080 0000 90.9556 108
-14.2680 0000 90.9488 156
-14.2286 0000 90.9505 167
-14.1891 0000 90.9501 136
-14.1494 0000 90.9475 121
-14.1100 0000 90.9492 117
-14.0712 0000 90.9573 123
-14.0323 0000 90.9654 164
-13.9944 0000 90.9862 204
-13.9556 0000 90.9942 215
-13.9160 0000 90.9938 156
-13.8761 0000 90.9892 124
-13.8372 0000 90.9972 155
-13.7988 0000 91.0117 194
-13.7581 0000 90.9964 161
-13.7186 0000 90.9960 151
-13.6819 0000 91.0338 152
-13.6432 0000 91.0440 137
-13.6046 0000 91.0563 130
-13.5655 0000 91.0623 152
-13.5259 0000 91.0618 158
-13.4867 0000 91.0657 143
-13.4450 0000 91.0377 114
-13.4037 0000 91.0139 136
-13.3655 0000 91.0326 146
-13.3264 0000 91.0386 160
-13.2878 0000 91.0509 172
-13.2487 0000 91.0568 231
-13.2088 0000 91.0522 325
-13.1689 0000 91.0475 372
-13.1290 0000 91.0429 329
-13.0888 0000 91.0340 288
-13.0481 0000 91.0187 328
-13.0091 0000 91.0268 254
-12.9702 0000 91.0349 183
-12.9331 0000 91.0685 149
-12.8961 0000 91.1042 130
-12.8574 0000 91.1165 148
-12.8179 0000 91.1182 159
-12.7783 0000 91.1178 147
-12.7390 0000 91.1217 135
-12.7029 0000 91.1702 139
-12.6643 0000 91.1847 157
-12.6253 0000 91.1928 169
-12.5854 0000 91.1881 170
-12.5453 0000 91.1813 164
-12.5057 0000 91.1809 153
-12.4675 0000 91.2018 158
-12.4285 0000 91.2099 143
-12.3896 0000 91.2202 127
-12.3514 0000 91.2411 109
-12.3119 0000 91.2428 98
-12.2739 0000 91.2658 105
-12.2346 0000 91.2697 115
-12.1953 0000 91.2757 121
-12.1561 0000 91.2817 125
-12.1169 0000 91.2876 138
-12.0787 0000 91.3086 175
-12.0393 0000 91.3124 271
-11.9995 0000 91.3099 370
-11.9600 0000 91.3116 391
-11.9203 0000 91.3112 302
-11.8803 0000 91.3045 219
-11.8402 0000 91.2977 185
-11.8008 0000 91.3015 150
-11.7624 0000 91.3203 145
-11.7230 0000 91.3242 136
-11.6839 0000 91.3323 118
-11.6465 0000 91.3660 118
-11.6073 0000 91.3742 146
-11.5677 0000 91.3738 149
-11.5281 0000 91.3755 128
-11.4893 0000 91.3879 125
-11.4501 0000 91.3961 137
-11.4104 0000 91.3957 123
-11.3718 0000 91.4124 115
-11.3318 0000 91.4056 173
-11.2910 0000 91.3881 252
-11.2512 0000 91.3856 260
-11.2112 0000 91.3810 201
-11.1720 0000 91.3870 211
-11.1323 0000 91.3866 222
-11.0939 0000 91.4075 205
-11.0546 0000 91.4135 199
-11.0149 0000 91.4131 175
-10.9754 0000 91.4149 150
-10.9361 0000 91.4209 131
-10.8969 0000 91.4290 131
-10.8575 0000 91.4329 153
-10.8178 0000 91.4325 163
-10.7782 0000 91.4343 160
-10.7389 0000 91.4403 165
-10.6996 0000 91.4463 163
-10.6611 0000 91.4651 166
-10.6219 0000 91.4733 154
-10.5824 0000 91.4772 147
-10.5438 0000 91.4960 124
-10.5049 0000 91.5084 119
-10.4662 0000 91.5251 131
-10.4265 0000 91.5247 125
-10.3859 0000 91.5094 120
-10.3462 0000 91.5090 134
-10.3065 0000 91.5086 133
-10.2670 0000 91.5125 137
-10.2272 0000 91.5100 180
-10.1876 0000 91.5117 248
-10.1486 0000 91.5242 283
-10.1088 0000 91.5216 204
-10.0681 0000 91.5042 126
-10.0318 0000 91.5657 111
-9.9946 0000 91.6102 134
-9.9550 0000 91.6120 143
-9.9158 0000 91.6223 137
-9.8762 0000 91.6240 162
-9.8367 0000 91.6279 213
-9.7967 0000 91.6232 282
-9.7567 0000 91.6164 348
-9.7168 0000 91.6139 403
-9.6772 0000 91.6157 437
-9.6375 0000 91.6153 443
-9.5977 0000 91.6149 404
-9.5573 0000 91.6017 347
-9.5166 0000 91.5821 227
-9.4778 0000 91.6009 193
-9.4381 0000 91.6005 168
-9.3983 0000 91.5980 171
-9.3594 0000 91.6147 170
-9.3198 0000 91.6165 161
-9.2802 0000 91.6182 133
-9.2406 0000 91.6200 121
-9.2010 0000 91.6239 131
-9.1618 0000 91.6342 155
-9.1224 0000 91.6402 176
-9.0824 0000 91.6334 178
-9.0436 0000 91.6522 167
-9.0053 0000 91.6818 204
-8.9656 0000 91.6814 225
-8.9256 0000 91.6768 211
-8.8856 0000 91.6721 182
-8.8453 0000 91.6589 180
-8.8054 0000 91.6563 154
-8.7655 0000 91.6517 140
-8.7253 0000 91.6427 140
-8.6852 0000 91.6338 129
-8.6443 0000 91.6099 139
-8.6039 0000 91.5945 128
-8.5642 0000 91.5963 115
-8.5254 0000 91.6152 94
-8.4860 0000 91.6233 84
-8.4477 0000 91.6529 85
-8.4080 0000 91.6546 86
-8.3686 0000 91.6607 97
-8.3301 0000 91.6881 115
-8.2914 0000 91.7113 150
-8.2517 0000 91.7130 156
-8.2112 0000 91.6955 142
-8.1720 0000 91.7080 152
-8.1326 0000 91.7162 153
-8.0940 0000 91.7415 144
-8.0543 0000 91.7432 132
-8.0145 0000 91.7429 108
-7.9750 0000 91.7489 101
-7.9355 0000 91.7528 110
-7.8966 0000 91.7738 128
-7.8574 0000 91.7863 137
-7.8178 0000 91.7924 134
-7.7776 0000 91.7813 118
-7.7377 0000 91.7788 118
-7.6979 0000 91.7784 138
-7.6579 0000 91.7716 156
-7.6175 0000 91.7562 151
-7.5778 0000 91.7580 157
-7.5389 0000 91.7790 188
-7.4995 0000 91.7894 227
-7.4597 0000 91.7890 250
-7.4196 0000 91.7801 220
-7.3804 0000 91.7947 151
-7.3409 0000 91.8008 133
-7.3012 0000 91.8025 160
-7.2614 0000 91.8043 166
-7.2216 0000 91.8018 139
-7.1809 0000 91.7800 137
-7.1420 0000 91.8011 115
-7.1035 0000 91.8372 117
-7.0641 0000 91.8454 129
-7.0251 0000 91.8665 143
-6.9855 0000 91.8725 167
-6.9457 0000 91.8722 168
-6.9060 0000 91.8761 177
-6.8663 0000 91.8800 204
-6.8266 0000 91.8818 235
-6.7869 0000 91.8858 299
-6.7472 0000 91.8876 384
-6.7079 0000 91.9022 380
-6.6681 0000 91.9040 350
-6.6283 0000 91.9037 302
-6.5884 0000 91.9012 238
-6.5481 0000 91.8879 182
-6.5095 0000 91.9241 135
-6.4703 0000 91.9409 138
-6.4309 0000 91.9534 166
-6.3917 0000 91.9724 193
-6.3520 0000 91.9785 206
-6.3127 0000 91.9932 214
-6.2729 0000 91.9950 198
-6.2325 0000 91.9775 163
-6.1918 0000 91.9513 119
-6.1517 0000 91.9446 112
-6.1120 0000 91.9464 100
-6.0727 0000 91.9632 92
-6.0329 0000 91.9671 81
-5.9946 0000 92.0141 78
-5.9548 0000 92.0159 79
-5.9159 0000 92.0478 80
-5.8761 0000 92.0518 94
-5.8357 0000 92.0321 114
-5.7959 0000 92.0339 116
-5.7560 0000 92.0335 121
-5.7159 0000 92.0267 124
-5.6761 0000 92.0264 123
-5.6363 0000 92.0304 127
-5.5965 0000 92.0322 149
-5.5569 0000 92.0404 172
-5.5171 0000 92.0444 166
-5.4771 0000 92.0398 140
-5.4372 0000 92.0394 137
-5.3974 0000 92.0412 151
-5.3580 0000 92.0581 146
-5.3184 0000 92.0685 149
-5.2787 0000 92.0746 153
-5.2393 0000 92.0937 183
-5.1997 0000 92.1019 194
-5.1598 0000 92.1038 186
-5.1199 0000 92.1013 164
-5.0799 0000 92.0988 154
-5.0400 0000 92.0984 160
-5.0002 0000 92.1003 155
-4.9604 0000 92.1021 162
-4.9200 0000 92.0824 162
-4.8799 0000 92.0734 174
-4.8399 0000 92.0709 195
-4.8002 0000 92.0771 207
-4.7605 0000 92.0853 218
-4.7213 0000 92.1151 232
-4.6816 0000 92.1213 213
-4.6417 0000 92.1209 175
-4.6017 0000 92.1184 187
-4.5618 0000 92.1181 254
-4.5218 0000 92.1135 331
-4.4814 0000 92.0895 393
-4.4413 0000 92.0784 398
-4.4012 0000 92.0694 337
-4.3613 0000 92.0691 279
-4.3218 0000 92.0860 309
-4.2819 0000 92.0878 295
-4.2418 0000 92.0767 202
-4.2018 0000 92.0699 144
-4.1622 0000 92.0825 127
-4.1223 0000 92.0843 116
-4.0826 0000 92.0926 115
-4.0433 0000 92.1202 149
-4.0035 0000 92.1285 217
-3.9637 0000 92.1303 225
-3.9237 0000 92.1278 197
-3.8837 0000 92.1232 194
-3.8442 0000 92.1444 186
-3.8049 0000 92.1742 191
-3.7653 0000 92.1911 172
-3.7256 0000 92.2080 165
-3.6864 0000 92.2487 175
-3.6464 0000 92.2440 188
-3.6064 0000 92.2372 176
-3.5665 0000 92.2412 146
-3.5264 0000 92.2301 145
-3.4864 0000 92.2254 134
-3.4465 0000 92.2251 106
-3.4071 0000 92.2614 93
-3.3677 0000 92.2891 119
-3.3277 0000 92.2910 129
-3.2879 0000 92.2993 132
-3.2483 0000 92.3227 126
-3.2085 0000 92.3331 123
-3.1687 0000 92.3371 115
-3.1286 0000 92.3325 109
-3.0885 0000 92.3213 114
-3.0484 0000 92.3080 141
-3.0082 0000 92.2883 197
-2.9681 0000 92.2750 323
-2.9281 0000 92.2704 381
-2.8881 0000 92.2657 364
-2.8482 0000 92.2697 310
-2.8086 0000 92.2953 243
-2.7687 0000 92.3014 216
-2.7288 0000 92.3032 237
-2.6889 0000 92.3051 283
-2.6490 0000 92.3090 323
-2.6091 0000 92.3173 342
-2.5692 0000 92.3235 354
-2.5294 0000 92.3296 328
-2.4895 0000 92.3401 313
-2.4497 0000 92.3527 366
-2.4098 0000 92.3589 286
-2.3695 0000 92.3240 240
-2.3295 0000 92.3150 246
-2.2896 0000 92.3190 276
-2.2496 0000 92.3230 303
-2.2097 0000 92.3205 288
-2.1697 0000 92.3159 244
-2.1298 0000 92.3242 213
-2.0899 0000 92.3347 195
-2.0499 0000 92.3300 168
-2.0100 0000 92.3275 155
-1.9701 0000 92.3358 174
-1.9303 0000 92.3657 212
-1.8904 0000 92.3697 233
-1.8505 0000 92.3759 202
-1.8105 0000 92.3777 163
-1.7706 0000 92.3796 141
-1.7307 0000 92.3900 126
-1.6909 0000 92.4157 132
-1.6509 0000 92.4218 142
-1.6111 0000 92.4409 136
-1.5711 0000 92.4471 136
-1.5312 0000 92.4619 154
-1.4913 0000 92.4876 190
-1.4514 0000 92.5089 161
-1.4115 0000 92.5172 139
-1.3715 0000 92.5190 108
-1.3315 0000 92.5231 88
-1.2915 0000 92.5292 95
-1.2516 0000 92.5570 128
-1.2117 0000 92.5762 164
-1.1716 0000 92.5694 210
-1.1316 0000 92.5626 215
-1.0916 0000 92.5471 175
-1.0516 0000 92.5489 154
-1.0116 0000 92.5638 153
-0.9716 0000 92.5656 153
-0.9316 0000 92.5740 154
-0.8916 0000 92.5823 149
-0.8516 0000 92.5820 147
-0.8116 0000 92.5730 156
-0.7715 0000 92.5532 181
-0.7315 0000 92.5702 157
-0.6915 0000 92.5655 158
-0.6515 0000 92.5241 181
-0.6115 0000 92.5389 226
-0.5715 0000 92.5408 242
-0.5315 0000 92.5426 249
-0.4915 0000 92.5575 227
-0.4515 0000 92.5636 203
-0.4115 0000 92.5460 154
-0.3715 0000 92.5262 144
-0.3315 0000 92.5648 159
-0.2914 0000 92.5732 190
-0.2514 0000 92.5793 200
-0.2114 0000 92.5855 172
-0.1713 0000 92.6047 154
-0.1312 0000 92.6347 126
-0.0911 0000 92.6496 118
-0.0510 0000 92.6817 131
-0.0108 0000 92.7074 127
0.0292 0000 92.7050 138
0.0692 0000 92.6916 157
0.1091 0000 92.6696 169
0.1491 0000 92.6671 182
0.1891 0000 92.6646 181
0.2291 0000 92.6621 180
0.2692 0000 92.6618 189
0.3092 0000 92.6615 209
0.3492 0000 92.6590 247
0.3891 0000 92.6392 338
0.4291 0000 92.6280 427
0.4691 0000 92.6255 453
0.5091 0000 92.6295 367
0.5492 0000 92.6379 275
0.5893 0000 92.6462 240
0.6294 0000 92.6567 220
0.6697 0000 92.7019 187
0.7099 0000 92.7124 152
0.7500 0000 92.7208 127
0.7902 0000 92.7487 120
0.8303 0000 92.7483 119
0.8703 0000 92.7437 121
0.9100 0000 92.7108 108
0.9500 0000 92.7040 132
0.9900 0000 92.6993 203
1.0299 0000 92.6903 284
1.0699 0000 92.6835 344
1.1098 0000 92.6701 358
1.1498 0000 92.6698 374
1.1899 0000 92.6738 339
1.2300 0000 92.6887 307
1.2701 0000 92.6905 265
1.3102 0000 92.6967 239
1.3503 0000 92.7028 208
1.3904 0000 92.7068 170
1.4305 0000 92.7152 156
1.4708 0000 92.7344 164
1.5109 0000 92.7427 144
1.5512 0000 92.7641 143
1.5913 0000 92.7681 174
1.6314 0000 92.7764 202
1.6716 0000 92.7869 241
1.7121 0000 92.8191 246
1.7523 0000 92.8275 209
1.7926 0000 92.8445 192
1.8329 0000 92.8637 223
1.8728 0000 92.8525 211
1.9129 0000 92.8566 222
1.9530 0000 92.8584 220
1.9930 0000 92.8537 191
2.0332 0000 92.8642 169
2.0733 0000 92.8682 134
2.1135 0000 92.8722 118
2.1539 0000 92.8980 113
2.1942 0000 92.9085 129
2.2347 0000 92.9342 159
2.2744 0000 92.9165 150
2.3145 0000 92.9184 154
2.3547 0000 92.9245 169
2.3948 0000 92.9242 203
2.4353 0000 92.9521 244
2.4755 0000 92.9583 252
2.5158 0000 92.9667 227
2.5561 0000 92.9794 191
2.5963 0000 92.9899 165
2.6364 0000 92.9896 160
2.6764 0000 92.9827 160
2.7164 0000 92.9802 169
2.7565 0000 92.9799 189
2.7965 0000 92.9774 213
2.8365 0000 92.9705 223
2.8764 0000 92.9636 199
2.9163 0000 92.9546 165
2.9564 0000 92.9586 151
2.9974 0000 92.9996 152
3.0381 0000 93.0319 188
3.0787 0000 93.0533 193
3.1189 0000 93.0574 194
3.1597 0000 93.0897 177
3.2003 0000 93.1133 177
3.2403 0000 93.1108 176
3.2805 0000 93.1148 172
3.3208 0000 93.1232 149
3.3612 0000 93.1338 125
3.4020 0000 93.1618 124
3.4421 0000 93.1636 135
3.4824 0000 93.1720 170
3.5227 0000 93.1782 190
3.5628 0000 93.1779 168
3.6029 0000 93.1754 141
3.6435 0000 93.1947 125
3.6836 0000 93.1943 134
3.7232 0000 93.1722 164
3.7632 0000 93.1675 188
3.8032 0000 93.1628 201
3.8431 0000 93.1538 189
3.8826 0000 93.1316 179
3.9226 0000 93.1269 144
3.9632 0000 93.1462 111
4.0036 0000 93.1546 113
4.0445 0000 93.1870 118
4.0847 0000 93.1889 132
4.1249 0000 93.1907 143
4.1653 0000 93.1991 141
4.2062 0000 93.2293 156
4.2457 0000 93.2050 162
4.2852 0000 93.1850 180
4.3243 0000 93.1498 215
4.3637 0000 93.1255 219
4.4042 0000 93.1361 246
4.4446 0000 93.1467 220
4.4853 0000 93.1681 177
4.5273 0000 93.2289 161
4.5680 0000 93.2482 162
4.6095 0000 93.2937 153
4.6501 0000 93.3065 141
4.6905 0000 93.3149 132
4.7314 0000 93.3386 130
4.7723 0000 93.3645 106
4.8128 0000 93.3730 94
4.8538 0000 93.3989 84
4.8933 0000 93.3789 73
4.9342 0000 93.4004 70
4.9743 0000 93.4001 66
5.0145 0000 93.3998 84
5.0553 0000 93.4192 93
5.0956 0000 93.4232 96
5.1368 0000 93.4513 105
5.1772 0000 93.4576 113
5.2176 0000 93.4660 120
5.2580 0000 93.4701 127
5.2981 0000 93.4698 125
5.3383 0000 93.4694 126
5.3786 0000 93.4735 133
5.4192 0000 93.4841 124
5.4605 0000 93.5145 111
5.5015 0000 93.5361 129
5.5416 0000 93.5336 126
5.5818 0000 93.5332 108
5.6220 0000 93.5351 98
5.6623 0000 93.5370 94
5.7027 0000 93.5411 94
5.7431 0000 93.5473 102
5.7840 0000 93.5667 121
5.8245 0000 93.5730 126
5.8655 0000 93.5946 125
5.9059 0000 93.5987 133
5.9463 0000 93.6028 133
5.9873 0000 93.6244 132
6.0278 0000 93.6306 155
6.0683 0000 93.6391 198
6.1087 0000 93.6432 256
6.1491 0000 93.6473 302
6.1894 0000 93.6492 326
6.2298 0000 93.6532 320
6.2706 0000 93.6683 256
6.3120 0000 93.6965 243
6.3535 0000 93.7269 213
6.3940 0000 93.7332 214
6.4342 0000 93.7329 229
6.4745 0000 93.7326 238
6.5146 0000 93.7301 231
6.5548 0000 93.7298 205
6.5950 0000 93.7295 175
6.6343 0000 93.7073 182
6.6743 0000 93.7026 206
6.7142 0000 93.6935 245
6.7537 0000 93.6779 281
6.7924 0000 93.6425 295
6.8322 0000 93.6334 295
6.8723 0000 93.6309 327
6.9127 0000 93.6350 389
6.9530 0000 93.6369 411
6.9932 0000 93.6366 360
7.0338 0000 93.6451 278
7.0752 0000 93.6711 212
7.1169 0000 93.7037 211
7.1574 0000 93.7100 204
7.1976 0000 93.7097 196
7.2380 0000 93.7138 171
7.2794 0000 93.7399 171
7.3210 0000 93.7681 157
7.3619 0000 93.7832 164
7.4031 0000 93.8027 183
7.4435 0000 93.8068 167
7.4836 0000 93.8043 129
7.5229 0000 93.7843 147
7.5629 0000 93.7796 172
7.6032 0000 93.7815 206
7.6430 0000 93.7724 242
7.6828 0000 93.7634 252
7.7232 0000 93.7675 231
7.7639 0000 93.7760 198
7.8048 0000 93.7889 165
7.8462 0000 93.8127 149
7.8865 0000 93.8147 127
7.9264 0000 93.8078 107
7.9663 0000 93.8009 88
8.0067 0000 93.8050 83
8.0473 0000 93.8113 89
8.0876 0000 93.8133 99
8.1279 0000 93.8152 112
8.1693 0000 93.8369 125
8.2099 0000 93.8432 158
8.2503 0000 93.8473 185
8.2907 0000 93.8492 196
8.3304 0000 93.8401 192
8.3704 0000 93.8355 179
8.4105 0000 93.8330 159
8.4511 0000 93.8393 134
8.4938 0000 93.8852 123
8.5344 0000 93.8915 121
8.5750 0000 93.8978 118
8.6154 0000 93.9020 130
8.6547 0000 93.8841 113
8.6963 0000 93.9080 127
8.7381 0000 93.9363 116
8.7787 0000 93.9426 110
8.8193 0000 93.9490 107
8.8610 0000 93.9751 112
8.9014 0000 93.9770 111
8.9430 0000 94.0010 120
8.9835 0000 94.0051 143
9.0236 0000 94.0026 162
9.0637 0000 94.0001 168
9.1027 0000 93.9779 147
9.1425 0000 93.9688 142
9.1825 0000 93.9641 140
9.2231 0000 93.9705 129
9.2649 0000 93.9966 124
9.3051 0000 93.9963 123
9.3454 0000 93.9961 132
9.3862 0000 94.0046 157
9.4269 0000 94.0131 187
9.4685 0000 94.0349 169
9.5091 0000 94.0412 157
9.5506 0000 94.0608 161
9.5913 0000 94.0671 138
9.6306 0000 94.0514 140
9.6711 0000 94.0556 218
9.7118 0000 94.0619 341
9.7519 0000 94.0595 490
9.7918 0000 94.0526 574
9.8316 0000 94.0457 560
9.8716 0000 94.0410 492
9.9122 0000 94.0452 369
9.9528 0000 94.0515 247
9.9942 0000 94.0689 168
10.0349 0000 94.0752 155
10.0751 0000 94.0750 169
10.1153 0000 94.0725 173
10.1562 0000 94.0833 166
10.1961 0000 94.0764 141
10.2335 0000 94.0321 120
10.2751 0000 94.0516 100
10.3160 0000 94.0624 91
10.3566 0000 94.0665 107
10.3968 0000 94.0663 120
10.4372 0000 94.0682 125
10.4774 0000 94.0658 121
10.5179 0000 94.0699 111
10.5602 0000 94.1005 119
10.6002 0000 94.0958 112
10.6388 0000 94.0713 138
10.6788 0000 94.0667 152
10.7186 0000 94.0598 140
10.7592 0000 94.0640 124
10.7996 0000 94.0659 131
10.8391 0000 94.0546 141
10.8778 0000 94.0324 141
10.9178 0000 94.0277 147
10.9582 0000 94.0296 145
10.9987 0000 94.0338 160
11.0387 0000 94.0291 180
11.0786 0000 94.0245 198
11.1194 0000 94.0330 224
11.1604 0000 94.0438 247
11.2007 0000 94.0435 242
11.2405 0000 94.0367 212
11.2802 0000 94.0298 191
11.3202 0000 94.0252 176
11.3604 0000 94.0249 162
11.4011 0000 94.0312 169
11.4421 0000 94.0420 182
11.4853 0000 94.0836 189
11.5262 0000 94.0922 209
11.5669 0000 94.0985 230
11.6078 0000 94.1071 229
11.6509 0000 94.1465 204
11.6918 0000 94.1551 175
11.7323 0000 94.1592 150
11.7726 0000 94.1590 136
11.8125 0000 94.1543 140
11.8521 0000 94.1452 151
11.8896 0000 94.1075 156
11.9295 0000 94.1028 149
11.9698 0000 94.1026 146
12.0102 0000 94.1045 146
12.0522 0000 94.1285 137
12.0931 0000 94.1371 106
12.1330 0000 94.1324 95
12.1737 0000 94.1388 105
12.2165 0000 94.1716 115
12.2602 0000 94.2177 144
12.3009 0000 94.2240 184
12.3412 0000 94.2238 208
12.3811 0000 94.2191 199
12.4188 0000 94.1858 173
12.4584 0000 94.1767 144
12.4971 0000 94.1566 124
12.5333 0000 94.1035 127
12.5735 0000 94.1032 139
12.6144 0000 94.1118 144
12.6561 0000 94.1313 164
12.6963 0000 94.1311 173
12.7379 0000 94.1485 156
12.7790 0000 94.1592 161
12.8199 0000 94.1678 171
12.8615 0000 94.1852 195
12.9031 0000 94.2026 176
12.9434 0000 94.2023 170
12.9836 0000 94.2021 160
13.0238 0000 94.2018 157
13.0628 0000 94.1861 184
13.1030 0000 94.1859 186
13.1430 0000 94.1834 196
13.1822 0000 94.1699 211
13.2236 0000 94.1851 221
13.2655 0000 94.2047 270
13.3057 0000 94.2044 307
13.3459 0000 94.2042 342
13.3863 0000 94.2061 366
13.4268 0000 94.2103 398
13.4679 0000 94.2210 409
13.5087 0000 94.2274 353
13.5489 0000 94.2271 278
13.5891 0000 94.2269 205
13.6289 0000 94.2222 148
13.6691 0000 94.2219 143
13.7104 0000 94.2349 168
13.7527 0000 94.2589 185
13.7934 0000 94.2653 198
13.8355 0000 94.2871 191
13.8766 0000 94.2979 150
13.9172 0000 94.3020 121
13.9576 0000 94.3040 111
13.9980 0000 94.3059 114
14.0382 0000 94.3056 110
14.0782 0000 94.3032 110
14.1182 0000 94.3007 119
14.1588 0000 94.3048 126
14.1992 0000 94.3068 134
14.2394 0000 94.3065 137
14.2809 0000 94.3217 155
14.3207 0000 94.3170 163
14.3596 0000 94.3013 144
14.3993 0000 94.2967 137
14.4374 0000 94.2721 150
14.4750 0000 94.2432 168
14.5158 0000 94.2495 184
14.5565 0000 94.2559 183
14.5987 0000 94.2777 177
14.6422 0000 94.3149 124
14.6885 0000 94.3831 97
14.7314 0000 94.4137 93
14.7716 0000 94.4135 92
14.8096 0000 94.3889 105
14.8498 0000 94.3886 115
14.8898 0000 94.3862 138
14.9313 0000 94.4014 154
14.9701 0000 94.3856 160
15.0101 0000 94.3831 168
15.0507 0000 94.3873 175
15.0923 0000 94.4025 195
15.1328 0000 94.4066 185
15.1734 0000 94.4108 169
15.2138 0000 94.4127 156
15.2531 0000 94.4036 151
15.2935 0000 94.4055 125
15.3333 0000 94.4009 96
15.3747 0000 94.4138 80
15.4146 0000 94.4114 67
15.4500 0000 94.3603 66
15.4900 0000 94.3578 70
15.5351 0000 94.4105 78
15.5777 0000 94.4368 92
15.6167 0000 94.4233 103
15.6570 0000 94.4252 105
15.6988 0000 94.4426 112
15.7398 0000 94.4511 110
15.7806 0000 94.4575 96
15.8206 0000 94.4550 80
15.8607 0000 94.4547 71
15.8981 0000 94.4257 66
15.9370 0000 94.4122 62
15.9769 0000 94.4097 65
16.0175 0000 94.4139 73
16.0557 0000 94.3937 83
16.0956 0000 94.3912 104
16.1372 0000 94.4064 123
16.1771 0000 94.4039 174
16.2155 0000 94.3860 212
16.2554 0000 94.3835 238
16.2951 0000 94.3788 252
16.3344 0000 94.3697 252
16.3727 0000 94.3518 263
16.4135 0000 94.3581 238
16.4558 0000 94.3799 186
16.4985 0000 94.4061 177
16.5393 0000 94.4125 177
16.5821 0000 94.4387 171
16.6231 0000 94.4472 175
16.6656 0000 94.4713 188
16.7057 0000 94.4710 180
16.7454 0000 94.4663 174
16.7855 0000 94.4660 170
16.8263 0000 94.4723 159
16.8651 0000 94.4588 156
16.9047 0000 94.4541 142
16.9437 0000 94.4428 140
16.9811 0000 94.4160 147
17.0208 0000 94.4113 182
17.0609 0000 94.4110 221
17.1016 0000 94.4173 226
17.1419 0000 94.4193 210
17.1818 0000 94.4168 207
17.2242 0000 94.4385 204
17.2663 0000 94.4581 231
17.3069 0000 94.4623 233
17.3475 0000 94.4664 223
17.3889 0000 94.4794 221
17.4318 0000 94.5056 232
17.4698 0000 94.4854 291
17.5090 0000 94.4763 299
17.5488 0000 94.4738 291
17.5892 0000 94.4757 315
17.6293 0000 94.4754 341
17.6696 0000 94.4773 337
17.7101 0000 94.4814 303
17.7509 0000 94.4878 265
17.7912 0000 94.4897 221
17.8335 0000 94.5093 181
17.8764 0000 94.5355 133
17.9174 0000 94.5441 122
17.9606 0000 94.5725 128
17.9988 0000 94.5545 125
18.0418 0000 94.5808 142
18.0845 0000 94.6048 135
18.1253 0000 94.6112 130
18.1657 0000 94.6131 124
18.2060 0000 94.6150 119
18.2490 0000 94.6413 115
18.2899 0000 94.6476 111
18.3307 0000 94.6539 115
18.3708 0000 94.6537 106
18.4129 0000 94.6711 98
18.4527 0000 94.6686 108
18.4938 0000 94.6771 117
18.5356 0000 94.6923 131
18.5762 0000 94.6965 131
18.6159 0000 94.6917 119
18.6560 0000 94.6914 119
18.6963 0000 94.6934 120
18.7367 0000 94.6953 122
18.7765 0000 94.6928 132
18.8166 0000 94.6925 140
18.8595 0000 94.7165 146
18.9026 0000 94.7428 121
18.9439 0000 94.7536 116
18.9873 0000 94.7822 133
19.0305 0000 94.8085 119
19.0716 0000 94.8171 102
19.1150 0000 94.8456 100
19.1549 0000 94.8431 96
19.1909 0000 94.8073 89
19.2244 0000 94.7494 96
19.2640 0000 94.7447 106
19.3051 0000 94.7532 117
19.3457 0000 94.7574 140
19.3858 0000 94.7571 173
19.4267 0000 94.7634 202
19.4676 0000 94.7698 224
19.5095 0000 94.7850 256
19.5501 0000 94.7892 245
19.5918 0000 94.8022 197
19.6329 0000 94.8108 180
19.6738 0000 94.8172 184
19.7144 0000 94.8213 185
19.7548 0000 94.8233 176
19.7954 0000 94.8274 159
19.8353 0000 94.8249 136
19.8756 0000 94.8269 118
19.9157 0000 94.8266 106
19.9579 0000 94.8441 103
19.9980 0000 94.8438 104
20.0381 0000 94.8435 118
20.0761 0000 94.8255 120
20.1159 0000 94.8230 135
20.1560 0000 94.8227 146
20.1961 0000 94.8225 160
20.2362 0000 94.8222 180
20.2760 0000 94.8197 191
20.3161 0000 94.8194 196
20.3594 0000 94.8458 212
20.4030 0000 94.8744 177
20.4445 0000 94.8852 149
20.4887 0000 94.9182 122
20.5364 0000 94.9802 103
20.5776 0000 94.9888 109
20.6216 0000 95.0197 116
20.6628 0000 95.0283 135
20.7026 0000 95.0258 155
20.7425 0000 95.0233 159
20.7826 0000 95.0231 145
20.8233 0000 95.0272 140
20.8639 0000 95.0314 145
20.9046 0000 95.0356 147
20.9503 0000 95.0798 144
20.9912 0000 95.0863 146
21.0319 0000 95.0904 152
21.0726 0000 95.0946 154
21.1135 0000 95.1011 145
21.1570 0000 95.1275 144
21.1983 0000 95.1362 134
21.2384 0000 95.1359 121
21.2791 0000 95.1401 115
21.3195 0000 95.1421 114
21.3593 0000 95.1396 105
21.3992 0000 95.1371 95
21.4424 0000 95.1613 103
21.4862 0000 95.1900 104
21.5275 0000 95.1987 119
21.5705 0000 95.2207 119
21.6111 0000 95.2249 124
21.6518 0000 95.2291 133
21.6920 0000 95.2289 143
21.7324 0000 95.2308 148
21.7733 0000 95.2373 141
21.8195 0000 95.2838 132
21.8611 0000 95.2947 135
21.9018 0000 95.2989 151
21.9419 0000 95.2986 178
21.9820 0000 95.2984 201
22.0224 0000 95.3004 201
22.0628 0000 95.3023 182
22.1032 0000 95.3043 170
22.1433 0000 95.3041 161
22.1837 0000 95.3061 137
22.2271 0000 95.3303 117
22.2675 0000 95.3323 94
22.3143 0000 95.3833 85
22.3556 0000 95.3920 93
22.3975 0000 95.4051 97
22.4403 0000 95.4250 103
22.4851 0000 95.4604 117
22.5282 0000 95.4825 141
22.5707 0000 95.5001 115
22.6123 0000 95.5110 105
22.6539 0000 95.5219 109
22.6971 0000 95.5440 118
22.7372 0000 95.5437 111
22.7749 0000 95.5256 96
22.8216 0000 95.5745 89
22.8620 0000 95.5765 81
22.8979 0000 95.5450 86
22.9374 0000 95.5402 92
22.9781 0000 95.5445 92
23.0188 0000 95.5487 84
23.0622 0000 95.5730 75
23.1060 0000 95.5995 76
23.1467 0000 95.6038 69
23.1877 0000 95.6102 68
23.2317 0000 95.6390 72
23.2718 0000 95.6388 81
23.3122 0000 95.6408 86
23.3557 0000 95.6651 97
23.3961 0000 95.6671 105
23.4337 0000 95.6490 107
23.4771 0000 95.6733 120
23.5175 0000 95.6753 126
23.5610 0000 95.6996 129
23.6027 0000 95.7106 142
23.6440 0000 95.7193 147
23.6840 0000 95.7190 146
23.7244 0000 95.7210 155
23.7658 0000 95.7297 167
23.8064 0000 95.7339 157
23.8462 0000 95.7315 137
23.8853 0000 95.7245 115
23.9282 0000 95.7444 98
23.9730 0000 95.7777 83
24.0137 0000 95.7819 88
24.0531 0000 95.7772 90
24.0916 0000 95.7658 95
24.1291 0000 95.7477 113
24.1695 0000 95.7497 115
24.2092 0000 95.7472 107
24.2493 0000 95.7469 109
24.2899 0000 95.7512 122
24.3300 0000 95.7509 136
24.3700 0000 95.7507 145
24.4130 0000 95.7706 126
24.4536 0000 95.7748 109
24.4937 0000 95.7746 96
24.5340 0000 95.7766 98
24.5741 0000 95.7764 113
24.6148 0000 95.7806 123
24.6554 0000 95.7848 122
24.6955 0000 95.7846 123
24.7358 0000 95.7866 134
24.7768 0000 95.7931 140
24.8169 0000 95.7928 133
24.8562 0000 95.7881 129
24.8959 0000 95.7856 134
24.9356 0000 95.7832 138
24.9757 0000 95.7829 125
25.0170 0000 95.7917 107
25.0646 0000 95.8429 103
25.1060 0000 95.8516 107
25.1473 0000 95.8604 117
25.1877 0000 95.8624 122
25.2281 0000 95.8644 125
25.2684 0000 95.8664 132
25.3085 0000 95.8662 131
25.3485 0000 95.8659 124
25.3889 0000 95.8679 122
25.4329 0000 95.8946 131
25.4767 0000 95.9190 123
25.5171 0000 95.9210 126
25.5585 0000 95.9298 123
25.5995 0000 95.9362 120
25.6396 0000 95.9360 128
25.6793 0000 95.9335 146
25.7186 0000 95.9288 157
25.7580 0000 95.9241 155
